1	Абія виблискуюча	69	0	9	3.0
2	Аврора біла	114	0	14	3.0
3	Аґапантіїні	1	0	1	0.0
4	Аґапантія	0	0	0	0.0
5	Акантоліда жовтоголова	5	0	1	0.0
6	Акантоліда сланцева	1	0	1	0.0
7	Акарапідоз	12	0	2	1.0
8	Акариформні кліщі	16	0	2	1.0
9	Акарициди	92	0	9	3.0
10	Акарологія	44	0	5	1.0
11	Американський білий метелик	42	0	4	1.0
12	Амофіла сарептська	25	0	5	1.0
13	Анадримадуза Ретовського	45	0	6	1.0
14	Анатомія комах	667	1	43	19.5
15	Андрена велика	21	0	5	0.0
16	Андрена золотонога	17	0	2	1.0
17	Андрена ошатна	7	0	2	0.0
18	Андрена степова	10	0	4	0.0
19	Андрена червоноплямиста	5	0	2	0.0
20	Андреніди	14	0	2	1.0
21	Аністиди	3	0	1	0.0
22	Аноплій самарський	44	0	13	1.0
23	Антени (біологія)	130	0	14	3.0
24	Антофора коренаста	10	0	3	0.0
25	Антофора чорновійчаста	6	0	2	0.0
26	Апростема Карпентера	2	0	1	0.0
27	Апростема Пелетьє	0	0	0	0.0
28	Аранеоморфні	10	0	2	0.0
29	Арахнологія	80	0	22	1.0
30	Аргасові кліщі	72	0	12	2.0
31	Арге Беккера	19	0	3	1.0
32	Арге Фрівальдського	1	0	1	0.0
33	Аргіопа тигрова	371	3	25	11.0
34	Аргірестіїди	0	0	0	0.0
35	Артроплевра	24	0	4	1.0
36	Архіметаболія	4	0	1	0.0
37	Архостемати	0	0	0	0.0
38	Асеміни	2	0	2	0.0
39	Асеміні	4	0	2	0.0
40	Аскалаф строкатий	23	0	6	1.0
41	Аскалафові	4	0	1	0.0
42	Афелінус	6	0	1	0.0
43	Африканізована бджола	31	0	3	1.0
44	Бабка перев'язана	118	0	26	2.0
45	Бабки	920	12	56	25.5
46	Багатозв'яз гірський український	35	0	6	1.0
47	Барвниця грушева	22	0	4	1.0
48	Бджола (геральдика)	27	0	3	1.0
49	Бджола (рід)	157	1	14	4.0
50	Бджола велика	21	0	2	1.0
51	Бджола східна	11	0	2	0.0
52	Бджола-муляр Лефебвра	16	0	4	1.0
53	Бджоли	1823	18	124	49.5
54	Бджолині	70	0	7	1.5
55	Бджоловидка	2	0	1	0.0
56	Бджоловидка звичайна	14	0	2	0.0
57	Бджоловидка лісова	3	0	1	0.0
58	Безвусикові	10	0	2	0.0
59	Бей-Бієнко Григорій Якович	30	0	4	1.0
60	Білан брукв'яний	14	0	2	0.0
61	Білан гірський	1	0	1	0.0
62	Білан жилкуватий	22	0	2	1.0
63	Білан капустяний	781	0	84	11.0
64	Білан ріпаковий	5	0	2	0.0
65	Біланові	69	0	9	1.0
66	Білокрилки	21	0	3	1.0
67	Білюх ріпаковий	5	0	1	0.0
68	Білюх степовий	1	0	1	0.0
69	Білюшок гірчичник	4	0	2	0.0
70	Білюшок Дюпоншеля	4	0	3	0.0
71	Білюшок Морзе	2	0	1	0.0
72	Бірміт	10	0	4	0.0
73	Бірроїдні	1	0	1	0.0
74	Бластобазиди	2	0	1	0.0
75	Блискітники	2	0	1	0.0
76	Блідий луговий метелик	1	0	1	0.0
77	Блідонога садова мурашка	10	0	1	0.0
78	Блішка бурякова звичайна	13	0	2	1.0
79	Блішка бурякова південна	8	0	3	0.0
80	Блішка льонова синя	18	0	4	0.0
81	Блішка смугаста хлібна	13	0	2	1.0
82	Блішки лляні	2	0	1	0.0
83	Блохи	1262	24	78	40.0
84	Богомол звичайний	412	4	39	10.5
85	Богомоли	434	3	37	12.0
86	Богомольчик Гельдрейха	9	0	2	0.0
87	Богомольчик кримський	39	0	5	1.0
88	Боліварія короткокрила	12	0	2	0.5
89	Больбелязм однорогий	18	0	3	0.0
90	Борошнистий червець	25	0	4	1.0
91	Борошнисті червеці	28	0	4	1.0
92	Борошняний кліщ	57	0	6	1.0
93	Бражник дубовий	58	0	7	1.0
94	Бражник карликовий	10	0	3	0.0
95	Бражник Комарова	3	0	2	0.0
96	Бражник Маака	2	0	1	0.0
97	Бражник мертва голова	167	0	17	4.0
98	Бражник олеандровий	17	0	3	1.0
99	Бражник очкастий	15	0	3	1.0
100	Бражник південний молочайний	62	0	8	1.0
101	Бражник підмаренниковий	6	0	2	0.0
102	Бражник прозерпіна	44	0	6	1.0
103	Бражник скабіозовий	30	0	5	1.0
104	Бражник тополевий	12	0	5	0.0
105	Бражник тютюновий	8	0	3	0.0
106	Бражник хорватський	11	0	3	0.0
107	Бражникові	138	0	8	4.0
108	Браконіди	8	0	2	0.0
109	Брахіцерус зморшкуватий	5	0	2	0.0
110	Бренівкові	4	0	1	0.0
111	Бронзівка волохата	72	0	7	2.0
112	Бронзівка гладка	19	0	3	1.0
113	Бронзівка мармурова	23	0	6	1.0
114	Бронзівка особлива	20	0	5	0.0
115	Бронзівки	30	0	4	1.0
116	Бронтоскорпіо	17	0	4	1.0
117	Букарка	32	0	5	1.0
118	Бупрестоїдні	2	0	1	0.0
119	Буравниця борщевична	21	0	5	1.0
120	Буряковий довгоносик-стеблоїд	16	0	3	0.0
121	Ванесса чорно-руда	12	0	3	0.0
122	Ведмедиці	12	0	2	0.0
123	Ведмедиця велика	122	0	14	3.0
124	Ведмедиця Геба	5	0	1	0.0
125	Ведмедиця Гера	15	0	2	1.0
126	Ведмедиця кайя	9	0	2	0.0
127	Ведмедиця-господиня	60	0	7	2.0
128	Велетенський мурашиний лев західний	49	0	9	1.0
129	Великий в'язовий заболонник	10	0	3	0.0
130	Великокрильці	6	0	1	0.0
131	Веслокрилі	6	0	2	0.0
132	Веснянка велика	12	0	2	0.5
133	Веснянки (комахи)	51	0	5	1.0
134	Віллі Хенніг	3	0	1	0.0
135	Вільгельм Фердинанд Еріхсон	1	0	1	0.0
136	Віялокрилі	9	0	2	0.0
137	Віялокрилки	26	0	24	0.0
138	Вовчок звичайний	680	2	102	12.0
139	Вогнівка акацієва	3	0	1	0.0
140	Вогнівка інжирна	15	0	2	1.0
141	Вогнівка яблунева	2	0	1	0.0
142	Вогнівки	22	0	3	1.0
143	Вогнівки-трав'янки	2	0	2	0.0
144	Водомірки	399	0	275	3.0
145	Водяні скорпіони	73	0	11	2.0
146	Волохокрилець звичайний	8	0	3	0.0
147	Волохокрильці	135	0	12	4.0
148	Воші	2625	48	122	80.0
149	Всеїдні жуки	17	0	4	0.0
150	Вузьконадкрил	1	0	1	0.0
151	Вузьконадкрил рудий	3	0	1	0.0
152	Вусач дубовий	7	0	3	0.0
153	Вусач дубовий великий західний	34	0	5	1.0
154	Вусач дубовий малий	16	0	3	0.0
155	Вусач земляний Мокржецького	2	0	1	0.0
156	Вусач ліщиновий	15	0	2	1.0
157	Вусач пахучий	0	0	0	0.0
158	Вусач пахучий мускусний	16	0	2	0.0
159	Вусач сірий кленовий	17	0	4	1.0
160	Вусач-великозуб оленерогий	3	0	1	0.0
161	Вусач-коренеїд	4	0	2	0.0
162	Вусач-коренеїд елегантний	6	0	1	0.5
163	Вусач-коренеїд кримський	1	0	1	0.0
164	Вусач-коренеїд хрестоносець	13	0	5	0.0
165	Вусач-пурпуронадкрил Келера	2	0	1	0.0
166	Вусач-стенокор дубовий	0	0	0	0.0
167	Вусач-титан	3	0	3	0.0
168	Вусач-титан велетенський	111	0	17	3.0
169	Вусач-товстун	2	0	1	0.0
170	Вусач-товстун вербовий	6	0	2	0.0
171	Вусачик-акмеопс	0	0	0	0.0
172	Вусачик-акмеопс семикрапковий	4	0	2	0.0
173	Вусачі	184	0	21	5.0
174	Вусачі Українських Карпат	11	0	4	0.0
175	Вуховертка звичайна	121	1	16	3.0
176	Вуховертки	41	0	4	1.0
177	Гал (біологія)	78	0	8	2.0
178	Галеруцини	3	0	1	0.0
179	Галиці	44	0	7	1.0
180	Галиця виноградна	7	0	2	0.0
181	Галиця вічкова	4	0	1	0.0
182	Галиця пагонова смородинова	9	0	3	0.0
183	Галиця плодова грушева	6	0	2	0.5
184	Гармонія азійська	43	0	4	1.0
185	Гарячка паппатачі	73	0	15	2.0
186	Гемолімфа	323	0	30	6.5
187	Гемоціанін	117	0	11	4.0
188	Генрі Стентон	12	0	7	0.0
189	Гігантський азійський шершень	65	0	10	2.0
190	Гілл-топпінг	10	0	1	1.0
191	Гіляров Меркурій Сергійович	19	0	5	0.5
192	Гіперметаморфоз	5	0	2	0.0
193	Гірняк Евриала	1	0	1	0.0
194	Гірняк ефіоп	2	0	1	0.0
195	Гірняк полонинець	4	0	1	0.0
196	Гірняк Проноя	1	0	1	0.0
197	Гірняк темнорудий	4	0	1	0.0
198	Гниди	734	12	45	22.0
199	Гнойовик звичайний	660	0	120	12.0
200	Гнус	151	0	12	4.0
201	Голова комах	53	0	6	1.0
202	Головогруди	23	0	3	1.0
203	Головотрубка	2	0	1	0.0
204	Головчак Актеон	0	0	0	0.0
205	Головчак Андромеда	2	0	1	0.0
206	Головчак великий рожаний	4	0	2	0.0
207	Головчак ґратчастий	5	0	4	0.0
208	Головчак жилкуватий	1	0	1	0.0
209	Головчак карчоховий	2	0	1	0.0
210	Головчак кома	3	0	2	0.0
211	Головчак крокісовий	1	0	1	0.0
212	Головчак кружало	0	0	0	0.0
213	Головчак лісовий	4	0	1	0.0
214	Головчак мальвовий	6	0	2	0.0
215	Головчак мозаїчний	0	0	0	0.0
216	Головчак Морфей	5	0	2	0.0
217	Головчак Палемон	0	0	0	0.0
218	Головчак поцяткований	4	0	2	0.0
219	Головчак Прото	1	0	1	0.0
220	Головчак серпійний	1	0	1	0.0
221	Головчак сида	1	0	1	0.0
222	Головчак строкатий	0	0	0	0.0
223	Головчак східний	0	0	0	0.0
224	Головчак Таґес	4	0	1	0.0
225	Головчак тире	2	0	1	0.0
226	Головчак французький	3	0	2	0.0
227	Головчак чистецевий	1	0	1	0.0
228	Головчак-лісовик	4	0	2	0.0
229	Головчаки	3	0	1	0.0
230	Голометабола	12	0	2	0.0
231	Горіхотворка дубова	21	0	3	0.0
232	Горохова попелиця	18	0	4	0.0
233	Гребенников Віктор Степанович	33	0	6	1.0
234	Грибоподібні тіла	13	0	2	0.0
235	Грилоблатиди	1	0	1	0.0
236	Груди комах	76	0	14	2.0
237	Губоногі	75	0	9	2.0
238	Гусениця	350	1	35	10.0
239	Густав Майр	1	0	1	0.0
240	Ґедзеві	677	8	49	20.0
241	Ґедзь бичачий	76	0	7	2.0
242	Давньокрилі	20	0	3	1.0
243	Данаєць Хрисипп	32	0	3	1.0
244	Данилевський Олександр Сергійович	12	0	2	0.0
245	Двокрилі	287	1	21	8.0
246	Двопарноногі багатоніжки	73	0	32	1.0
247	Двопорі	2	0	1	0.0
248	Дендрометріни	0	0	0	0.0
249	Деревинник дубовий	10	0	2	0.0
250	Деревний богомол закавказький	21	0	7	0.5
251	Дерновинні молі	2	0	1	0.0
252	Джміль	1060	10	65	31.0
253	Джміль альпійський	1	0	1	0.0
254	Джміль вересовищний	5	0	2	0.0
255	Джміль вірменський	20	0	4	1.0
256	Джміль Вурфлена	3	0	1	0.0
257	Джміль Герштеккера	2	0	1	0.0
258	Джміль гірський	4	0	2	0.0
259	Джміль глинистий	58	0	11	1.0
260	Джміль земляний	44	0	4	1.0
261	Джміль золотисто-підперезаний	2	0	1	0.0
262	Джміль кам'яний	10	0	2	0.0
263	Джміль кінський	5	0	2	0.0
264	Джміль лезус	12	0	3	0.0
265	Джміль луговий	9	0	2	0.0
266	Джміль мінливий	1	0	1	0.0
267	Джміль міський	6	0	2	0.0
268	Джміль моховий	94	0	11	2.0
269	Джміль незвичайний	5	0	2	0.0
270	Джміль норовий	7	0	2	0.0
271	Джміль оперезаний	9	0	3	0.0
272	Джміль пахучий	39	0	7	1.0
273	Джміль північний	1	0	1	0.0
274	Джміль підземний	101	0	16	1.0
275	Джміль піренейський	1	0	1	0.0
276	Джміль пластинчастозубий	2	0	1	0.0
277	Джміль польовий	15	0	4	0.0
278	Джміль полярний	4	0	1	0.0
279	Джміль садовий	7	0	1	0.0
280	Джміль Семенова-Тян-Шанського	2	0	1	0.0
281	Джміль угорський	1	0	1	0.0
282	Джміль червонуватий	279	0	36	4.0
283	Джміль яскравий	47	0	8	1.0
284	Джміль-зозуля білозадий	13	0	3	0.0
285	Джміль-зозуля бородатий	1	0	1	0.0
286	Джміль-чесальник	2	0	2	0.0
287	Джон Обадія Вествуд	6	0	2	0.0
288	Джордж Генрі Горн	4	0	2	0.0
289	Дзвінцеві	27	0	5	1.0
290	Дзюрчалки	39	0	5	1.0
291	Дибка степова	74	0	13	2.0
292	Династес	2	0	1	0.0
293	Династес Мая	2	0	2	0.0
294	Династес титис	3	0	3	0.0
295	Дихальце	28	0	5	1.0
296	Діапауза	77	0	6	2.0
297	Діаприїди	2	0	1	0.0
298	Діляри	1	0	1	0.0
299	Довговус	0	0	0	0.0
300	Довговусі	14	0	3	0.0
301	Довговусі прямокрилі	11	0	2	0.0
302	Довговуска білоплямиста	0	0	0	0.0
303	Довгоніжка шкідлива	11	0	3	0.0
304	Довгоносик бульбочковий смугастий	38	0	13	1.0
305	Довгоносик бульбочковий щетинистий	15	0	13	1.0
306	Довгоносик буряковий звичайний	63	0	7	1.0
307	Довгоносик візерунковий	3	0	1	0.0
308	Довгоносик грушевий	12	0	5	1.0
309	Довгоносик двокільовий	6	0	2	0.0
310	Довгоносик землистий	5	0	2	0.0
311	Довгоносик комірний	120	0	9	4.0
312	Довгоносик ліщиновий	17	0	3	1.0
313	Довгоносик малинний	15	0	15	0.0
314	Довгоносик рисовий	17	0	2	1.0
315	Довгоносик сірий бруньковий	8	0	3	0.0
316	Довгоносик сірий буряковий	16	0	3	0.5
317	Довгоносик стебловий	6	0	2	0.0
318	Довгоносики	160	0	15	4.5
319	Довгоносикоподібні	30	0	8	0.0
320	Дозорець-імператор	92	0	15	2.0
321	Домашній чорний павук	183	2	11	5.0
322	Дріофториди	8	0	2	0.5
323	Дрозофіла чорночерева	136	0	12	4.0
324	Дрозофіли	505	2	63	13.5
325	Дукачик блакитнуватий	4	0	1	0.0
326	Дукачик бурий	3	0	1	0.0
327	Дукачик ватрак	4	0	1	0.0
328	Дукачик грянець	12	0	5	0.0
329	Дукачик непарний	6	0	1	0.0
330	Дукачик обочень	4	0	2	0.0
331	Дукачик Терсамон	1	0	1	0.0
332	Дукачик фіялковий	4	0	1	0.0
333	Дядечко Микола Платонович	14	0	4	0.0
334	Евцера вірменська	1	0	1	0.0
335	Евцера далматська	1	0	1	0.0
336	Ейлія іржава	1	0	1	0.0
337	Екдізон	7	0	1	0.0
338	Екологія комах	139	0	19	4.0
339	Елія гостроголова	3	0	1	0.0
340	Ембії	9	0	2	0.0
341	Емпуза	4	0	2	0.0
342	Емпуза піщана	17	0	3	0.0
343	Емпуза смугаста	65	0	7	2.0
344	Емпузові	6	0	2	0.0
345	Ентомологічна зброя	41	0	4	1.0
346	Ентомологічний сачок	11	0	4	0.0
347	Ентомологія	341	3	19	9.0
348	Ентомохорія	5	0	2	0.0
349	Ентоцид (Метаризин)	44	0	5	1.0
350	Еребіди	8	0	3	0.0
351	Ернст Людвиг Ташенберг	3	0	1	0.0
352	Євген Йоганн Крістоф Еспер	1	0	1	0.0
353	Жалібниця	48	0	11	1.0
354	Жало (тварин)	70	0	8	2.0
355	Жан Анрі Фабр	24	0	3	1.0
356	Жан Гійом Авдінет-Сервіль	2	0	1	0.0
357	Жирове тіло	231	1	27	6.5
358	Життєвий цикл комах	702	1	44	20.0
359	Жовтюх	5	0	1	0.0
360	Жовтюх альфакарець	8	0	2	0.0
361	Жовтюх Ерато	32	0	4	1.0
362	Жовтюх осьмак	5	0	1	0.0
363	Жовтюх помаранчик	5	0	1	0.0
364	Жовтюх торфовищний	13	0	3	0.0
365	Жовтюх Хрисотеміда	20	4	16	10.0
366	Жовтюх шапранець	3	0	1	0.0
367	Жужелиця дама	12	0	2	1.0
368	Жужелиця Шеврола	4	0	2	0.0
369	Жук малиновий	25	0	5	1.0
370	Жук музейний	7	0	2	0.0
371	Жук хлібний	36	0	5	1.0
372	Жук-Геркулес	71	0	7	2.0
373	Жук-носоріг європейський	186	1	29	4.5
374	Жук-олень	880	3	71	22.5
375	Жук-самітник	30	0	3	1.0
376	Жуки-бомбардири	63	0	16	1.0
377	Жуки-гнойовики	703	1	123	14.5
378	Жуки-точильники	187	1	15	6.0
379	Жуки-хижаки	52	0	14	1.0
380	Заболонник	7	0	2	0.0
381	Заболонник грабовий	10	0	3	0.0
382	Загуляєв Олексій Костянтинович	20	0	16	0.0
383	Західна бурякова муха	7	0	2	0.0
384	Західний квітковий трипс	20	0	5	1.0
385	Зегрис Евфема	12	0	2	0.0
386	Зелена цитрусова попелиця	2	0	1	0.0
387	Зеленоочка	10	0	3	0.0
388	Земледухи	140	1	11	4.0
389	Зернова міль	28	0	4	1.0
390	Зерноїд бобовий	4	0	1	0.0
391	Зерноїд гороховий	25	0	5	1.0
392	Златка блискуча	11	0	2	0.0
393	Златка бронзова дубова	7	0	1	0.0
394	Златка смородинова вузькотіла	20	0	3	1.0
395	Златка чорна	9	0	3	0.0
396	Златки	27	0	4	1.0
397	Знойко Дмитро Васильович	13	0	2	0.0
398	Золотогуз	32	0	5	1.0
399	Золотоочки	1006	0	154	7.0
400	Зораптери	4	0	1	0.0
401	Зоряниця Аврора	24	0	5	1.0
402	Зубарик стегнуватий	27	0	3	1.0
403	Зубарик чорнолапий	11	0	4	0.0
404	Іксодові кліщі	410	0	24	12.5
405	Імаго	324	3	19	10.0
406	Інсектициди	481	2	28	14.5
407	Ірис плямистий	46	0	6	1.0
408	Історія диптерології	10	0	4	0.0
409	Їздці	105	0	11	3.0
410	Їздці-іхневмоніди	13	0	3	0.0
411	Йоганн Гайнріх Гохгут	21	0	18	0.0
412	Йоганн Зігфрід Гуфнагель	1	0	1	0.0
413	Йоганн Ігнац Шіффермюллер	2	0	1	0.0
414	Йоганн Карл Вільгельм Іллігер	2	0	1	0.0
415	Йоганн Каспар Фюсслі	5	0	1	0.0
416	Йоганн Фрідріх Вільгельм Гербст	6	0	1	0.0
417	Казарка (комаха)	34	0	7	1.0
418	Каламеута жовта	3	0	1	0.0
419	Каліфориди	22	0	3	0.0
420	Каптурники	9	0	4	0.0
421	Карадрина	6	0	2	0.0
422	Каракурт	975	11	57	27.0
423	Карл Пенеке	9	0	2	1.0
424	Касти комах	19	0	4	1.0
425	Катаптерикс кримський	1	0	1	0.0
426	Квіткоїд грушевий	7	0	2	1.0
427	Квіткоїд ріпаковий	6	0	2	0.0
428	Квіткоїд яблуневий	8	0	2	0.0
429	Кененії	18	0	2	1.0
430	Кератофаги	10	0	3	0.0
431	Кержнер Ізяслав Мойсейович	11	0	4	0.5
432	Кириченко Олександр Миколайович	9	0	3	0.0
433	Ківсяки	81	0	8	2.0
434	Кістянки	16	0	3	0.0
435	Клітра	4	0	3	0.0
436	Клітрини	0	0	0	0.0
437	Кліщ собачий	137	0	13	3.0
438	Кліщі	860	7	48	24.0
439	Клоп грушевий	5	0	4	0.0
440	Клоп маврський	8	0	3	0.0
441	Клоп шкідлива черепашка	53	0	4	2.0
442	Клоп щавлевий	5	0	2	0.0
443	Клоп-арлекін	3	0	1	0.0
444	Клопи	809	15	38	24.5
445	Книжковий скорпіон	26	0	5	1.0
446	Кобилка (Прямокрилі)	14	0	2	0.0
447	Кобилка хрестова	9	0	2	0.0
448	Ковалик смугастий	15	0	3	0.0
449	Ковалики	106	0	9	2.0
450	Коконопряди	9	0	2	0.0
451	Коконопрядоподібні	0	0	0	0.0
452	Колемболи	89	0	5	3.0
453	Колорадський жук	682	8	50	18.5
454	Кольпа Клюге	4	0	2	0.0
455	Комар блискучий	3	0	1	0.0
456	Комар звичайний	264	1	29	6.0
457	Комарик черенковий	4	0	2	0.0
458	Комарі	988	9	74	28.5
459	Комарівкові	25	0	19	3.0
460	Комахи	4619	24	317	139.5
461	Комахи в культурі	127	0	13	3.0
462	Комахозапилення	1114	0	158	21.5
463	Коник блакитнокрилий	7	0	2	0.0
464	Коник зелений	716	1	75	15.5
465	Кордулегастер кільчастий	12	0	2	0.0
466	Коренегриз звичайний	6	0	2	0.0
467	Коретра	16	0	3	1.0
468	Корнєєв Валерій Олексійович	77	0	21	2.0
469	Короїд	185	0	20	5.0
470	Короїд зморшкуватий	9	0	1	0.0
471	Короїд непарний багатоїдний	11	0	4	0.0
472	Короїд непарний західний	18	0	3	1.0
473	Короїди	95	0	8	2.0
474	Коромисла	18	0	3	0.0
475	Коромисло (рід)	14	0	2	0.0
476	Коротковусі двокрилі	19	0	7	0.0
477	Коротковусі прямокрилі	16	0	2	0.0
478	Кортодера волохата	0	0	0	0.0
479	Коршунов Юрій Петрович	4	0	1	0.0
480	Косарики (ентомологія)	235	0	36	6.0
481	Косатцеві	27	0	3	1.0
482	Косатці	2	0	1	0.0
483	Косатцюваті	4	0	1	0.0
484	Костянтин Гормузакі	26	0	16	0.5
485	Краброніди	3	0	1	0.0
486	Кравчик-головач	63	0	29	1.0
487	Красновуска Маккара	4	0	1	0.0
488	Красотіл пахучий	60	0	7	2.0
489	Красуня блискуча кримська	14	0	4	1.0
490	Красуня діва	87	0	7	3.0
491	Кривовусі крихітки-молі	4	0	1	0.0
492	Крила комах	350	0	37	9.5
493	Крилаті комахи	69	0	8	2.0
494	Криптохіл червонуватий	0	0	0	0.0
495	Кровососка оленяча	18	0	3	0.5
496	Круглошовні мухи	11	0	5	0.0
497	Круліковський Леонід Костянтинович	1	0	1	0.0
498	Крупноголови	3	0	1	0.0
499	Ксєнжопольський Антон Владиславович	4	0	1	0.0
500	Ксилокопа	9	0	2	0.0
501	Ксилокопа звичайна	65	0	7	2.0
502	Ксилокопа райдужна	5	0	1	0.0
503	Ксилокопа фіолетова	23	0	3	1.0
504	Ктир велетенський	16	0	3	0.0
505	Ктир шершенеподібний	20	0	3	1.0
506	Ктирі	31	0	4	1.0
507	Кубіталія чорна	1	0	1	0.0
508	Кукуїформні	1	0	1	0.0
509	Кукуйоїдні	1	0	1	0.0
510	Кутикула безхребетних	83	1	6	2.0
511	Левкоринія білолоба	1	0	1	0.0
512	Легіт березовий	3	0	1	0.0
513	Легіт дубовий	7	0	2	0.0
514	Лептура	3	0	1	0.0
515	Лептура етіопка	1	0	1	0.0
516	Лептура золотиста	4	0	1	0.0
517	Лептура кривонога	3	0	2	0.0
518	Лептура червоноспинкова	2	0	1	0.0
519	Лептура чотирисмуга	2	0	1	0.0
520	Лептурини	0	0	0	0.0
521	Листоблішка грушева	9	0	3	0.0
522	Листоблішка зонтична	2	0	1	0.0
523	Листоблішка яблунева	10	0	2	0.0
524	Листоблішки	13	0	3	0.0
525	Листоїд в'язовий	8	0	3	0.0
526	Листоїд рудий	0	0	0	0.0
527	Листоїд фіолетовий вільховий	7	0	2	0.0
528	Листоїди	39	0	4	1.0
529	Листокрутка брунькова	5	0	1	0.0
530	Листокрутка вербова кривовуса	2	0	1	0.0
531	Листокрутка виноградна	13	0	5	0.0
532	Листокрутка вишнева	5	0	2	0.0
533	Листокрутка кривовуса ліщинова	0	0	0	0.0
534	Листокрутка кривовуса смородинова	1	0	1	0.0
535	Листокрутка полохлива	5	0	2	0.0
536	Листокрутка різноколірна плодова	2	0	1	0.0
537	Листокрутка розанова	10	0	3	0.0
538	Листокрутка свинцевосмугаста	2	0	1	0.0
539	Листокрутка сітчаста	6	0	2	0.0
540	Листокрутка строкато-золотиста	3	0	1	0.0
541	Листокрутка сунична	3	0	3	0.0
542	Лівшиц Іссахар Зельманович	8	0	4	0.0
543	Ліксус катрановий	2	0	1	0.0
544	Лімнефіліди	4	0	1	0.0
545	Лубоїд пістрявий ясеновий	17	0	3	1.0
546	Лук'янович Федір Костянтинович	14	0	3	0.0
547	Лунка срібляста	6	0	3	0.0
548	Луски	326	0	30	8.0
549	Лускокрилі	1118	9	69	32.0
550	Лускокрилі на поштових марках СРСР	12	0	2	1.0
551	Лусочниця звичайна	157	0	12	4.0
552	Людвіг Гангльбауер	2	0	1	0.0
553	Людовико ді Капоріакко	0	0	0	0.0
554	Лялечка	139	0	9	4.0
555	Ляміїні	1	0	1	0.0
556	Лярра анафемська	8	0	2	0.0
557	М'якотілки	17	0	4	0.0
558	Макрофія тевтонська	0	0	0	0.0
559	Максили	45	0	3	1.0
560	Мальпігієві судини	220	0	24	4.0
561	Малярійні комарі	137	1	10	4.0
562	Мандибули	68	0	9	2.0
563	Мантиспові	6	0	2	0.0
564	Мариковський Павло Іустинович	92	1	6	2.0
565	Маріо Бецці	1	0	1	0.0
566	Матка (бджільництво)	117	0	7	3.5
567	Махаон (комаха)	514	2	40	12.0
568	Мацумура Шенен	1	0	1	0.0
569	Мегалара гаруда	5	0	2	0.0
570	Мегахілиди	8	0	4	0.0
571	Мей Беренбаум	8	0	2	0.0
572	Мереживниця Галатея	11	0	4	0.0
573	Мереживниця російська	4	0	2	0.0
574	Мертвоїди	26	0	7	1.0
575	Метелівкові	9	0	3	0.0
576	Міксофаги	1	0	1	0.0
577	Міль бурякова мінуюча	3	0	1	0.0
578	Міль довговуса зелена	7	0	3	0.0
579	Міль довговуса фіолетова	0	0	0	0.0
580	Міль зонтична	4	0	1	0.0
581	Міль капустяна	16	0	3	0.0
582	Міль листкова	7	0	3	0.0
583	Міль плодова	14	0	2	0.0
584	Міль серпокрила персикова	6	0	1	0.0
585	Міль цибулева	3	0	1	0.0
586	Міль яблунева	16	0	2	1.0
587	Мінери	7	0	3	0.0
588	Мінливець великий	22	0	5	1.0
589	Мінливець малий	7	0	1	0.0
590	Мінливець Метис	3	0	1	0.0
591	Мокреці	33	0	4	1.0
592	Мокржецький Сигізмунд Олександрович	17	0	2	1.0
593	Молі довговусі	2	0	2	0.0
594	Молі-строкатки	2	0	1	0.0
595	Мольорх малий	1	0	1	0.0
596	Монарх (метелик)	307	0	26	7.5
597	Морімус	2	0	1	0.0
598	Морімус блакитний	4	0	1	0.0
599	Морімус справжній	3	0	2	0.0
600	Морфо	71	0	10	1.0
601	Москіт	58	0	6	1.0
602	Москіти	131	0	48	2.0
603	Мотиль	201	1	23	5.0
604	Мурашиний лев звичайний	85	0	7	3.0
605	Мурашині леви	58	0	6	2.0
606	Мурашки	59	0	19	0.0
607	Муха вишнева	15	0	3	0.0
608	Муха гессенська	41	0	7	1.0
609	Муха капустяна весняна	10	0	2	0.0
610	Муха кімнатна	1332	10	99	28.5
611	Муха морквяна	8	0	1	0.0
612	Мухи	565	1	54	16.0
613	Мухи-стрічкокрилки	10	0	4	1.0
614	Мухоловка звичайна	762	3	84	18.5
615	Надкрила	67	0	6	2.0
616	Наличник (біологія)	3	0	1	0.0
617	Настінні павуки-краби	5	0	3	0.0
618	Неместриніди	25	0	24	0.0
619	Непарний шовкопряд	37	0	4	1.0
620	Неуротома фауста	0	0	0	0.0
621	Нівелія кров'янистонадкрила	6	0	2	0.0
622	Німфа (біологія)	120	0	10	3.0
623	Новокрилі	43	0	6	1.0
624	Ноги комах	391	0	46	8.0
625	Ноліди	0	0	0	0.0
626	Носатки	0	0	0	0.0
627	Носачка-листовидка	8	0	3	0.0
628	Носачки	2	0	1	0.0
629	Нотум	6	0	1	0.0
630	Образцов Микола Сергійович	4	0	2	0.0
631	Оводи	361	4	25	10.0
632	Оглоблін Дмитро Олексійович	6	0	2	0.0
633	Оглоблін Олександр Олексійович	24	0	16	0.0
634	Одноденки	130	0	9	4.0
635	Однопорі	1	0	1	0.0
636	Оксамитниця аретуса	3	0	1	0.0
637	Оксамитниця Тарпея	2	0	1	0.0
638	Оксамитниця Ютта	3	0	1	0.0
639	Оліготоміди	2	0	1	0.0
640	Онтофаг	2	0	1	0.0
641	Опариш	176	1	11	5.0
642	Опістосома	5	0	2	0.0
643	Опостегіди	3	0	1	0.0
644	Орусус паразитичний	7	0	2	0.5
645	Орхідейний богомол	18	0	2	1.0
646	Оса	561	2	40	15.0
647	Осадець білозір	3	0	2	0.0
648	Осадець великий	4	0	1	0.0
649	Осадець Егерія	8	0	2	0.0
650	Осадець Мегера	9	0	2	0.0
651	Осмилоїди	0	0	0	0.0
652	Осмія руда	68	0	20	1.0
653	Очняк вовчок	2	0	1	0.0
654	Очняк волове око	15	0	2	1.0
655	Очняк жовтогарячий	3	0	1	0.0
656	Очняк квітковий	7	0	2	0.0
657	Очняк Лікаон	1	0	1	0.0
658	Очняк ферульний	1	0	1	0.0
659	П'явиця синя	8	0	2	0.0
660	П'ядун аґрусовий	18	0	3	0.0
661	П'ядун березовий	31	0	5	1.0
662	П'ядун зимовий	15	0	2	1.0
663	П'ядун обведений	1	0	1	0.0
664	П'ядун щавлевий	3	0	2	0.0
665	П'ядуни	27	0	7	1.0
666	Павук жовтий	151	0	15	4.0
667	Павук-краб	4	0	2	0.0
668	Павук-сріблянка	263	1	22	8.0
669	Павук-хрестовик	996	10	65	27.5
670	Павуки	2178	30	148	64.5
671	Павуки роду Argiope	17	0	9	0.0
672	Павуки-краби	36	0	6	1.0
673	Павуки-тенетники	34	0	7	1.0
674	Павуки-шовкопряди	11	0	3	0.0
675	Павукоподібні	1694	9	105	47.5
676	Павутинні кліщі	34	0	3	1.0
677	Панцирні кліщі	49	0	6	1.0
678	Паперові оси	50	0	5	1.0
679	Паразитоформні кліщі	25	0	3	1.0
680	Пасманець Сапфо	8	0	2	0.0
681	Пасманець струмковий	3	0	1	0.0
682	Пауроподи	21	0	3	0.0
683	Пахіта	3	0	1	0.0
684	Пахіта смугаста	0	0	0	0.0
685	Пахіта чотириплямиста	0	0	0	0.0
686	Пацюкова блоха	48	0	5	1.0
687	Педикульоз	2263	30	137	71.5
688	Пелекоцера широколоба	3	0	1	0.0
689	Первиннобезкрилі комахи	50	0	4	2.0
690	Передньоспинка	5	0	2	0.0
691	Перетинчастокрилі	340	2	22	11.0
692	Періодичні цикади	91	0	6	3.0
693	Перлівець Геката	3	0	1	0.0
694	Перлівець Дафна	3	0	1	0.0
695	Перлівець Евномія	2	0	1	0.0
696	Перлівець Єфросина	4	0	1	0.0
697	Перлівець Іно	2	0	1	0.0
698	Перлівець малий	4	0	1	0.0
699	Перлівець північний	2	0	1	0.0
700	Перлівець Селена	4	0	1	0.0
701	Перлівець Титанія	1	0	1	0.0
702	Петрункевич Олександр Іванович	7	0	2	0.0
703	Печерний коник кавказький	1	0	1	0.0
704	Пилкоротиця південна	1	0	1	0.0
705	Пилкохвіст	0	0	0	0.0
706	Пилкохвіст Болдирева	23	0	3	1.0
707	Пилкохвіст український	19	0	3	1.0
708	Пилові кліщі	293	1	18	9.0
709	Пильщик березовий	5	0	1	0.0
710	Пильщики	35	0	4	1.0
711	Північна бурякова муха	10	0	4	0.0
712	Піґулочники	6	0	2	0.0
713	Підглотковий ганглій	6	0	2	0.0
714	Підсрібник Адиппа	7	0	1	0.0
715	Підсрібник великий	8	0	2	0.0
716	Підсрібник габовий	10	0	5	0.0
717	Підсрібник Лаодіка	3	0	1	0.0
718	Підсрібник Латонія	3	0	1	0.0
719	Підсрібник Ніобея	4	0	1	0.0
720	Підсрібник Пандора	4	0	1	0.0
721	Плавунець облямований	64	0	9	1.0
722	Плавунець широкий	10	0	1	0.5
723	Плавунцеві	107	0	16	2.0
724	Плавунці	5	0	2	0.0
725	Пластинчастовусі	39	0	6	1.0
726	Платтяна воша	380	7	21	11.5
727	Плішивий шершень	18	0	2	1.0
728	Плодожерка яблунева	35	0	4	1.0
729	Плоский червоний кліщ	9	0	2	0.5
730	Плоскотілка червона	8	0	2	0.0
731	Плоскотілки	5	0	1	0.0
732	Плоскоходи	17	0	7	1.0
733	Політ комах	104	0	14	2.5
734	Пономаренко Олександр Георгійович	1	0	1	0.0
735	Попелиці	485	1	31	15.0
736	Попелиця баштанна	29	0	5	1.0
737	Порчинський Йосип Алоїзович	4	0	1	0.0
738	Постільний клоп	677	12	39	20.0
739	Примарові	109	0	12	3.0
740	Прихованохоботник стебловий капустяний	5	0	1	0.0
741	Прихованощелепні	9	0	1	0.0
742	Просте око у безхребетних	16	0	2	1.0
743	Прочанок	1	0	1	0.0
744	Прочанок Арканія	7	0	1	0.0
745	Прочанок болотяний	2	0	1	0.0
746	Прочанок Глікеріон	4	0	2	0.0
747	Прочанок Едип	2	0	1	0.0
748	Прочанок Леандр	1	0	1	0.0
749	Прочанок памфіл	9	0	2	0.0
750	Прус італійський	30	0	5	1.0
751	Прусак	95	0	7	2.5
752	Прусак рудий	262	3	16	8.5
753	Прямокрилі	226	1	19	6.0
754	Псарус черевастий	2	0	2	0.0
755	Псевдоскорпіони	71	0	8	2.0
756	Псевдофаенопс Якобсона	2	0	1	0.0
757	Псевдощитівки	9	0	2	0.0
758	Птахокрилка королеви Олександри	17	0	2	1.0
759	Птеростих	7	0	1	0.0
760	Пухоїди	26	0	3	1.0
761	Ранатра звичайна	17	0	3	1.0
762	Рафідофориди	8	0	3	0.0
763	Редувіїди	51	0	27	2.5
764	Рицинулеї	9	0	2	0.0
765	Рівнокрилі	123	0	11	3.5
766	Рівнокрилі бабки	40	0	6	1.0
767	Різнокрилі	38	0	5	1.0
768	Ріодініди	2	0	1	0.0
769	Рогач малий	21	0	4	1.0
770	Рогачі	33	0	3	1.0
771	Рогохвіст-авгур	3	0	1	0.0
772	Рогохвости	6	0	1	0.0
773	Родендорф Борис Борисович	6	0	6	0.0
774	Ротовий апарат комах	803	3	62	22.5
775	Руднєв Дмитро Федорович	3	0	2	0.0
776	Рябець Аврелія	4	0	1	0.0
777	Рябець Авринія	7	0	3	0.0
778	Рябець арденнський	2	0	1	0.0
779	Рябець Аталія	6	0	2	0.0
780	Рябець Бритомартида	1	0	1	0.0
781	Рябець великий	12	0	2	0.0
782	Рябець діаміна	4	0	1	0.0
783	Рябець звичайний	6	0	2	0.0
784	Рябець рудий	4	0	1	0.0
785	Рябець Феба	5	0	2	0.0
786	Рябець червоний	7	0	2	0.0
787	Сарана	564	3	48	16.0
788	Сарана марокська	21	0	5	1.0
789	Сарана перелітна	171	0	18	4.0
790	Саранові	32	0	9	0.5
791	Саркофагіди	21	0	17	0.0
792	Сатир боровий	4	0	1	0.0
793	Сатир боровий південний	2	0	1	0.0
794	Сатир Брісеїда	1	0	1	0.0
795	Сатир буковий	2	0	1	0.0
796	Сатир Герміона	3	0	1	0.0
797	Сатир Дріада	7	0	2	0.0
798	Сатир Персефона	1	0	1	0.0
799	Сатир Цирцея	6	0	2	0.0
800	Сатурнієві	29	0	6	1.0
801	Сатурнія (метелик)	5	0	2	0.0
802	Сатурнія велика	66	0	7	2.0
803	Світлякові	190	1	15	6.0
804	Сидячечеревні	13	0	2	1.0
805	Сизириди	2	0	1	0.0
806	Симфіли	11	0	2	0.0
807	Синдром руйнування колоній	22	0	5	0.5
808	Синявець Алькон	15	0	6	0.0
809	Синявець Альцет	4	0	1	0.0
810	Синявець Антерос	3	0	1	0.0
811	Синявець Аргирогномон	5	0	2	0.0
812	Синявець Аргіад	3	0	1	0.0
813	Синявець Аргус	7	0	2	0.0
814	Синявець Аріон	11	0	3	0.0
815	Синявець вицвілий	3	0	2	0.0
816	Синявець Вікрама	1	0	1	0.0
817	Синявець голуб'як	1	0	1	0.0
818	Синявець гороховий	13	0	2	1.0
819	Синявець Дамон	3	0	1	0.0
820	Синявець Дамоне	1	0	1	0.0
821	Синявець евмедон	1	0	1	0.0
822	Синявець Ідас	2	0	1	0.0
823	Синявець Ікар	37	0	6	1.0
824	Синявець карликовий	2	0	1	0.0
825	Синявець конюшиновий	12	0	3	0.0
826	Синявець Коридон	7	0	2	0.0
827	Синявець кримський	1	0	1	0.0
828	Синявець крушиновий	4	0	1	0.0
829	Синявець Мелеагр	7	0	2	0.0
830	Синявець Озиріс	1	0	1	0.0
831	Синявець Оріон	2	0	1	0.0
832	Синявець Піритой	5	0	2	0.0
833	Синявець приязний	3	0	1	0.0
834	Синявець Рипарта	3	0	1	0.0
835	Синявець Телей	3	0	1	0.0
836	Синявець темно-синій	4	0	1	0.0
837	Синявець Терсит	3	0	2	0.0
838	Синявець торфовищний	3	0	1	0.0
839	Синявець туркусовий	4	0	2	0.0
840	Синявець хазарський	3	0	2	0.0
841	Синявець чорнуватий	4	0	2	0.0
842	Синявцеві	31	0	4	1.0
843	Сирф перев'язаний	3	0	2	0.0
844	Система Комстока-Нідема	1	0	1	0.0
845	Систематичний перелік родин жуків світу	14	0	3	0.0
846	Сінниця Геро	5	0	2	0.0
847	Сіноїди	34	0	4	1.0
848	Сітчастокрилі	80	0	9	2.5
849	Скарабей	63	0	6	2.0
850	Скарабей священний	665	10	34	20.0
851	Сколія-гігант	37	0	7	1.0
852	Сколопендра	358	4	22	11.5
853	Сколопендра гігантська	75	0	8	2.0
854	Сколопендра кільчаста	29	0	9	1.0
855	Сколопендра товста	5	0	2	0.0
856	Скорпіон кримський	59	0	6	2.0
857	Скорпіони	1127	14	73	32.5
858	Скорпіонові мухи	37	0	10	1.0
859	Слимакоїд кримський	28	0	2	1.0
860	Сліпняк буряковий	5	0	2	0.0
861	Сліпняк люцерновий	8	0	2	0.0
862	Слоник люцерновий	5	0	1	0.0
863	Совинський Вадим Васильович	12	0	7	0.0
864	Совка Агриппіна	44	0	14	0.0
865	Совка капустяна	24	0	4	1.0
866	Совка озима	81	0	13	1.0
867	Совка пірамідальна	6	0	2	0.0
868	Совка соснова	10	0	1	0.0
869	Совка-гамма	22	0	6	0.0
870	Совки	107	0	15	2.5
871	Совки-п'ядуни	4	0	2	0.0
872	Сольпуга звичайна	76	0	9	2.0
873	Сольпуги	279	3	22	7.0
874	Соміти	76	0	7	2.0
875	Сонечка	1689	17	121	47.0
876	Сонечко двокрапкове	91	0	7	3.0
877	Сонечко семикрапкове	347	1	28	9.0
878	Сонцевик адмірал	58	0	5	2.0
879	Сонцевик будяковий	66	0	5	2.0
880	Сонцевик кропив'яний	439	0	52	5.5
881	Сонцевик павиче око	167	0	22	4.5
882	Сонцевик фау-біле	6	0	2	0.0
883	Сонцевики	57	0	8	2.0
884	Сонцевичок змінний	12	0	2	0.0
885	Список аністид України	1	0	1	0.0
886	Список бабок Польщі	8	0	5	0.0
887	Список бабок Росії	4	0	3	0.0
888	Список бабок України	57	0	6	1.0
889	Список богомолів Алжиру	9	0	2	0.0
890	Список богомолів В'єтнаму	2	0	2	0.0
891	Список богомолів Європи	17	0	6	0.0
892	Список богомолів Непалу	5	0	3	0.0
893	Список богомолів Північної Македонії	5	0	5	0.0
894	Список богомолів України	78	0	5	2.0
895	Список богомолів Шрі-Ланки	2	0	2	0.0
896	Список видів бджіл Ізраїлю	6	0	1	0.0
897	Список видів бджіл Швеції	0	0	0	0.0
898	Список видів джмелів України	39	0	5	1.0
899	Список видів мурах Грузії	7	0	2	0.0
900	Список видів мурах Данії	3	0	1	0.0
901	Список видів мурах Польщі	3	0	1	0.0
902	Список видів мурах роду Camponotus	3	0	2	0.0
903	Список видів мурах роду Crematogaster	0	0	0	0.0
904	Список видів мурах Росії	4	0	3	0.0
905	Список видів мурах України	138	0	14	3.5
906	Список видів мурах Швеції	0	0	0	0.0
907	Список видів мурах Шрі-Ланки	2	0	1	0.0
908	Список видів роду джміль	2	0	1	0.0
909	Список видів роду Aedes	0	0	0	0.0
910	Список видів роду Cicindela	0	0	0	0.0
911	Список вимерлих комах	3	0	1	0.0
912	Список вуховерток України	6	0	1	1.0
913	Список двокрилих Польщі	20	0	7	1.0
914	Список денних метеликів Азербайджану	0	0	0	0.0
915	Список денних метеликів Алжиру	0	0	0	0.0
916	Список денних метеликів Вірменії	1	0	1	0.0
917	Список денних метеликів Ірану	0	0	0	0.0
918	Список денних метеликів Намібії	2	0	1	0.0
919	Список денних метеликів Російської Федерації	2	0	2	0.0
920	Список денних метеликів Санкт-Петербурга і Ленінградської області	0	0	0	0.0
921	Список денних метеликів Туреччини	0	0	0	0.0
922	Список денних метеликів України	375	2	28	9.0
923	Список денних метеликів Швеції	4	0	3	0.0
924	Список комах, занесених до Червоної книги України	251	0	23	6.0
925	Список лускокрилих Австрії	1	0	1	0.0
926	Список лускокрилих Албанії	0	0	0	0.0
927	Список лускокрилих Андорри	0	0	0	0.0
928	Список лускокрилих Бельгії	2	0	1	0.0
929	Список лускокрилих Білорусі	0	0	0	0.0
930	Список лускокрилих Болгарії	0	0	0	0.0
931	Список лускокрилих Боснії і Герцеговини	0	0	0	0.0
932	Список лускокрилих Греції	0	0	0	0.0
933	Список лускокрилих Данії	2	0	2	0.0
934	Список лускокрилих Естонії	2	0	1	0.0
935	Список лускокрилих Ірану	5	0	2	0.0
936	Список лускокрилих Кенії	10	0	2	0.5
937	Список лускокрилих Кіпру	0	0	0	0.0
938	Список лускокрилих Латвії	0	0	0	0.0
939	Список лускокрилих Литви	2	0	1	0.0
940	Список лускокрилих Ліхтенштейну	0	0	0	0.0
941	Список лускокрилих Люксембургу	2	0	1	0.0
942	Список лускокрилих Молдови	0	0	0	0.0
943	Список лускокрилих Намібії	4	0	2	0.0
944	Список лускокрилих Норвегії	1	0	1	0.0
945	Список лускокрилих Острова Пасхи	0	0	0	0.0
946	Список лускокрилих Островів Святої Єлени, Вознесіння і Тристан-да-Кунья	1	0	1	0.0
947	Список лускокрилих Північної Македонії	3	0	2	0.0
948	Список лускокрилих Польщі	0	0	0	0.0
949	Список лускокрилих Російської Федерації	8	0	1	0.0
950	Список лускокрилих Румунії	0	0	0	0.0
951	Список лускокрилих Сербії, Чорногорії та Косова	0	0	0	0.0
952	Список лускокрилих Словаччини	0	0	0	0.0
953	Список лускокрилих Танзанії	8	0	3	0.0
954	Список лускокрилих Угорщини	0	0	0	0.0
955	Список лускокрилих України	41	0	7	1.0
956	Список лускокрилих Фінляндії	1	0	1	0.0
957	Список лускокрилих Хорватії	1	0	1	0.0
958	Список лускокрилих Чехії	0	0	0	0.0
959	Список лускокрилих Швеції	2	0	2	0.0
960	Список лускокрилих Шрі-Ланки	6	0	2	0.0
961	Список метеликів родини Coleophoridae Туреччини	3	0	1	0.0
962	Список молей Туреччини	0	0	0	0.0
963	Список павуків Польщі	29	0	9	1.0
964	Список павуків Шрі-Ланки	7	0	1	1.0
965	Список прямокрилих України	25	0	7	1.0
966	Список скорпіонів Шрі-Ланки	5	0	3	0.0
967	Список совок Туреччини	5	0	2	0.0
968	Список тарганів Польщі	8	0	3	0.0
969	Список турунів Білорусі	0	0	0	0.0
970	Список турунів Естонії	1	0	1	0.0
971	Список турунів Молдови	3	0	2	0.0
972	Справжні ківсяки	5	0	1	0.0
973	Справжні клопи	112	1	9	3.0
974	Справжні коники	674	3	59	16.5
975	Справжні оси	20	0	5	1.0
976	Справжні попелиці	77	0	8	2.0
977	Справжні цвіркуни	107	0	8	3.0
978	Стафілін волохатий	10	0	2	0.0
979	Стафілін пахучий	17	0	4	0.0
980	Стебельчасточеревні	13	0	1	1.0
981	Стенурелла	11	0	7	0.0
982	Стерніт	43	0	7	1.0
983	Странгалія	3	0	2	0.0
984	Странґаліна вузькотіла	1	0	1	0.0
985	Стрибуни	5	0	2	0.0
986	Стрілка (бабка)	9	0	3	0.0
987	Стрілка Ліндена	10	0	3	0.0
988	Стрілка Меркурія	5	0	1	0.0
989	Стрілки (родина)	15	0	3	0.0
990	Стрільчатка псі	2	0	1	0.0
991	Стрільчатка тризубець	2	0	1	0.0
992	Стрільчатка щавлева	3	0	1	0.0
993	Стрічкарка диз'юнктивна	1	0	1	0.0
994	Стрічкарка Камілла	2	0	1	0.0
995	Стрічкарка орденська малинова	10	0	1	1.0
996	Стрічкарка тополева	16	0	2	1.0
997	Стрічкарка червоно-жовта	0	0	0	0.0
998	Стрічкарки	5	0	2	0.0
999	Строкатки (метелики)	26	0	3	1.0
1000	Строкатокрилки	13	0	3	0.0
1001	Тагма	6	0	2	0.0
1002	Тарантул	666	3	54	19.0
1003	Тарантул південноруський	366	4	20	10.0
1004	Тарган чорний	154	0	12	4.5
1005	Таргани	1002	10	51	31.0
1006	Тарганові перегони	6	0	2	0.0
1007	Тарганоподібні	18	0	4	1.0
1008	Твердокрилі	652	4	46	20.5
1009	Теленга Микола Абрамович	13	0	3	0.0
1010	Тельсон	16	0	2	1.0
1011	Тенебріоноїдні	3	0	1	0.0
1012	Теодор Генрі Фрісон	1	0	1	0.0
1013	Тер-Мінасян Маргарита Єрвандівна	4	0	3	0.0
1014	Тергіт	28	0	4	1.0
1015	Терміти	496	3	42	13.5
1016	Тетригіди	0	0	0	0.0
1017	Товкунчикові	19	0	19	0.0
1018	Томарес Каллімах	1	0	1	0.0
1019	Томас Волластон	2	0	1	0.0
1020	Тонкі ківсяки	3	0	1	0.0
1021	Тонкопряди	4	0	2	0.0
1022	Тонкочеревець Фонсколомба	2	0	1	0.0
1023	Торакс (зоологія)	38	0	4	1.0
1024	Трахеї	392	0	48	8.0
1025	Трахейнодишні	32	0	5	1.0
1026	Триктенотоміди	2	0	1	0.0
1027	Трипси	198	0	74	2.0
1028	Тріскачка ширококрила	5	0	2	0.0
1029	Тромбідіформні кліщі	6	0	1	0.0
1030	Трубкокрут дубовий	14	0	6	1.0
1031	Трубкокрути	8	0	2	0.0
1032	Трубконосики	3	0	1	0.0
1033	Трутень	457	4	31	14.0
1034	Турун	75	0	8	2.0
1035	Турун бесарабський	3	0	1	0.0
1036	Турун Менетріє	11	0	3	0.0
1037	Турун печерний Дублянського	1	0	1	0.0
1038	Турун угорський	5	0	2	0.0
1039	Турун Фабра	4	0	1	0.0
1040	Турун Фабра український	37	0	4	1.5
1041	Турун хлібний	25	0	5	1.0
1042	Турун Щеглова	2	0	1	0.0
1043	Туруни	182	1	20	4.0
1044	Туруноїдні	11	0	3	0.0
1045	Уваров Борис Петрович	3	0	1	0.0
1046	Фасеткове око	138	0	13	4.0
1047	Філоксера виноградна	90	0	7	3.0
1048	Фредерік Мур	0	0	0	0.0
1049	Френсіс Песко	3	0	1	0.0
1050	Хвостюшки	9	0	5	0.0
1051	Хвостюшок акацієвий	2	0	1	0.0
1052	Хвостюшок в'язовий	2	0	1	0.0
1053	Хвостюшок падубник	2	0	1	0.0
1054	Хвостюшок підзелень	4	0	1	0.0
1055	Хвостюшок сливовий	1	0	1	0.0
1056	Хвостюшок терновий	3	0	1	0.0
1057	Хижі жуки	67	0	12	1.0
1058	Хітин	705	11	36	22.0
1059	Хоботкові метелики	14	0	3	0.0
1060	Хореутиди	0	0	0	0.0
1061	Хребтоплав звичайний	21	0	3	1.0
1062	Хризоліна	2	0	1	0.0
1063	Хризомеліни	1	0	1	0.0
1064	Хрущ	212	0	17	6.5
1065	Хрущ волохатий	12	0	2	0.5
1066	Хрущ мармуровий	23	0	3	1.0
1067	Хрущ травневий	617	1	49	18.0
1068	Хрущак борошняний	68	0	9	2.0
1069	Хрущі	46	0	7	1.0
1070	Царічкова Діана Борисівна	6	0	2	0.0
1071	Цвіркун польовий	139	0	11	4.0
1072	Цвіркуни	128	1	11	3.0
1073	Целонітес абревіатус кримський	0	0	0	0.0
1074	Церамбікоїдні	4	0	2	0.0
1075	Цератофій багаторогий	5	0	1	0.0
1076	Цеце	451	4	28	14.0
1077	Цикади	328	2	19	10.0
1078	Цикадки	20	0	2	1.0
1079	Чарльз Ротшильд	4	0	2	0.0
1080	Чекініола пластисцелідина	13	0	3	1.0
1081	Червеці	32	0	4	1.0
1082	Червець	172	1	12	6.0
1083	Червиця пахуча	13	0	2	1.0
1084	Червневий хрущ	21	0	4	1.0
1085	Червоноклоп червоний	237	1	13	7.5
1086	Червонолоб	0	0	0	0.0
1087	Червчик Комстока	2	0	1	0.0
1088	Черевце	39	0	5	1.0
1089	Черевце комах	76	0	11	2.0
1090	Чорнотілки	60	0	5	2.0
1091	Чохликові молі	4	0	2	0.0
1092	Чубатка пишновуса	2	0	2	0.0
1093	Шапіро Дора Самійлівна	4	0	3	0.0
1094	Шведські мухи	20	0	3	1.0
1095	Шелюжко Лев Андрійович	21	0	3	1.0
1096	Шершень	319	2	26	10.0
1097	Шершень звичайний	82	0	9	2.0
1098	Шершень східний	12	0	2	0.0
1099	Шизоміди	12	0	2	0.5
1100	Шкіроїди	59	0	5	2.0
1101	Шовкопряд шовковичний	206	1	16	6.0
1102	Шовкопряди	17	0	2	1.0
1103	Шовкопряди похідні	6	0	2	0.0
1104	Щербатка c-біле	9	0	2	0.0
1105	Щетинкохвості	22	0	3	1.0
1106	Щитівки	29	0	4	1.0
1107	Щитники	20	0	3	1.0
1108	Щупальця	44	0	8	1.0
1109	Явище флюоресценції у скорпіонів	10	0	2	1.0
1110	Яйцеклад	48	0	7	1.0
1111	Aaaba	11	0	2	0.5
1112	Aaata finchi	4	0	1	0.0
1113	Abax	8	0	2	0.0
1114	Abiromorphus anceyi	2	0	1	0.0
1115	Ableptina	7	0	2	0.0
1116	Acalyptratae	4	0	1	0.0
1117	Acanthaeschna victoria	4	0	1	0.0
1118	Acantholycosa	20	0	12	0.5
1119	Acanthopsychops triaina	4	0	1	0.5
1120	Acanthopteroctetidae	7	0	1	0.5
1121	Aconurella	2	0	1	0.0
1122	Acorius	2	0	1	0.0
1123	Acostemminae	3	0	1	0.0
1124	Acraea horta	6	0	2	0.0
1125	Acromyrmex	6	0	3	0.0
1126	Acronicta	2	0	1	0.0
1127	Actenicerus	3	0	1	0.0
1128	Actenicerus alternatus	5	0	1	0.5
1129	Adela croesella	3	0	1	0.0
1130	Adela cuprella	3	0	1	0.0
1131	Adelomyrmex	3	0	1	0.0
1132	Adelowalkeria	3	0	1	0.0
1133	Adelpholeon lithophorus	3	0	1	0.0
1134	Adosomus	3	0	2	0.0
1135	Adosomus roridus	2	0	1	0.0
1136	Adrapsa	2	0	1	0.0
1137	Adrapsoides	2	0	1	0.0
1138	Aedes	39	0	4	1.0
1139	Aedes aegypti	28	0	5	0.0
1140	Aedes albopictus	21	0	7	0.0
1141	Aedes dorsalis	2	0	1	0.0
1142	Aedes nigromaculis	1	0	1	0.0
1143	Aenictus	1	0	1	0.0
1144	Aethiocarenus burmanicus	3	0	2	0.0
1145	Afghanocleonus	1	0	1	0.0
1146	Afrolarinus	2	0	1	0.0
1147	Agabinae	4	0	1	0.0
1148	Agapanthia amicula	1	0	1	0.0
1149	Agapanthia angelicae	2	0	1	0.0
1150	Agapanthia annularis	2	0	1	0.0
1151	Agapanthia asphodeli	2	0	1	0.0
1152	Agapanthia detrita	1	0	1	0.0
1153	Agapanthia pesarinii	1	0	1	0.0
1154	Agelenidae	82	0	31	1.0
1155	Agelenoidea	6	0	1	0.0
1156	Ageleradix	4	0	1	0.0
1157	Ageleradix cymbiforma	4	0	1	0.0
1158	Ageleradix otiforma	3	0	1	0.0
1159	Agonum	3	0	1	0.0
1160	Agonum dolens	2	0	1	0.0
1161	Agonum ericeti	4	0	1	0.0
1162	Agonum gracilipes	6	0	2	0.0
1163	Agonum lugens	3	0	1	0.0
1164	Agonum sexpunctatum	3	0	1	0.0
1165	Agonum versutum	2	0	1	0.0
1166	Agraeciini	4	0	1	0.0
1167	Agraulis vanillae	1	0	1	0.0
1168	Agrilus	4	0	1	0.0
1169	Aguriahana	1	0	1	0.0
1170	Albicostella	1	0	1	0.0
1171	Alcidion	3	0	1	0.0
1172	Alebra	2	0	1	0.0
1173	Alelimma	1	0	1	0.0
1174	Aleocharinae	3	0	1	0.0
1175	Allantinae	3	0	1	0.0
1176	Allolarinus	2	0	1	0.0
1177	Alobaldia	1	0	1	0.0
1178	Alpigenobombus	2	0	1	0.0
1179	Alucita bulgaria	2	0	1	0.0
1180	Alucita desmodactyla	2	0	1	0.0
1181	Alucita karadagica	5	0	3	0.0
1182	Alucita pliginskii	4	0	2	1.0
1183	Alysiinae	3	0	1	0.0
1184	Amarixys	5	0	2	0.0
1185	Amarixys gracilis	3	0	1	0.0
1186	Ameles	12	0	3	1.0
1187	Ameles assoi	18	0	13	2.5
1188	Ameles decolor	6	0	2	0.0
1189	Ameles fasciipennis	12	0	4	0.5
1190	Ameles gracilis	16	0	15	0.0
1191	Ameles limbata	21	0	13	1.0
1192	Ameles spallanzania	5	0	2	0.5
1193	Amelinae	5	0	1	0.0
1194	Amelini	13	0	3	0.0
1195	Amimenus	1	0	1	0.0
1196	Ammocleonus	1	0	1	0.0
1197	Amselina cedestiella	1	0	1	0.0
1198	Analgoidea	5	0	3	0.0
1199	Anaplectoides	3	0	1	0.0
1200	Anapoma	2	0	1	0.0
1201	Anareolatae	4	0	1	0.5
1202	Aneuretus simoni	2	0	1	0.0
1203	Anomala binotata	2	0	1	0.0
1204	Anomaloninae	4	0	1	0.0
1205	Anopheles	82	0	7	2.0
1206	Anopheles (підрід)	6	0	5	0.0
1207	Anopheles freeborni	4	0	1	0.0
1208	Anopheles minor	7	0	5	0.0
1209	Anoplognathini	2	0	1	0.0
1210	Anoplura	104	0	7	3.0
1211	Anthobiodes	2	0	1	0.0
1212	Anthophila abhasica	2	0	1	0.0
1213	Anthrenus	4	0	1	0.0
1214	Apamea	4	0	1	0.0
1215	Apamea barbara	2	0	1	0.0
1216	Apamea glenura	2	0	1	0.0
1217	Apameini	4	0	1	0.0
1218	Aparotopus	3	0	1	0.0
1219	Aphelinidae	6	0	2	0.0
1220	Aphidiinae	4	0	1	0.0
1221	Aphidoletes	2	0	1	0.0
1222	Aphis	6	0	1	0.0
1223	Aphis baccharicola	1	0	1	0.0
1224	Aphthartopsychops scutatus	2	0	1	0.0
1225	Aphthona herbigrada	2	0	1	0.0
1226	Aphthona melancholica	1	0	1	0.0
1227	Aplesilus	1	0	1	0.0
1228	Apleurus	1	0	1	0.0
1229	Apoditrysia	4	0	1	0.0
1230	Apoidea	17	0	2	0.0
1231	Aprosthema	3	0	1	0.0
1232	Aptenoperissus	2	0	1	0.0
1233	Aptenoperissus etius	2	0	1	0.0
1234	Aptenoperissus magnifemoris	3	0	1	0.0
1235	Aptenoperissus pusillus	2	0	1	0.0
1236	Apteromantis	23	0	10	1.0
1237	Apteromantis aptera	7	0	2	0.0
1238	Apteropeda	2	0	1	0.0
1239	Araneoidea	4	0	1	0.0
1240	Arbelana	1	0	1	0.0
1241	Arboridia	2	0	1	0.0
1242	Archaeocercus schuvachinae	2	0	1	0.0
1243	Archaeolepis mane	4	0	1	0.0
1244	Archiearinae	2	0	1	0.0
1245	Archiinocellia oligoneura	2	0	1	0.0
1246	Architendipedidae	7	0	3	0.0
1247	Archizelmiridae	7	0	2	0.0
1248	Archocyrtus	5	0	1	0.0
1249	Archocyrtus kovalevi	2	0	1	0.5
1250	Arctiinae	4	0	1	0.5
1251	Arctoperlaria	3	0	1	0.0
1252	Arge pallidinervis	2	0	1	0.0
1253	Argema	5	0	2	0.0
1254	Argema mittrei	19	0	7	0.0
1255	Argiope	50	0	7	1.0
1256	Argiope aemula	6	0	2	0.0
1257	Argiope aetheroides	1	0	1	0.0
1258	Argiope amoena	5	0	2	0.0
1259	Argiope anasuja	3	0	2	0.0
1260	Argiope argentata	2	0	1	0.0
1261	Argiope aurantia	18	0	2	1.0
1262	Argiope boesenbergi	4	0	2	0.0
1263	Argiope catenulata	9	0	2	0.5
1264	Argiope chloreis	3	0	2	0.0
1265	Argiope dang	1	0	1	0.0
1266	Argiope doleschalli	1	0	1	0.0
1267	Argiope hoiseni	1	0	1	0.0
1268	Argiope lobata	92	0	7	3.0
1269	Argiope mangal	1	0	1	0.0
1270	Argiope minuta	3	0	1	0.0
1271	Argiope modesta	2	0	1	0.0
1272	Argiope ocula	2	0	1	0.0
1273	Argiope perforata	5	0	1	0.0
1274	Argiope picta	1	0	1	0.0
1275	Argiope pulchella	5	0	1	0.0
1276	Argiope reinwardti	2	0	1	0.0
1277	Argiope trifasciata	4	0	1	0.0
1278	Argynnini	8	0	4	0.0
1279	Argyresthia albistria	2	0	1	0.0
1280	Argyresthia bergiella	2	0	1	0.0
1281	Argyresthia bonnetella	3	0	1	0.0
1282	Argyresthia conjugella	2	0	1	0.0
1283	Argyresthia fundella	18	0	14	0.0
1284	Argyresthia glabratella	2	0	1	0.0
1285	Argyresthia goedartella	2	0	1	0.0
1286	Argyresthia illuminatella	2	0	1	0.0
1287	Argyresthia ivella	3	0	1	0.0
1288	Argyresthia laevigatella	2	0	1	0.0
1289	Argyresthia praecocella	2	0	1	0.0
1290	Argyresthia pruniella	2	0	1	0.0
1291	Argyresthia pygmaeella	2	0	1	0.0
1292	Argyresthia retinella	2	0	1	0.0
1293	Argyresthia semifusca	2	0	1	0.0
1294	Argyresthia sorbiella	2	0	1	0.0
1295	Argyrotaenia brimuncus	3	0	1	0.0
1296	Aricia artaxerxes	4	0	1	0.0
1297	Arractocetus	2	0	1	0.0
1298	Aruena apicimaculata	1	0	1	0.0
1299	Ascalenia viviparella	16	0	15	0.0
1300	Ascouracaridae	3	0	1	1.0
1301	Asiarge	3	0	1	0.0
1302	Asiarge centralis	2	0	1	0.0
1303	Asiarge regeli	3	0	1	0.0
1304	Asinocleonus	1	0	1	0.0
1305	Asiochaoboridae	4	0	2	0.0
1306	Asphondylia	18	0	17	0.0
1307	Aspidiotinae	3	0	1	0.5
1308	Asproparthenis	1	0	1	0.0
1309	Atactogaster	1	0	1	0.0
1310	Atherigoninae	2	0	1	0.0
1311	Athysanella	0	0	0	0.0
1312	Athysanopsis	0	0	0	0.0
1313	Athysanus	0	0	0	0.0
1314	Atolmis rubricollis	2	0	1	0.0
1315	Atrax sutherlandi	10	0	2	1.0
1316	Atta	9	0	4	0.0
1317	Atta cephalotes	2	0	1	0.0
1318	Atta colombica	2	0	1	0.0
1319	Atta texana	2	0	1	0.0
1320	Atta vollenweideri	2	0	1	0.0
1321	Attacus atlas	39	0	4	1.0
1322	Attercopus fimbriunguis	3	0	1	0.0
1323	Austroasca	0	0	0	0.0
1324	Austroplatypus incompertus	7	0	6	0.0
1325	Autostichidae	2	0	1	0.0
1326	Azteca alfari	0	0	0	0.0
1327	Aztecarpalus	1	0	1	0.0
1328	Balclutha	1	0	1	0.0
1329	Balinskycercella	3	0	1	0.0
1330	Bambusana	0	0	0	0.0
1331	Bangasternus	0	0	0	0.0
1332	Baranowskiella ehnstromi	1	0	1	0.0
1333	Barbitistes constrictus	8	0	2	0.0
1334	Barbitistini	3	0	1	0.0
1335	Bathyphlebia	2	0	1	0.0
1336	Batrachedra pinicolella	2	0	1	0.0
1337	Batrachedra praeangusta	1	0	1	0.0
1338	Batrachedridae	1	0	1	0.0
1339	Batrisini	0	0	0	0.0
1340	Belgica antarctica	43	0	25	1.0
1341	Bellinympha	0	0	0	0.0
1342	Besuchetiella	0	0	0	0.0
1343	Blaberidae	15	0	4	0.0
1344	Blastobasis phycidella	0	0	0	0.0
1345	Blastobasis ponticella	0	0	0	0.0
1346	Blattellidae	12	0	3	0.0
1347	Blattuloidea	0	0	0	0.0
1348	Blepharodinae	3	0	1	0.0
1349	Blepharopsis mendica	5	0	1	0.0
1350	Bobacella	0	0	0	0.0
1351	Bocana	0	0	0	0.0
1352	Bodemeyeria	0	0	0	0.0
1353	Boganiidae	1	0	1	0.0
1354	Boletobiinae	2	0	1	0.0
1355	Bolivaria	1	0	1	0.0
1356	Bombus melanopygus	2	0	1	0.0
1357	Bombus sylvarum	4	0	2	0.0
1358	Bombus transversalis	2	0	1	0.0
1359	Bombus tricornis	3	0	1	0.0
1360	Bombus trinominatus	1	0	1	0.0
1361	Bombus unicus	1	0	1	0.0
1362	Bothriurus olaen	0	0	0	0.0
1363	Bothrogonia	1	0	1	0.0
1364	Bothynoderes	1	0	1	0.0
1365	Brachodes pumila	0	0	0	0.0
1366	Brachyceridae	5	0	3	0.0
1367	Brachycerinae	0	0	0	0.0
1368	Brachycerini	1	0	1	0.0
1369	Brachycerus	2	0	1	0.0
1370	Brachycleonus	0	0	0	0.0
1371	Brachysternus	1	0	1	0.0
1372	Brachysternus angustus	1	0	1	0.0
1373	Brachysternus germaini	2	0	2	0.0
1374	Brachysternus marginatus	2	0	1	0.0
1375	Brachysternus patagoniensis	1	0	1	0.0
1376	Brachysternus prasinus	1	0	1	0.0
1377	Brachysternus solier	1	0	1	0.0
1378	Brachysternus spectabilis	1	0	1	0.0
1379	Bracon hebetor	3	0	1	0.0
1380	Broconius	1	0	1	0.0
1381	Bryodemella	1	0	1	0.0
1382	Bubas bubalus	0	0	0	0.0
1383	Bubopsis agrionoides	2	0	1	0.0
1384	Buccinatormyia	7	0	2	0.0
1385	Bucculatrix albedinella	1	0	1	0.0
1386	Bucculatrix anthemidella	1	0	1	0.0
1387	Bucculatrix artemisiella	0	0	0	0.0
1388	Bucculatrix bechsteinella	1	0	1	0.0
1389	Bucculatrix frangutella	3	0	1	0.0
1390	Bucculatrix gnaphaliella	0	0	0	0.0
1391	Bucculatrix infans	0	0	0	0.0
1392	Bucculatrix maritima	0	0	0	0.0
1393	Bucculatrix nigricomella	1	0	1	0.0
1394	Bucculatrix noltei	3	0	2	0.0
1395	Bucculatrix paliuricola	0	0	0	0.0
1396	Bucculatrix thoracella	0	0	0	0.0
1397	Bucculatrix ulmella	1	0	1	0.0
1398	Bucculatrix ulmicola	16	0	12	1.0
1399	Bucculatrix ulmifoliae	2	0	2	0.0
1400	Bulbitermes	1	0	1	0.0
1401	Buprestinae	2	0	1	0.0
1402	Buprestis	4	0	2	0.0
1403	Buratina truncata	1	0	1	0.0
1404	Burmanopetalum inexpectatum	0	0	0	0.0
1405	Burmocorynus jarzembowski	0	0	0	0.0
1406	Burmogramma liui	1	0	1	0.0
1407	Burmomacer kirejtshuki	0	0	0	0.0
1408	Burmopsychops	1	0	1	0.0
1409	Cacopsylla	4	0	2	0.0
1410	Cacopsylla costalis	2	0	1	0.0
1411	Cacopsylla crataegi	1	0	1	0.0
1412	Cacopsylla cretica	1	0	1	0.0
1413	Cacopsylla curta	1	0	1	0.0
1414	Cacopsylla difficilis	1	0	1	0.0
1415	Cacopsylla dilonchi	1	0	1	0.0
1416	Cacopsylla elegantula	2	0	1	0.0
1417	Cacopsylla exima	1	0	1	0.0
1418	Calamoceratidae	5	0	2	0.0
1419	Caligula	5	0	1	0.0
1420	Callistolixus	1	0	1	0.0
1421	Calodemas	0	0	0	0.0
1422	Calopterygoidea	3	0	1	0.0
1423	Calyptratae	3	0	1	0.0
1424	Camponotus	18	0	3	0.0
1425	Camponotus rufoglaucus	1	0	1	0.0
1426	Camponotus vagus	22	0	3	1.0
1427	Camptopterohelea odora	0	0	0	0.0
1428	Carabinae	4	0	1	0.0
1429	Carparachne	14	0	14	0.0
1430	Carparachne aureoflava	14	0	13	0.0
1431	Catocalini	2	0	1	0.0
1432	Cauchas fibulella	0	0	0	0.0
1433	Cecidomyiinae	4	0	3	0.0
1434	Centrocleonus	3	0	1	0.0
1435	Cerambyx welensii	1	0	1	0.0
1436	Ceratocampinae	2	0	1	0.0
1437	Chalcophora mariana	8	0	3	0.0
1438	Charaxes candiope	1	0	1	0.0
1439	Chauliognathus pensylvanicus	1	0	1	0.0
1440	Cheiracanthium inclusum	12	0	6	0.0
1441	Chilocorus bipustulatus	1	0	1	0.0
1442	Chilognatha	2	0	1	0.0
1443	Chimerarachne yingi	3	0	1	0.0
1444	Chironomoidea	2	0	1	0.0
1445	Chlidanotinae	3	0	1	0.0
1446	Chorthippus dorsatus	3	0	2	0.0
1447	Chromonotus	0	0	0	0.0
1448	Chromosomus	0	0	0	0.0
1449	Chrysididae	10	0	2	0.0
1450	Chrysidoidea	2	0	1	0.0
1451	Chrysis comparata	1	0	1	0.0
1452	Chrysis fulgida	2	0	1	0.0
1453	Chrysis pulchella	1	0	1	0.0
1454	Chrysis zetterstedti	1	0	1	0.0
1455	Chrysolina (підрід)	0	0	0	0.0
1456	Chrysops	4	0	1	0.0
1457	Chthonioidea	1	0	1	0.0
1458	Cicadula	0	0	0	0.0
1459	Cicindela	5	0	1	0.0
1460	Cicindela hybrida	3	0	1	0.0
1461	Cicindelina	1	0	1	0.0
1462	Cicindelinae	9	0	3	0.0
1463	Cicindelini	1	0	1	0.0
1464	Cimicoidea	1	0	1	0.0
1465	Cimicomorpha	5	0	2	0.0
1466	Citheronia	1	0	1	0.0
1467	Citioica	2	0	1	0.0
1468	Cladofer huangi	1	0	1	0.0
1469	Cleonini	2	0	1	0.0
1470	Cleonis	1	0	1	0.0
1471	Cleonolithus	6	0	1	0.5
1472	Cleridae	8	0	2	0.0
1473	Clistopyga crassicaudata	0	0	0	0.0
1474	Clitumninae	1	0	1	0.0
1475	Clytra appendicina	1	0	1	0.0
1476	Clytra atraphaxidis	1	0	1	0.0
1477	Cnemodontus	0	0	0	0.0
1478	Coccidulinae	4	0	2	0.0
1479	Coccinellinae	3	0	1	0.0
1480	Coccophagus	2	0	1	0.0
1481	Coccophagus lycimnia	2	0	1	0.0
1482	Coccophagus maculipennis	2	0	1	0.0
1483	Coccophagus malthusi	1	0	1	0.0
1484	Coccophagus margaritatus	1	0	1	0.0
1485	Coelidiinae	2	0	1	0.0
1486	Coenagrionoidea	4	0	2	0.0
1487	Coleophora adjunctella	1	0	1	0.0
1488	Coleophora adspersella	0	0	0	0.0
1489	Coleophora albicans	0	0	0	0.0
1490	Coleophora alcyonipennella	0	0	0	0.0
1491	Coleophora alticolella	1	0	1	0.0
1492	Coleophora argentula	1	0	1	0.0
1493	Coleophora armeniae	0	0	0	0.0
1494	Coleophora atriplicis	0	0	0	0.0
1495	Coleophora bagorella	0	0	0	0.0
1496	Coleophora berdjanski	4	0	1	0.0
1497	Coleophora binotapennella	1	0	1	0.0
1498	Coleophora cracella	1	0	1	0.0
1499	Coleophora granulatella	1	0	1	0.0
1500	Coleophora halophilella	0	0	0	0.0
1501	Coleophora nomgona	0	0	0	0.0
1502	Coleophora occatella	0	0	0	0.0
1503	Coleophora parenthella	0	0	0	0.0
1504	Coleophora potentillae	1	0	1	0.0
1505	Coleophora pseudociconiella	12	0	10	1.0
1506	Coleophora pseudodianthi	13	0	12	1.0
1507	Coleophora salicorniae	15	0	15	0.0
1508	Coleophora salinella	18	0	14	0.0
1509	Coleophora saxicolella	2	0	1	0.0
1510	Coleophora squalorella	12	0	10	0.0
1511	Colladonus	1	0	1	0.0
1512	Compsolixus	2	0	1	0.0
1513	Coniocleonus	1	0	1	0.0
1514	Conocephalinae	6	0	2	0.0
1515	Conorhynchus	0	0	0	0.0
1516	Coptera anka	2	0	1	0.0
1517	Coreana raphaelis	2	0	1	0.0
1518	Coreoidea	9	0	7	0.0
1519	Cornupalpatum burmanicum	1	0	1	0.0
1520	Cosmogaster	0	0	0	0.0
1521	Cosmophasis bitaeniata	1	0	1	0.0
1522	Cotesia glomerata	5	0	4	0.0
1523	Coulinus	0	0	0	0.0
1524	Cratomyia	18	0	16	0.0
1525	Creatonotos gangis	128	0	12	3.5
1526	Crematogaster	5	0	1	0.0
1527	Crematogaster schmidti	2	0	1	0.0
1528	Creobroter	1	0	1	0.0
1529	Creoleon lugdunensis	2	0	1	0.0
1530	Cretanallachius magnificus	0	0	0	0.0
1531	Cretogramma engeli	1	0	1	0.0
1532	Cretoparacucujus cycadophilus	0	0	0	0.0
1533	Cryphopus	0	0	0	0.0
1534	Ctenurella	0	0	0	0.0
1535	Cuculliinae	3	0	1	0.0
1536	Culex quinquefasciatus	31	0	25	0.5
1537	Culicomorpha	6	0	2	0.0
1538	Cupiennius	3	0	1	0.0
1539	Cupiennius salei	6	0	2	0.0
1540	Curculioididae	3	0	1	0.0
1541	Curculioninae	1	0	1	0.0
1542	Curculionites	7	0	1	0.0
1543	Cybister lateralimarginalis	1	0	1	0.0
1544	Cylindera	4	0	1	0.0
1545	Cylindera germanica	2	0	1	0.0
1546	Cylindera glabra	1	0	1	0.0
1547	Cymothoe sangaris	2	0	1	0.0
1548	Cynthia	2	0	1	0.0
1549	Cyphocleonus	0	0	0	0.0
1550	Danainae	7	0	2	0.0
1551	Daphnusa	1	0	1	0.0
1552	Daphnusa ailanti	1	0	1	0.0
1553	Daphnusa sinocontinentalis	2	0	1	0.0
1554	Darwinylus marcosi	3	0	2	0.0
1555	Dasineura	3	0	1	0.0
1556	Dasystoma salicella	0	0	0	0.0
1557	Deinocroton draculi	0	0	0	0.0
1558	Deltocephalus	0	0	0	0.0
1559	Demodex cyonis	1	0	1	0.0
1560	Dermationidae	0	0	0	0.0
1561	Desis	1	0	1	0.0
1562	Desis bobmarleyi	2	0	1	0.0
1563	Diaea	3	0	1	0.0
1564	Diaea dorsata	2	0	1	0.0
1565	Diaea ergandros	1	0	1	0.0
1566	Diaea evanida	2	0	1	0.0
1567	Diaea giltayi	3	0	1	0.0
1568	Diaeini	4	0	1	0.0
1569	Dicopomorpha echmepterygis	3	0	1	0.0
1570	Dikraneura	0	0	0	0.0
1571	Dilixellus	1	0	1	0.0
1572	Diodontognathus papillatus	0	0	0	0.0
1573	Dipteromantispidae	3	0	2	0.0
1574	Dolichopoda	2	0	1	0.0
1575	Dolichopoda geniculata	2	0	1	0.0
1576	Dolichopoda graeca	1	0	1	0.0
1577	Dolichopoda hussoni	1	0	1	0.0
1578	Dolichopoda makrykapa	1	0	1	0.0
1579	Dolomedes	13	0	3	0.0
1580	Donacia semicuprea	1	0	1	0.0
1581	Doratura	2	0	1	0.0
1582	Dorcadion cinerarium	0	0	0	0.0
1583	Dorcadion fuliginator	2	0	2	0.0
1584	Dorcadion mokrzeckii	5	0	2	0.0
1585	Dorcadion pedestre	0	0	0	0.0
1586	Dorcadion sareptanum	1	0	1	0.0
1587	Dryocampa	2	0	1	0.0
1588	Dryops	0	0	0	0.0
1589	Dysaphis	1	0	1	0.0
1590	Eacles	2	0	1	0.0
1591	Eacles barnesi	1	0	1	0.0
1592	Eacles oslari	2	0	1	0.0
1593	Echmepteryx hageni	0	0	0	0.0
1594	Eciton	6	0	2	0.0
1595	Ecitophya	1	0	1	0.0
1596	Ectinogonia buqueti	1	0	1	0.0
1597	Ederranus	0	0	0	0.0
1598	Edessena	2	0	2	0.0
1599	Eduardoxenus unicus	5	0	2	0.0
1600	Edwardsiana	0	0	0	0.0
1601	Elaea	1	0	1	0.0
1602	Elaterinae	0	0	0	0.0
1603	Electrocaptivus xui	0	0	0	0.0
1604	Elymana	0	0	0	0.0
1605	Emblemasoma erro	4	0	2	0.0
1606	Empoa	2	0	1	0.0
1607	Empoasca	1	0	1	0.0
1608	Empusa guttula	1	0	1	0.0
1609	Empusa hedenborgii	1	0	1	0.0
1610	Empusa longicollis	1	0	1	0.0
1611	Empusa pennata	7	0	2	0.0
1612	Empusa uvarovi	2	0	1	0.0
1613	Endoxyla cinereus	1	0	1	0.0
1614	Entiminae	6	0	2	0.0
1615	Entymetopus	0	0	0	0.0
1616	Eocleonus	1	0	1	0.0
1617	Eophyllium messelensis	2	0	1	0.0
1618	Epaphroditidae	2	0	1	0.0
1619	Epexochus	0	0	0	0.0
1620	Ephimeronotus	1	0	1	0.0
1621	Epiacanthus	0	0	0	0.0
1622	Epidermoptidae	0	0	0	0.0
1623	Epimeces	0	0	0	0.0
1624	Epiocheirata	2	0	1	0.0
1625	Episyrphus balteatus	8	0	2	0.0
1626	Eremiaphila	1	0	1	0.0
1627	Eremiaphilidae	3	0	1	0.0
1628	Eremoplana	1	0	1	0.0
1629	Eriovixia gryffindori	2	0	1	0.0
1630	Eristalis bardus	0	0	0	0.0
1631	Erythracarinae	1	0	1	0.0
1632	Erythromma	6	0	3	0.0
1633	Euacanthellinae	2	0	1	0.0
1634	Eugeniodecus	0	0	0	0.0
1635	Euhypnorna grata	1	0	1	0.0
1636	Eukoenenia	3	0	1	0.0
1637	Eukoenenia christiani	1	0	1	0.0
1638	Eukoenenia strinatii	1	0	1	0.0
1639	Eukoeneniidae	3	0	1	0.0
1640	Eulixus	0	0	0	0.0
1641	Eumecops	0	0	0	0.0
1642	Eumesocampa	1	0	1	0.0
1643	Euophrys omnisuperstes	3	0	2	0.0
1644	Eupelix	0	0	0	0.0
1645	Euphydryas iduna	1	0	1	0.0
1646	Eupithecia basurmanca	0	0	0	0.0
1647	Eupteryx	1	0	1	0.0
1648	Eurhadina	2	0	2	0.0
1649	Eurycleonus	0	0	0	0.0
1650	Eurythyrea	3	0	1	0.0
1651	Euscelis	1	0	1	0.0
1652	Euscorpius beroni	0	0	0	0.0
1653	Eusparassus dufouri	1	0	1	0.0
1654	Eustenopus	0	0	0	0.0
1655	Eutulomatus	0	0	0	0.0
1656	Evacanthus	1	0	1	0.0
1657	Extatosoma tiaratum	4	0	2	0.0
1658	Fagina silvatica	0	0	0	0.0
1659	Fallomyrma	1	0	1	0.0
1660	Fallomyrma anodonta	1	0	1	0.0
1661	Fallomyrma marginata	1	0	1	0.0
1662	Fallomyrma robusta	1	0	1	0.0
1663	Fideliinae	1	0	1	0.0
1664	Filistata maguirei	2	0	1	0.0
1665	Forcipata	1	0	1	0.0
1666	Formiciinae	10	0	3	0.0
1667	Formicini	4	0	1	0.0
1668	Furcantenna yangi	0	0	0	0.0
1669	Gabuciniidae	16	0	14	0.0
1670	Gasteroclisus	0	0	0	0.0
1671	Gastrophysa	0	0	0	0.0
1672	Geomantis	2	0	1	0.0
1673	Geomantis larvoides	4	0	3	0.0
1674	Georginus	1	0	1	0.0
1675	Girtesma	0	0	0	0.0
1676	Glebius	1	0	1	0.0
1677	Gluphisia	2	0	1	0.0
1678	Gluphisia crenata	2	0	1	0.0
1679	Gluphisia lintneri	1	0	1	0.0
1680	Gluphisia oxiana	0	0	0	0.0
1681	Goliathus regius	7	0	3	0.0
1682	Gondwanascorpio emzantsiensis	17	0	2	1.0
1683	Gonioctena	1	0	1	0.0
1684	Gonocleonus	1	0	1	0.0
1685	Gonometa postica	2	0	1	0.0
1686	Grant viridifluvius	3	0	1	0.0
1687	Gromphadorhina portentosa	116	1	8	3.0
1688	Gyranusoidea iranica	0	0	0	0.0
1689	Habralictus	1	0	1	0.0
1690	Hadeninae	5	0	1	0.0
1691	Halter halteratus	0	0	0	0.0
1692	Halteriomantispa grimaldii	0	0	0	0.0
1693	Haplocampa wagnelli	0	0	0	0.0
1694	Haplopelma schmidti	1	0	1	0.0
1695	Harmonia (комаха)	11	0	2	0.0
1696	Harpalinae	2	0	1	0.0
1697	Hedychrum nobile	2	0	1	0.0
1698	Helaeomyia petrolei	3	0	1	0.0
1699	Helichus ussuriensis	0	0	0	0.0
1700	Heliconiinae	4	0	2	0.0
1701	Heliconius erato	2	0	1	0.0
1702	Helicoverpa zea	16	0	4	0.5
1703	Heliozona	1	0	1	0.0
1704	Helminthomorpha	0	0	0	0.0
1705	Hemerobiiformia	2	0	1	0.0
1706	Hepsidera	0	0	0	0.0
1707	Hermatobates lingyangjiaoensis	23	1	14	8.0
1708	Hermetia illucens	27	0	4	1.0
1709	Heterocleonus	0	0	0	0.0
1710	Heterogramma	0	0	0	0.0
1711	Heteropterinae	1	0	1	0.0
1712	Hexarthrius	3	0	1	0.0
1713	Hierodula	5	0	2	0.0
1714	Hispa atra	21	0	20	0.0
1715	Holaptilon	3	0	2	0.0
1716	Holaptilon pusillulum	2	0	1	0.0
1717	Hololixus	0	0	0	0.0
1718	Homalictus	3	0	1	0.0
1719	Homalictus achrostus	1	0	1	0.0
1720	Homalictus terminalis	1	0	1	0.0
1721	Hormisa	1	0	1	0.0
1722	Hovalarinus	0	0	0	0.0
1723	Hybomitra	4	0	2	0.0
1724	Hybomitra altaica	2	0	1	0.0
1725	Hybomitra alticola	0	0	0	0.0
1726	Hydrillodes	1	0	1	0.0
1727	Hyles	0	0	0	0.0
1728	Hylobius abietis	14	0	3	0.0
1729	Hymenopodidae	4	0	1	0.0
1730	Hypatopa binotella	2	0	1	0.0
1731	Hypatopa inunctella	0	0	0	0.0
1732	Hypatopa segnella	1	0	1	0.0
1733	Hypenula	1	0	1	0.0
1734	Hypoechana fuliginosa	3	0	2	0.0
1735	Hypogastruroidea	1	0	1	0.0
1736	Hypolixus	0	0	0	0.0
1737	Hyponeuma	0	0	0	0.0
1738	Hypsicorypha gracilis	8	0	3	0.0
1739	Idia	1	0	1	0.0
1740	Idolomantis diabolica	10	0	3	0.0
1741	Ileomus	0	0	0	0.0
1742	Ilybius	2	0	1	0.0
1743	Insolentipalpus	2	0	1	0.0
1744	Integripalpia	4	0	1	0.0
1745	Iolana iolas	3	0	3	0.0
1746	Iris	10	0	2	0.0
1747	Iris oratoria	7	0	3	0.0
1748	Isomerops	0	0	0	0.0
1749	Isotogastrura	1	0	1	0.0
1750	Isotomidae	3	0	2	0.0
1751	Ixodida	64	0	7	2.0
1752	Julodinae	2	0	1	0.0
1753	Junonia coenia	0	0	0	0.0
1754	Junonia lemonias	1	0	1	0.0
1755	Kalligramma	1	0	1	0.0
1756	Kalligramma paradoxum	1	0	1	0.0
1757	Kalligrammatidae	6	0	2	0.0
1758	Kallima inachus	9	0	3	0.0
1759	Katarinia	0	0	0	0.0
1760	Katha	1	0	1	0.0
1761	Katha depressa	1	0	1	0.0
1762	Katha laevis	1	0	1	0.0
1763	Katha magnata	2	0	1	0.0
1764	Katha moorei	1	0	1	0.0
1765	Katha nankunshanica	2	0	1	0.0
1766	Katha nigropoda	1	0	1	0.0
1767	Katha prabana	1	0	1	0.0
1768	Katha suffusa	1	0	1	0.0
1769	Kekveus jason	0	0	0	0.0
1770	Khobotun elephantinus	3	0	2	0.0
1771	Klassius	0	0	0	0.0
1772	Knemidokoptes	1	0	1	0.0
1773	Koenigius	0	0	0	0.0
1774	Kyneria	0	0	0	0.0
1775	Labidura riparia	1	0	1	0.0
1776	Lachnaeus	0	0	0	0.0
1777	Lachnaia	0	0	0	0.0
1778	Lagonomegopidae	0	0	0	0.0
1779	Lambula	2	0	1	0.0
1780	Lambula aethalocis	3	0	1	0.0
1781	Lambula agraphia	1	0	1	0.0
1782	Lambula aroa	1	0	1	0.0
1783	Lambula bilineata	1	0	1	0.0
1784	Lambula bivittata	1	0	1	0.0
1785	Lambula buergersi	2	0	1	0.0
1786	Laothoe	5	0	3	0.0
1787	Larentiinae	0	0	0	0.0
1788	Larinodontes	0	0	0	0.0
1789	Larinomesius	1	0	1	0.0
1790	Larinus	0	0	0	0.0
1791	Larinus (підрід)	0	0	0	0.0
1792	Larinus turbinatus	2	0	1	0.0
1793	Larinus vulpes	0	0	0	0.0
1794	Lascoria	1	0	1	0.0
1795	Lasiocampinae	2	0	1	0.0
1796	Lasiommata	0	0	0	0.0
1797	Lasiommata maerula	0	0	0	0.0
1798	Latrodectinae	5	0	2	0.0
1799	Lepismachilis eocaenica	1	0	1	0.0
1800	Leptopodomorpha	4	0	1	0.0
1801	Lestremiinae	2	0	1	0.0
1802	Lestremiini	1	0	1	0.0
1803	Lethocerus deyrollei	11	0	3	0.0
1804	Lethocerus grandis	0	0	0	0.0
1805	Lethocerus indicus	19	0	3	1.0
1806	Leucatomis	1	0	1	0.0
1807	Leucochromus	0	0	0	0.0
1808	Leucomigus	1	0	1	0.0
1809	Leucophyes	0	0	0	0.0
1810	Leucorchestris arenicola	18	0	18	0.0
1811	Libelloides italicus	1	0	1	0.0
1812	Libelluloidea	0	0	0	0.0
1813	Limnephilus antiquastepposus	0	0	0	0.0
1814	Limnephilus kaspievi	0	0	0	0.0
1815	Limnephilus metakaspievi	0	0	0	0.0
1816	Limnephilus parakaspievi	0	0	0	0.0
1817	Limnephilus valliculacerasinus	0	0	0	0.0
1818	Limnichidae	0	0	0	0.0
1819	Linguatormyia teletacta	1	0	1	0.0
1820	Liocleonus	1	0	1	0.0
1821	Lipoptena mazamae	0	0	0	0.0
1822	Lithosiina	2	0	1	0.0
1823	Lithosiinae	1	0	1	0.0
1824	Lithosiini	1	0	1	0.0
1825	Lixinae	175	2	18	5.0
1826	Lixini	1	0	1	0.0
1827	Lixocleonus	0	0	0	0.0
1828	Lixoglyptus	0	0	0	0.0
1829	Lixomorphus	1	0	1	0.0
1830	Lixopachys	0	0	0	0.0
1831	Lixus	5	0	1	0.0
1832	Lixus (підрід)	1	0	1	0.0
1833	Lophocorona	2	0	1	0.0
1834	Lucaninae	2	0	1	0.0
1835	Lucanus	10	0	3	0.0
1836	Lucanus placidus	2	0	1	0.0
1837	Luciliinae	1	0	1	0.0
1838	Lycorma delicatula	9	0	2	0.0
1839	Lycosa aragogi	17	0	3	1.0
1840	Lysibia nana	2	0	2	0.0
1841	Machaerotypus sibiricus	1	0	1	0.0
1842	Macleodiella electrina	2	0	1	0.0
1843	Macrochilo	2	0	1	0.0
1844	Macroglossinae	0	0	0	0.0
1845	Macrolepidoptera	3	0	1	0.0
1846	Macroplea	2	0	1	0.0
1847	Macrosiphini	1	0	1	0.0
1848	Macrotermes	3	0	2	0.0
1849	Macrotermes gilvus	3	0	2	0.0
1850	Macroxiphus	3	0	1	0.0
1851	Macroxiphus nasicornis	1	0	1	0.0
1852	Macroxiphus sumatranus	1	0	1	0.0
1853	Manica	2	0	1	0.0
1854	Mantidae	8	0	2	0.0
1855	Mantis	7	0	1	0.5
1856	Maratus personatus	0	0	0	0.0
1857	Marumba spectabilis	0	0	0	0.0
1858	Marumba tigrina	1	0	1	0.0
1859	Maximus	4	0	1	0.0
1860	MCD-пептид	5	0	2	0.0
1861	Mecaspis	0	0	0	0.0
1862	Medaurini	4	0	2	0.0
1863	Medauroidea	2	0	1	0.0
1864	Megachilinae	1	0	1	0.0
1865	Megaphragma	2	0	1	0.0
1866	Megaphragma caribea	0	0	0	0.0
1867	Megaphragma mymaripenne	5	0	2	0.0
1868	Megatominae	4	0	1	0.0
1869	Melitaea acentria	0	0	0	0.0
1870	Melitaea ornata	2	0	1	0.0
1871	Menecleonus	1	0	1	0.0
1872	Menthastriella	0	0	0	0.0
1873	Mesocleonus	0	0	0	0.0
1874	Mesostigmata	5	0	2	0.0
1875	Mesothelae	13	0	2	1.0
1876	Metacucujus	0	0	0	0.0
1877	Metacucujus encephalarti	1	0	1	0.0
1878	Metallyticus	4	0	1	0.0
1879	Metopininae	2	0	1	0.0
1880	Metriocampa	0	0	0	0.0
1881	Microcleonus	0	0	0	0.0
1882	Microlarinus	0	0	0	0.0
1883	Microlixus	1	0	1	0.0
1884	Microplitis croceipes	0	0	0	0.0
1885	Micropterix calthella	1	0	1	0.0
1886	Microthespis	1	0	1	0.0
1887	Miomantinae	10	0	3	0.0
1888	Miomantini	10	0	8	0.0
1889	Miomantis paykullii	6	0	2	0.0
1890	Mionycha	4	0	2	0.0
1891	Misumena vatia	103	0	7	3.0
1892	Misumenoides formosipes	2	0	1	0.0
1893	Moegistorhynchus longirostris	18	0	17	0.0
1894	Molytinae	7	0	2	0.0
1895	Mongolocleonus	0	0	0	0.0
1896	Monolophus	0	0	0	0.0
1897	Morphini	1	0	1	0.0
1898	Morpho rhetenor	4	0	1	0.0
1899	Muschampia	0	0	0	0.0
1900	Muscoidea	3	0	1	0.0
1901	Mycotrichus	0	0	0	0.0
1902	Myrmarachne	5	0	2	0.0
1903	Myrmarachne assimilis	1	0	1	0.0
1904	Myrmarachne caliraya	1	0	1	0.0
1905	Myrmarachne plataleoides	7	0	3	0.0
1906	Myrmekiaphila neilyoungi	0	0	0	0.0
1907	Myrmeleon fasciatus	0	0	0	0.0
1908	Myrmeleon quinquemaculatus	0	0	0	0.0
1909	Myrmeleontiformia	4	0	1	0.0
1910	Myrmica angulata	1	0	1	0.0
1911	Myrmicini	4	0	1	0.0
1912	Myrmozercon cyrusi	0	0	0	0.0
1913	Mystrium camillae	4	0	4	0.0
1914	Myzocallis	0	0	0	0.0
1915	Nannochoristidae	28	0	21	1.0
1916	Nanosella fungi	0	0	0	0.0
1917	Nastus (жуки)	0	0	0	0.0
1918	Nauphoeta cinerea	17	0	5	1.0
1919	Naxa seriaria	1	0	1	0.0
1920	Nefis	0	0	0	0.0
1921	Negastriinae	0	0	0	0.0
1922	Neivamyrmex	0	0	0	0.0
1923	Nemaspela ladae	0	0	0	0.0
1924	Nematopogon metaxella	2	0	1	0.0
1925	Nematopogon pilella	0	0	0	0.0
1926	Nemophora degeerella	2	0	1	0.0
1927	Nemophora dumerilella	0	0	0	0.0
1928	Nemophora fasciella	1	0	1	0.0
1929	Nemophora pfeifferella	11	0	10	0.0
1930	Nemopteridae	5	0	3	0.0
1931	Nemopteroidea	1	0	1	0.0
1932	Neocleonus	0	0	0	0.0
1933	Neodermaptera	1	0	1	0.0
1934	Neolipoptena ferrisi	1	0	1	0.0
1935	Nepa cinerea	7	0	2	0.0
1936	Nephrotoma australasiae	15	0	13	0.0
1937	Nicrophorinae	2	0	1	0.0
1938	Nicrophorus	16	0	2	0.0
1939	Nicrophorus interruptus	4	0	3	0.0
1940	Nicrophorus investigator	6	0	2	0.0
1941	Nicrophorus japonicus	2	0	1	0.0
1942	Nipponaphis monzeni	0	0	0	0.0
1943	Nomimonyx	0	0	0	0.0
1944	Notiothauma reedi	5	0	3	0.0
1945	Nudobius lentus	2	0	1	0.0
1946	Nuttalliella namaqua	1	0	1	0.0
1947	Nymphavus progenitor	1	0	1	0.0
1948	Nymphidae	3	0	1	0.0
1949	Obtectomera	1	0	1	0.0
1950	Ochyrocera aragogue	2	0	1	0.0
1951	Oecophylla	15	0	3	0.0
1952	Oecophylla taurica	1	0	1	0.0
1953	Oestroidea	4	0	2	0.0
1954	Oligochlora semirugosa	1	0	1	0.0
1955	Oligopsychopsis	2	0	1	0.0
1956	Oligotrophini	3	0	1	0.0
1957	Oniticellini	1	0	1	0.0
1958	Onthophagini	1	0	1	0.0
1959	Onthophagus vacca	6	0	1	0.0
1960	Opostega	0	0	0	0.0
1961	Opostegoides	0	0	0	0.0
1962	Oramiella wisei	2	0	1	0.0
1963	Orgyia recens	39	0	20	0.0
1964	Orsunius electronefelus	0	0	0	0.0
1965	Orthodera novaezealandiae	1	0	1	0.0
1966	Ortholixus	3	0	2	0.0
1967	Orthophlebiidae	18	0	14	1.0
1968	Oryctes	3	0	1	0.0
1969	Oryctes agamemnon	2	0	1	0.0
1970	Oryctes rhinoceros	2	0	1	0.0
1971	Osmia cornuta	3	0	1	0.0
1972	Osmylops	1	0	1	0.0
1973	Othorene	1	0	1	0.0
1974	Pachycerus	0	0	0	0.0
1975	Pachyiulus humicola	0	0	0	0.0
1976	Pachymerium tabacarui	1	0	1	0.0
1977	Paederinae	2	0	1	0.0
1978	Pajnisoodes	0	0	0	0.0
1979	Palaeortona quercyensis	1	0	1	0.0
1980	Palaeotendipes alexii	1	0	1	0.0
1981	Palomena prasina	17	0	2	1.0
1982	Paracucujus rostratus	1	0	1	0.0
1983	Paradoxosisyra groehni	3	0	1	0.0
1984	Paradoxosisyrinae	1	0	1	0.0
1985	Paraponera	1	0	1	0.0
1986	Parastrachiidae	3	0	1	0.0
1987	Paratarsotomus	3	0	2	0.0
1988	Paratarsotomus sabulosus	0	0	0	0.0
1989	Parileomus	0	0	0	0.0
1990	Parnopes grandior	1	0	1	0.0
1991	Pedanoptera arachnophila	3	0	1	0.5
1992	Peltosyne triassica	0	0	0	0.0
1993	Pemphigidae	3	0	2	0.0
1994	Pentatominae	1	0	1	0.0
1995	Pentatomoidea	3	0	1	0.0
1996	Pentatomomorpha	3	0	1	0.0
1997	Pentatropis	0	0	0	0.0
1998	Perlamantis allibertii	2	0	1	0.0
1999	Permarachne novokshonovi	8	0	4	0.0
2000	Phaneropterinae	3	0	1	0.0
2001	Phasmatidae	4	0	1	0.0
2002	Phaulosomus	0	0	0	0.0
2003	Philidris nagasau	2	0	1	0.0
2004	Phillixus	0	0	0	0.0
2005	Phlebotomus papatasi	11	0	2	1.0
2006	Phlebotomus papuensis	1	0	1	0.0
2007	Phlebotomus pedifer	1	0	1	0.0
2008	Phlebotomus perfiliewi	1	0	1	0.0
2009	Phlebotomus perniciosus	2	0	1	0.0
2010	Phlebotomus pexopharynx	1	0	1	0.0
2011	Phlebotomus sergenti	1	0	1	0.0
2012	Phobaeticus chani	3	0	1	0.0
2013	Phobaeticus kirbyi	1	0	1	0.0
2014	Phyllochrysa huangi	0	0	0	0.0
2015	Phyllodromica	2	0	1	0.0
2016	Phyllodromica merrakescha	1	0	1	0.0
2017	Phyllonomeus	0	0	0	0.0
2018	Phyllonorycter ivani	0	0	0	0.0
2019	Phytotelmatrichis osopaddington	2	0	2	0.0
2020	Pisaura mirabilis	83	0	6	2.5
2021	Pison	0	0	0	0.0
2022	Planodiscus	1	0	1	0.0
2023	Planodiscus foreli	0	0	0	0.0
2024	Planodiscus furcatus	0	0	0	0.0
2025	Platyscelidini	1	0	1	0.0
2026	Pleurocleonus	2	0	1	0.0
2027	Pliocleonus	0	0	0	0.0
2028	Poduromorpha	4	0	1	0.0
2029	Poecilimon ampliatus	1	0	1	0.0
2030	Poecilimon elegans	1	0	1	0.0
2031	Poecilimon gracilis	1	0	1	0.0
2032	Poliochera	1	0	1	0.0
2033	Poliochera cretacea	1	0	1	0.0
2034	Poliochera gibbsi	1	0	1	0.0
2035	Poliochera glabra	1	0	1	0.0
2036	Poliochera punctulata	1	0	1	0.0
2037	Poliochera pustulatus	1	0	1	0.0
2038	Poliocheridae	1	0	1	0.0
2039	Polyneoptera	6	0	1	0.0
2040	Polyommatus eros	2	0	1	0.0
2041	Polyommatus pljushtchi	7	0	3	0.0
2042	Ponomarenkia belmonthensis	1	0	1	0.0
2043	Porocleonus	0	0	0	0.0
2044	Prionolixus	0	0	0	0.0
2045	Prionorhinus	0	0	0	0.0
2046	Pristomyrmex elmesi	0	0	0	0.0
2047	Pritha garfieldi	1	0	1	0.0
2048	Prochoreutis pseudostellaris	1	0	1	0.0
2049	Prochoreutis sehestediana	0	0	0	0.0
2050	Prochoreutis stellaris	2	0	2	0.0
2051	Proctophyllodes huitzilopochtlii	0	0	0	0.0
2052	Prodryas persephone	2	0	1	0.0
2053	Prohamitermes	0	0	0	0.0
2054	Prokoenenia	1	0	1	0.0
2055	Prokoeneniidae	2	0	1	0.0
2056	Proleptothorax primitivus	0	0	0	0.0
2057	Prostigmata	7	0	2	0.0
2058	Protonemestrius	15	0	14	0.0
2059	Protosiphoniella anthophila	2	0	1	0.0
2060	Psectra diptera	0	0	0	0.0
2061	Psephenidae	1	0	1	0.0
2062	Pseudeumecops	2	0	1	0.0
2063	Pseudisomerus	0	0	0	0.0
2064	Pseudochazara cingovskii	1	0	1	0.0
2065	Pseudocleonus	0	0	0	0.0
2066	Pseudopostega	0	0	0	0.0
2067	Pseudopulex	2	0	1	0.0
2068	Pseudoyersinia	13	0	4	0.0
2069	Pseudoyersinia andreae	9	2	7	4.5
2070	Pseudoyersinia betancuriae	10	0	2	1.0
2071	Pseudoyersinia brevipennis	5	0	2	0.0
2072	Pseudoyersinia canariensis	8	0	2	0.0
2073	Pseudoyersinia lagrecai	6	0	2	0.0
2074	Pseudoyersinia paui	4	0	2	0.0
2075	Pseudoyersinia pilipes	6	0	2	0.0
2076	Pseudoyersinia subaptera	4	0	2	0.0
2077	Pseudoyersinia teydeana	8	0	4	0.0
2078	Psoroptidia	6	0	3	0.0
2079	Psychodomorpha	2	0	1	0.0
2080	Psychopsidae	3	0	2	0.0
2081	Psyllobora	1	0	1	0.0
2082	Pterocroce capillaris	0	0	0	0.0
2083	Pterodectes rutilus	1	0	1	0.0
2084	Pterolichoidea	5	0	3	0.0
2085	Pteromalidae	8	0	2	0.0
2086	Pterostichinae	1	0	1	0.0
2087	Pterostichus alexeji	0	0	0	0.0
2088	Pterostichus burkhan	1	0	1	0.0
2089	Pterostichus rodionovi	0	0	0	0.0
2090	Ptilodon	1	0	1	0.0
2091	Ptilodoninae	2	0	1	0.0
2092	Ptilophora	1	0	1	0.0
2093	Ptiloscola	2	0	1	0.0
2094	Puer maculatus	0	0	0	0.0
2095	Pycnodactylopsis	1	0	1	0.0
2096	Pygaerinae	1	0	1	0.0
2097	Rachesa	1	0	1	0.0
2098	Reclinervellus nielseni	1	0	1	0.0
2099	Rhabdorrhynchus	0	0	0	0.0
2100	Rhinocyllus	1	0	1	0.0
2101	Rhinocyllus conicus	1	0	1	0.0
2102	Rhizoglyphus robini	0	0	0	0.0
2103	Rhopalocera	37	0	4	1.0
2104	Rhopalosomatidae	3	0	1	0.0
2105	Rhynchophorus	6	0	4	0.0
2106	Rhynchophorus ferrugineus	14	0	4	0.0
2107	Ricinoides	1	0	1	0.0
2108	Ricinoides feae	1	0	1	0.0
2109	Ricinoides hanseni	1	0	1	0.0
2110	Ricinoides karschii	1	0	1	0.0
2111	Ricinoides leonensis	1	0	1	0.0
2112	Ricinoides megahanseni	2	0	1	0.0
2113	Ricinoides olounoua	1	0	1	0.0
2114	Ricinoides sjostedtii	1	0	1	0.0
2115	Ricinoididae	2	0	1	0.0
2116	Rivetina	1	0	1	0.0
2117	Rivetinini	5	0	2	0.0
2118	Rophalis relicta	0	0	0	0.0
2119	Rovnoholoneurus	2	0	1	0.0
2120	Sabatinca	0	0	0	0.0
2121	Sahastata sinuspersica	1	0	1	0.0
2122	Samia	1	0	1	0.0
2123	Saturnia pinratanai	1	0	1	0.0
2124	Saturniini	2	0	1	0.0
2125	Satyrus virbius	0	0	0	0.0
2126	Saurophthirus	1	0	1	0.0
2127	Saurophthirus longipes	2	0	1	0.0
2128	Scaphomorphus	1	0	1	0.0
2129	Scarabaeinae	3	0	1	0.0
2130	Scarabaeus fraterculus	1	0	1	0.0
2131	Schausiella	2	0	1	0.0
2132	Schizophora	5	0	1	0.0
2133	Sciaroidea	3	0	1	0.0
2134	Scymninae	5	0	2	0.0
2135	Selandriinae	1	0	1	0.0
2136	Sepsidae	4	0	1	0.0
2137	Sericomyrmex	2	0	1	0.0
2138	Sericomyrmex radioheadi	8	0	1	1.0
2139	Sicarius hahni	13	0	2	1.0
2140	Sidorchukatia gracilis	2	0	1	0.0
2141	Sipalinus gigas	3	0	1	0.0
2142	Sitophilus	4	0	2	0.0
2143	Smerinthini	2	0	1	0.0
2144	Speyeria	1	0	1	0.0
2145	Speyeria clara	0	0	0	0.0
2146	Sphaerites	1	0	1	0.0
2147	Sphecomyrminae	7	0	2	0.0
2148	Sphingonotini	1	0	1	0.0
2149	Sphingulini	0	0	0	0.0
2150	Sphodromantis	2	0	1	0.0
2151	Sphodromantis viridis	2	0	1	0.0
2152	Stalagtia skadarensis	2	0	1	0.0
2153	Steatoda grossa	17	0	2	1.0
2154	Stephanocleonus	0	0	0	0.0
2155	Stephanoidea	4	0	1	0.0
2156	Sterrhinae	2	0	1	0.0
2157	Stethophyma grossum	17	0	4	0.0
2158	Stilbum cyanurum	1	0	1	0.0
2159	Streblote	1	0	1	0.0
2160	Streblote fainae	2	0	1	0.0
2161	Streblote finitorum	1	0	1	0.0
2162	Stromboscerinae	1	0	1	0.0
2163	Stromboscerus	0	0	0	0.0
2164	Sublarinus	0	0	0	0.0
2165	Supraserphites draculi	0	0	0	0.0
2166	Surchania	0	0	0	0.0
2167	Symphypleona	5	0	2	0.0
2168	Syndesinae	2	0	2	0.0
2169	Syntomini	2	0	1	0.0
2170	Syssphinx	1	0	1	0.0
2171	Tabaninae	2	0	1	0.0
2172	Taeniopterygidae	2	0	1	0.0
2173	Taeniopteryx	3	0	2	0.0
2174	Taeniopteryx lita	2	0	1	0.0
2175	Taeniopteryx lonicera	1	0	1	0.0
2176	Taeniopteryx maura	1	0	1	0.0
2177	Taeniopteryx mercuryi	2	0	1	0.0
2178	Taeniopteryx metequi	1	0	1	0.0
2179	Taeniopteryx nebulosa	1	0	1	0.0
2180	Tanyderidae	21	0	21	0.0
2181	Tanymecus	1	0	1	0.0
2182	Taurodemus	0	0	0	0.0
2183	Tebenna bjerkandrella	14	0	14	0.0
2184	Temnorhinus	0	0	0	0.0
2185	Temnothorax nylanderi	3	0	1	0.0
2186	Tenthredininae	1	0	1	0.0
2187	Tenthredinoidea	6	0	1	0.0
2188	Terminasiania	0	0	0	0.0
2189	Terpsicroton alticeps	4	0	1	0.0
2190	Tetragnatha	2	0	1	0.0
2191	Tetragonothorax	0	0	0	0.0
2192	Teyia branislav	0	0	0	0.0
2193	Thermesiini	0	0	0	0.0
2194	Thomisinae	4	0	1	0.0
2195	Thomisoidea	2	0	1	0.0
2196	Thysania	1	0	1	0.0
2197	Tibiceninae	4	0	1	0.0
2198	Tilloidea	0	0	0	0.0
2199	Timarcha lugens	0	0	0	0.0
2200	Timema cristinae	1	0	1	0.0
2201	Timogenes elegans	1	0	1	0.0
2202	Tineoidea	7	0	2	0.0
2203	Tortricinae	3	0	1	0.0
2204	Trachydemus	1	0	1	0.0
2205	Triatoma sanguisuga	18	0	3	1.0
2206	Trichocleonus	0	0	0	0.0
2207	Trichopria	0	0	0	0.0
2208	Trichotocleonus	0	0	0	0.0
2209	Trigonopterus yoda	1	0	1	0.0
2210	Trigonotarbida	11	0	2	0.0
2211	Trjapitzion cylindrocerus	0	0	0	0.0
2212	Trychopeplus laciniatus	1	0	1	0.0
2213	Turbinoptidae	0	0	0	0.0
2214	Tylogonus (павуки)	0	0	0	0.0
2215	Ulomoides dermestoides	14	0	2	1.0
2216	Umma gumma	0	0	0	0.0
2217	Uraraneida	13	0	2	0.0
2218	Uroballus carlei	5	0	2	0.0
2219	Vasaces	17	0	15	0.0
2220	Verophasmatodea	1	0	1	0.0
2221	Vespa basalis	10	0	3	1.0
2222	Vestalis amethystina	0	0	0	0.0
2223	Wasmanniella	1	0	1	0.0
2224	Whiteheadia	0	0	0	0.0
2225	Xanthochelus	0	0	0	0.0
2226	Xanthopan morganii	1	0	1	0.0
2227	Xanthorhoe	0	0	0	0.0
2228	Xanthorhoe fluctuata	0	0	0	0.0
2229	Xanthorhoe heliopharia	0	0	0	0.0
2230	Xanthorhoini	0	0	0	0.0
2231	Xenomacrus	1	0	1	0.0
2232	Xenomorphia	2	0	1	0.0
2233	Xenomorphia handschini	1	0	1	0.0
2234	Xenomorphia resurrecta	2	0	1	0.0
2235	Xyleborini	1	0	1	0.0
2236	Xylodromus affinis	0	0	0	0.0
2237	Yponomeutoidea	5	0	1	0.0
2238	Zerynthia	5	0	2	0.0
2239	Zhangsolvidae	9	0	5	0.0
2240	Zygaena carniolica	0	0	0	0.0
