1	*-алгебра	6	0	1	0.0
2	0 (число)	990	6	71	30.0
3	0,(9)	56	0	6	2.0
4	1 (число)	311	1	119	6.0
5	2 (число)	183	1	43	5.0
6	3-сфера	10	0	2	0.0
7	4-вектор	40	0	3	1.0
8	6 (число)	122	1	8	4.0
9	Абак (рахівниця)	287	2	24	7.0
10	Абелева група	134	0	14	3.5
11	Абсолютна похибка вимірювання	1064	3	95	26.0
12	Абстрактна алгебра	86	0	10	3.0
13	Абстракція	1516	25	74	50.0
14	Азартна гра (теорія ігор)	3	0	2	0.0
15	Аксіома	1462	25	89	43.0
16	Аксіома вибору	71	0	7	2.0
17	Аксіома паралельності Евкліда	129	1	16	3.5
18	Аксіоматика Гільберта	34	0	5	1.0
19	Аксіоми Пеано	82	0	7	2.0
20	Актуарій	140	1	14	4.0
21	Актуарна математика	101	1	10	3.0
22	Алан Тюрінг	1553	28	86	47.0
23	Алгебра	580	4	39	18.0
24	Алгебра Кліфорда	14	0	2	0.0
25	Алгебра Лі	29	0	3	1.0
26	Алгебра логіки	704	6	56	20.0
27	Алгебраїчне числове поле	11	0	2	0.0
28	Алгебраїчні числа	98	0	8	3.0
29	Алгебрична геометрія	59	0	7	2.0
30	Алгебрична топологія	15	0	6	0.0
31	Алгебричний многовид	15	0	3	0.0
32	Алгебрично замкнуте поле	13	0	2	1.0
33	Алгоритм	4028	31	312	105.0
34	Алгоритм Джонсона	27	0	5	1.0
35	Алгоритм Евкліда	688	5	51	20.0
36	Алгоритм імітації відпалу	76	0	11	2.0
37	Александр Гротендік	24	0	5	0.5
38	Аль-Хорезмі	316	1	30	8.0
39	Альберт Ейнштейн	6334	92	327	185.0
40	Альфред Грей	6	0	1	0.0
41	Альфред Тарський	34	0	4	1.0
42	Американське математичне товариство	28	0	4	1.0
43	Аналітична геометрія	255	1	29	6.0
44	Аналітична теорія чисел	13	0	3	0.0
45	Аналітична функція	196	0	21	6.0
46	Аналогова обчислювальна машина	118	0	10	4.0
47	Андре Вейль	12	0	2	1.0
48	Анрі Леон Лебег	15	0	3	0.0
49	Анрі Пуанкаре	257	2	18	8.0
50	Антіфонт	2	0	1	0.0
51	Аполлоній Перзький	40	0	7	1.0
52	Апостеріорна ймовірність	76	0	7	2.0
53	Арифметика	349	2	24	10.0
54	Арифметична функція	26	0	4	1.0
55	Арістотель	3281	40	187	97.0
56	Арність	26	0	4	1.0
57	Арнольд Володимир Ігорович	40	0	5	1.0
58	Артур Кейлі	9	0	2	0.0
59	Архімед	1562	13	171	44.0
60	Асимптота	318	1	25	8.0
61	Асоціативність	372	2	65	10.0
62	Атлас (математика)	6	0	1	0.0
63	Атле Сельберг	11	0	5	0.0
64	Атрактор	180	2	17	6.0
65	Аттична система числення	16	0	3	1.0
66	Афінна геометрія	34	0	3	1.0
67	Багатократний інтеграл	159	0	19	5.0
68	Багатокритеріальна оптимізація	130	0	13	3.0
69	Баєсів інформаційний критерій	8	0	1	0.0
70	Баєсова ймовірність	72	0	6	2.0
71	Баєсова лінійна регресія	23	0	3	0.0
72	Баєсова мережа	108	0	9	3.0
73	Баєсова оцінка	71	0	8	2.0
74	Баєсове виведення	71	0	11	2.0
75	Банахів простір	81	0	5	3.0
76	Банахова алгебра	8	0	2	0.0
77	Басейн притягання	4	0	3	0.0
78	Безвиграшна ситуація	26	0	4	1.0
79	Безкоаліційна гра	3	0	1	0.0
80	Безмасштабна мережа	8	0	1	0.0
81	Бенуа Мандельброт	83	0	8	3.0
82	Бернгард Ріман	73	0	13	1.0
83	Бертран Расселл	336	2	21	10.0
84	Бета-функція	69	0	7	2.5
85	Бієкція	298	2	27	9.0
86	Білінійне відображення	22	0	4	1.0
87	Бінарна класифікація	50	0	8	1.0
88	Бінарна операція	281	3	25	9.0
89	Біном Ньютона	780	13	50	24.0
90	Біноміальний коефіцієнт	333	1	31	8.0
91	Біноміальний розподіл	432	3	32	14.0
92	Блез Паскаль	850	8	44	30.0
93	Броунівське дерево	18	0	3	1.0
94	Броунівський рух	1986	7	158	54.0
95	Булеан	277	0	21	8.0
96	Булева алгебра (структура)	236	1	22	7.0
97	Булева функція	718	6	41	21.0
98	Буняковський Віктор Якович	63	0	7	2.0
99	Варіаційне числення	152	0	57	3.0
100	Вейвлет	77	0	7	2.0
101	Вектор (математика)	783	10	49	23.0
102	Векторне поле	147	0	14	5.0
103	Векторне числення	32	0	3	1.0
104	Векторний простір	494	3	29	14.0
105	Велика теорема Ферма	898	12	61	26.0
106	Верхня і нижня границі	172	0	15	4.0
107	Взаємна інформація	43	0	7	1.0
108	Взаємно прості числа	557	5	30	18.0
109	Вибірка	1236	14	88	39.0
110	Визначник	1021	6	76	34.0
111	Виключна диз'юнкція	621	6	36	20.0
112	Вимірна функція	59	0	14	1.0
113	Випадкова величина	658	4	45	21.0
114	Випадкова подія	582	1	38	20.0
115	Випадкове блукання	37	0	5	1.0
116	Випадковий процес	387	0	63	9.0
117	Випадковий процес з довгою пам'яттю	0	0	0	0.0
118	Випадкові числа	93	0	34	2.0
119	Вироджений розподіл	27	0	8	1.0
120	Висковатов Василь Іванович	0	0	0	0.0
121	Висота (величина)	1	0	1	0.0
122	Від'ємне число	1707	3	187	50.0
123	Відкрита множина	87	0	9	2.0
124	Відкриті математичні питання	141	1	12	4.0
125	Віднімання	991	5	66	31.0
126	Відношення	522	4	38	14.0
127	Відношення еквівалентності	421	2	35	10.0
128	Відношення порядку	351	1	30	10.0
129	Відособлений розподіл	27	0	5	1.0
130	Відсоток	935	3	61	29.0
131	Відстань	980	3	63	27.0
132	Вільна група	15	0	6	0.0
133	Вільний параметр	0	0	0	0.0
134	Вільні і зв'язані змінні	38	0	6	1.0
135	Вільям Ровен Гамільтон	45	0	4	1.0
136	Вільям Терстон	6	0	2	0.0
137	Вісімкова система числення	299	2	25	9.0
138	Вісь	305	1	22	10.0
139	Вкладення Сегре	7	0	1	1.0
140	Власні вектори та власні числа	404	1	42	10.0
141	Внутрішня точка	62	0	6	2.0
142	Гамма-розподіл	50	0	5	1.5
143	Гамма-функція	218	0	15	6.0
144	Гармонічна функція	46	0	5	1.0
145	Гармонічний аналіз	29	0	3	1.0
146	Гаусові числа	89	0	11	3.0
147	Гельфанд Ізраїль Мойсейович	45	0	4	1.5
148	Генератор псевдовипадкових чисел	166	0	15	4.0
149	Генератриса	82	0	6	3.0
150	Генерація випадкових чисел	160	0	13	5.0
151	Геодезична лінія	143	1	12	4.0
152	Геометрична прогресія	1679	25	89	51.0
153	Геометричний броунівський рух	32	0	5	1.0
154	Геометрія	1691	12	300	35.0
155	Геометрія Лобачевського	286	1	19	9.0
156	Георг Кантор	100	0	23	2.0
157	Герман Вейль	18	0	5	0.0
158	Гідроаеромеханіка	45	0	5	1.0
159	Гідромеханіка	52	0	4	2.0
160	Гійом де Лопіталь	21	0	3	1.0
161	Гільбертів простір	170	2	13	5.0
162	Гіпербола (математика)	966	15	64	31.0
163	Гіпергеометричний розподіл	106	0	10	3.0
164	Гіперграф	10	0	2	1.0
165	Гіперповерхня	16	0	4	0.0
166	Гіпотеза Гольдбаха	80	0	15	2.0
167	Гіпотеза Пуанкаре	530	11	30	16.0
168	Гіпотеза Рімана	490	3	162	10.0
169	Гістограма	368	1	23	11.0
170	Голоморфна функція	125	0	12	4.0
171	Гомеоморфізм	46	0	4	1.0
172	Гомологічна алгебра	7	0	1	0.0
173	Гомоморфізм	185	1	15	5.0
174	Гомоморфізм груп	63	0	9	1.5
175	Гомоморфне шифрування	8	0	2	0.0
176	Гомотопія	54	0	25	1.0
177	Готлоб Фреге	47	0	7	1.0
178	Готфрід Вільгельм Ляйбніц	501	4	37	14.0
179	Гра без побічних платежів	0	0	0	0.0
180	Градієнтний спуск	232	0	18	8.0
181	Градієнтні методи	58	0	7	2.0
182	Границя	573	6	34	19.0
183	Границя функції в точці	1494	14	112	47.0
184	Границя числової послідовності	838	8	59	24.0
185	Граф (математика)	977	10	48	31.0
186	Група (математика)	249	1	25	7.0
187	Група Галуа	10	0	2	0.0
188	Група Лі	40	0	18	1.0
189	Густина імовірності	317	1	24	9.0
190	Ґратка (порядок)	147	1	11	4.0
191	Давид Гільберт	193	1	40	4.0
192	Дванадцяткова система числення	87	0	6	2.0
193	Девід Мамфорд	10	0	3	0.0
194	Декартів добуток множин	748	4	57	20.0
195	Декартова система координат	1135	11	59	37.0
196	Дельта-метод	10	0	2	0.5
197	Дельта-функція Дірака	144	0	12	5.0
198	Дерево (теорія графів)	348	2	34	9.0
199	Джеймс Клерк Максвелл	628	5	43	20.0
200	Джон Конвей	19	0	3	1.0
201	Джон Мілнор	9	0	2	0.0
202	Джон фон Нейман	287	3	17	9.0
203	Джон Форбс Неш	1092	20	61	32.0
204	Джордж Буль	119	0	12	3.0
205	Джуліо Асколі	4	0	1	0.0
206	Дзета-функція Рімана	101	0	17	3.0
207	Диз'юнкт Горна	15	0	3	0.5
208	Динамічна гра	12	0	5	0.0
209	Динамічна система	259	1	17	8.0
210	Дискретна група	6	0	2	0.0
211	Дискретна математика	942	8	58	28.0
212	Дискретний логарифм	40	0	4	1.0
213	Дискримінант	653	6	43	21.0
214	Дисперсійний аналіз	456	1	44	13.0
215	Дисперсія випадкової величини	1601	17	92	53.0
216	Дистрибутивність	145	1	10	4.0
217	Дифеоморфізм	21	0	2	1.0
218	Диференціальна геометрія	102	0	20	3.0
219	Диференціальне рівняння з частинними похідними	197	1	16	6.0
220	Диференціальне та інтегральне числення	201	0	20	6.0
221	Диференціальне числення	167	0	14	5.0
222	Диференційні рівняння	468	0	52	16.5
223	Диференційовний многовид	22	0	3	1.0
224	Дійсне число	3121	40	166	97.0
225	Дійснозначна функція	10	0	2	0.5
226	Ділення	781	6	57	23.0
227	Діофантові рівняння	247	0	20	6.0
228	Дія (фізика)	68	0	22	1.0
229	Добуток	3400	9	288	82.0
230	Довга арифметика	38	0	5	1.0
231	Доведення	160	0	16	4.0
232	Доведення з нульовим розголошенням	17	0	3	0.0
233	Довжина	1164	9	81	29.0
234	Довжина кривої	76	0	13	1.0
235	Довірчий інтервал	516	3	30	14.0
236	Додавання	621	4	43	19.0
237	Дональд Кнут	164	0	36	4.0
238	Допустимий розв'язок	7	0	1	0.0
239	Досконале число	141	0	10	5.0
240	Дослідження операцій	347	4	23	10.0
241	Дотична	418	2	30	13.0
242	Дотичний простір	19	0	5	0.0
243	Дріб	4482	15	321	118.0
244	Дрінфельд Володимир Гершонович	28	0	3	1.0
245	Друга похідна	172	1	17	5.0
246	Еварист Галуа	118	0	11	3.0
247	Евклід	555	5	83	15.0
248	Евклідів простір	377	6	19	12.0
249	Евклідова геометрія	500	6	54	13.0
250	Едвард Віттен	28	0	3	1.0
251	Експоненційний розподіл	368	2	25	12.0
252	Ексцентриситет	520	4	36	17.0
253	Елементарна математика	48	0	4	1.0
254	Елі Жозеф Картан	10	0	3	0.0
255	Еліпс	1169	15	62	35.0
256	Еліптична крива	137	0	13	4.0
257	Еліптична криптографія	139	1	14	4.0
258	Еліптична функція	4	0	1	0.0
259	Еммі Нетер	190	0	23	5.0
260	Емпірична функція розподілу	281	1	24	8.0
261	Ентропійна швидкість	5	0	2	0.0
262	Ентропія	2969	64	140	94.0
263	Ератосфен	370	4	22	11.0
264	Ергодичний розподіл	12	0	3	0.0
265	Ермітова форма	5	0	1	0.0
266	Ефект метелика (математика)	1038	18	59	33.0
267	Жак Соломон Адамар	18	0	5	0.0
268	Жан-П'єр Серр	4	0	1	0.0
269	Житомирська Світлана Яківна	19	0	5	0.0
270	Життя (гра)	418	6	24	13.0
271	Жозеф-Луї Лагранж	148	0	39	3.0
272	Жорданова нормальна форма	38	0	5	1.0
273	Загальна лінійна група	13	0	3	0.0
274	Загальна теорія відносності	1530	13	114	45.0
275	Загальна топологія	14	0	1	1.0
276	Задання групи	5	0	2	0.0
277	Задача безумовної оптимізації	20	0	6	1.0
278	Задача дробово-лінійного програмування	15	0	3	0.0
279	Задача математичного програмування	35	0	6	1.0
280	Задача оптимізації	209	1	15	7.0
281	Задача опуклого програмування	25	0	6	1.0
282	Задача про пакування в ємності	42	0	7	1.0
283	Задача розв'язності	13	0	3	0.0
284	Задача умовної оптимізації	17	0	3	1.0
285	Закон великих чисел	414	1	23	13.0
286	Закон виключеного третього	188	1	17	6.0
287	Закони Кеплера	1064	5	81	32.0
288	Закони Ланчестера	9	0	2	0.0
289	Закони Ньютона	5891	92	312	185.0
290	Замикання (математика)	34	0	5	1.0
291	Заперечення	261	3	23	8.0
292	Зв'язність (диференціальна геометрія)	9	0	4	0.0
293	Звичайні диференціальні рівняння	110	0	26	2.0
294	Згортка (математичний аналіз)	184	1	15	5.5
295	Зірочка Кліні	20	0	3	1.0
296	Зліченна множина	242	2	21	7.0
297	Знак рівності	485	5	37	13.0
298	Зовнішня алгебра	19	0	3	1.0
299	Зовнішня похідна	16	0	3	0.0
300	Золота спіраль	146	1	11	4.0
301	Золотий перетин	2536	38	144	81.0
302	Ізометрія (математика)	60	0	11	1.0
303	Ізоморфізм	266	1	16	9.0
304	Ізоморфізм груп	41	0	7	1.0
305	Імовірнісна логіка	6	0	3	0.0
306	Імовірність	1153	10	68	39.0
307	Імпульс (механіка)	1943	10	125	52.0
308	Індекс контура відносно точки	3	0	1	0.0
309	Індо-арабська система числення	551	5	42	15.0
310	Інтеграл	2401	19	131	79.0
311	Інтеграл Лебега	119	0	12	3.0
312	Інтегральна теорема Коші	220	1	19	7.0
313	Інтегральна формула Коші	166	0	18	5.0
314	Інтегральне правило Лейбніца	39	0	4	2.0
315	Інтегральне рівняння	55	0	5	1.0
316	Інтервал (математика)	145	0	11	5.0
317	Інтерполяція	644	4	43	20.0
318	Інформаційна ентропія	424	5	30	14.0
319	Інформаційний критерій Акаіке	64	0	5	2.0
320	Інформація	4730	40	293	153.0
321	Ірвінг Рід	1	0	1	0.0
322	Ірраціональні числа	1787	19	143	49.0
323	Ісаак Ньютон	4091	32	294	100.0
324	Історія геометрії	242	0	23	7.0
325	Історія математики	814	3	45	32.0
326	Історія математичних позначень	116	0	12	3.0
327	Істотний многовид	0	0	0	0.0
328	Ймовірнісний простір	119	0	11	3.5
329	Йоганн Кеплер	475	3	41	13.0
330	Калібрувальна інваріантність	24	0	2	1.0
331	Канонічна кореляція	17	0	3	0.0
332	Карл Вейєрштрасс	56	0	13	1.0
333	Карл Фрідріх Гаусс	394	5	22	13.0
334	Категорійна змінна	95	0	10	3.0
335	Категорійний розподіл	24	0	4	1.0
336	Квадрат	1438	9	93	45.0
337	Квадратична форма	193	1	24	5.0
338	Квадратичний закон взаємності	15	0	2	1.0
339	Квадратне рівняння	1665	20	85	55.0
340	Квадратний корінь	1535	15	118	42.0
341	Квантова електродинаміка	101	0	8	3.0
342	Квантова криптографія	65	0	9	2.0
343	Квантова логіка	22	0	3	1.0
344	Квантова механіка	1148	20	52	35.0
345	Квантова хромодинаміка	65	0	6	2.0
346	Квартет Анскомбе	9	0	2	0.0
347	Китайська теорема про остачі	104	0	8	3.0
348	Кільце (алгебра)	263	1	23	7.0
349	Кільце многочленів	43	0	6	1.0
350	Кільцевий підпис	12	0	3	0.0
351	Кінематика	1081	8	77	32.0
352	Кінетична енергія	3087	21	211	95.0
353	Клавдій Птолемей	739	7	66	21.0
354	Клас еквівалентності	172	0	14	5.5
355	Клас складності NP	144	0	15	4.0
356	Клас складності P	104	0	13	2.0
357	Клас складності PSPACE	17	0	2	1.0
358	Класична механіка	1006	8	86	29.0
359	Кластеризація методом к–середніх	348	6	22	11.0
360	Коваріація	301	1	34	8.0
361	Коефіцієнт Баєса	19	0	3	1.0
362	Коефіцієнт Жаккара	64	0	10	2.0
363	Колмогоров Андрій Миколайович	134	1	16	4.0
364	Коло	1977	16	243	53.0
365	Комбінаторика	1090	17	70	32.0
366	Комбінаторна оптимізація	28	0	3	1.0
367	Комбінація (комбінаторика)	526	6	29	18.0
368	Компактний простір	117	0	8	4.0
369	Комплексна площина	77	0	5	3.0
370	Комплексне число	1508	18	93	44.0
371	Комплексний аналіз	155	0	14	5.0
372	Композиція функцій	145	0	13	4.0
373	Компонента зв'язності графа	127	0	10	3.0
374	Комутативна алгебра	22	0	11	0.0
375	Комутативне кільце	42	0	8	1.0
376	Комутативність	294	2	26	9.0
377	Кон'юнкція	515	2	33	15.0
378	Конкатенація	183	1	15	6.0
379	Континуум-гіпотеза	62	0	6	2.0
380	Контрапозиція	35	0	4	1.0
381	Кооперативна гра (теорія ігор)	22	0	3	1.0
382	Кореляція і залежність	1248	10	71	41.0
383	Кортеж (інформатика)	233	1	19	7.0
384	Крайова задача	53	0	4	2.0
385	Крива	121	0	11	3.0
386	Кривина (математика)	98	0	8	3.0
387	Криві другого порядку	507	3	45	14.0
388	Криза основ математики	20	0	2	1.0
389	Криптоаналіз	166	2	12	5.0
390	Криптографічна геш-функція	144	1	11	4.0
391	Криптографічно стійкий генератор псевдовипадкових чисел	57	0	9	1.0
392	Криптографія	1530	14	71	50.0
393	Критерій Фішера	398	4	32	12.0
394	Критична точка (математика)	155	1	12	4.0
395	Куб	1328	16	83	41.0
396	Куля (геометрія)	19	0	3	1.0
397	Курт Гедель	120	0	39	3.0
398	Кут	1268	10	77	33.0
399	Кутова швидкість	1060	9	70	31.0
400	Кутовий коефіцієнт	828	3	41	27.0
401	Лагранжіан	58	0	8	1.0
402	Лазар Карно	27	0	4	1.0
403	Ланцюги Маркова	440	3	165	8.0
404	Ланцюги Маркова з неперервним часом	32	0	6	1.0
405	Ланцюговий дріб	79	0	5	3.0
406	Лейтзен Егберт Ян Брауер	25	0	4	1.0
407	Лексель Андрій Іванович	1	0	1	0.0
408	Лема Гронуолла — Беллмана	8	0	2	0.0
409	Лема Цорна	14	0	2	1.0
410	Леонард Ейлер	541	7	48	14.0
411	Лінійна алгебра	232	2	14	7.0
412	Лінійна комбінація	153	1	12	5.0
413	Лінійна регресія	711	8	43	23.0
414	Лінійна функція	612	7	33	21.0
415	Лінійне відображення	192	0	15	5.0
416	Лінійне програмування	512	1	38	16.0
417	Лінійне рівняння	526	5	35	16.0
418	Лінія	241	2	28	6.0
419	Логарифм	1875	22	99	62.0
420	Логарифмічно угнута функція	11	0	4	0.0
421	Логіка	2191	33	159	64.0
422	Логіка в інформатиці	145	0	10	5.0
423	Логіка другого порядку	12	0	3	0.0
424	Логіка першого порядку	147	0	11	5.0
425	Логічний сполучник	145	1	16	4.0
426	Любич Михайло Юрійович	7	0	2	0.0
427	Ляпунов Олександр Михайлович	75	0	12	2.0
428	Майже періодична функція	12	0	4	1.0
429	Майкл Атія	19	0	3	1.0
430	Максимальний ідеал	11	0	3	0.0
431	Маргуліс Григорій Олександрович	9	0	2	0.0
432	Марковська властивість	33	0	4	1.0
433	Марковська модель	73	0	13	1.0
434	Марковський момент часу	13	0	5	0.0
435	Марковський процес	157	0	13	5.0
436	Марковський процес вирішування	31	0	4	1.0
437	Мартингал	14	0	1	1.0
438	Математик	436	1	34	13.0
439	Математика	2750	32	181	87.0
440	Математична індукція	294	1	19	9.0
441	Математична константа	129	0	10	4.0
442	Математична логіка	347	1	30	10.0
443	Математична статистика	406	0	33	14.0
444	Математична фізика	153	0	13	4.0
445	Математичне моделювання	554	1	39	17.0
446	Математичне сподівання	1216	11	67	35.0
447	Математичний аналіз	522	7	44	15.0
448	Матриця (математика)	1855	26	123	57.0
449	Матриця суміжності	379	0	27	11.0
450	Машина Тюрінга	671	5	47	21.0
451	Медаль Філдса	584	13	33	18.0
452	Медіана (статистика)	2231	15	279	56.0
453	Мероморфна функція	26	0	3	1.0
454	Метаматематика	12	0	3	0.0
455	Метамова	184	0	29	4.0
456	Метод Гауса	703	0	51	20.0
457	Метод Гауса — Жордана	265	1	22	8.0
458	Метод головних компонент	262	1	22	8.0
459	Метод групового урахування аргументів	78	0	8	2.0
460	Метод максимальної правдоподібності	202	1	17	6.0
461	Метод матриць переходу	10	0	3	1.0
462	Метод Монте-Карло	389	4	24	12.0
463	Метод невизначених множників	110	0	12	3.0
464	Метод Ньютона	293	2	20	9.0
465	Метод скінченних різниць	106	0	10	3.0
466	Метричний простір	243	2	34	7.0
467	Метричний тензор	39	0	8	1.0
468	Механіка Гамільтона	75	0	9	2.5
469	Мимобіжні прямі	755	8	44	24.0
470	Міжнародна математична олімпіада	163	0	15	5.0
471	Мінімальна довжина повідомлення	6	0	2	0.0
472	Мінімізація булевих функцій за допомоги дужкових форм	46	0	5	1.0
473	Міра множини	83	0	10	2.0
474	Міра Хаара	8	0	2	0.0
475	Мішаний добуток	271	0	25	7.0
476	Многовид	90	0	9	3.0
477	Многогранник	429	3	29	13.0
478	Многокутник	1043	6	76	22.0
479	Многочлен	793	10	47	28.0
480	Множення	731	4	48	21.0
481	Множина	2722	26	169	84.0
482	Мода (статистика)	931	9	54	31.0
483	Модель Барабаші — Альберт	24	0	7	1.0
484	Модель Блека — Шоулза	79	0	8	2.0
485	Модуль (математика)	1357	12	111	33.0
486	Модуль над кільцем	36	0	4	1.0
487	Модульна арифметика	268	2	17	9.0
488	Модулярна форма	20	0	3	1.0
489	Мультиіндекс	6	0	1	0.0
490	Мультимножина	29	0	6	0.5
491	Найбільше відоме просте число	366	4	26	11.0
492	Найбільший спільний дільник	694	11	35	22.0
493	Найменше спільне кратне	1026	11	57	34.0
494	Накриття (топологія)	6	0	1	0.0
495	Напівмартингал	6	0	3	0.0
496	Нат (одиниця вимірювання)	12	0	2	1.0
497	Натуральні числа	6436	31	458	181.0
498	Начала Евкліда	127	0	10	4.0
499	Нго Бао Чау	10	0	2	0.0
500	Невластивий інтеграл	2	0	1	0.0
501	Недетермінований скінченний автомат	60	0	8	1.0
502	Неевклідова геометрія	151	1	19	4.0
503	Незалежність (теорія ймовірностей)	172	0	15	5.0
504	Незвідний многочлен	105	0	10	3.0
505	Неімплікація	12	0	3	0.5
506	Нелінійні диференціальні рівняння	9	0	2	0.0
507	Неперервна справа функція з лівосторонніми границями	19	0	4	0.5
508	Неперервна функція	1088	13	71	32.0
509	Нерівність	1182	11	67	36.0
510	Нерівність Коші — Буняковського	653	7	63	16.0
511	Нерівність трикутника	205	0	16	6.0
512	Нерівність Чебишова	151	0	25	4.0
513	Нескінченність	496	4	33	17.0
514	Нечітка множина	338	0	45	8.0
515	Ніколя Бурбакі	37	0	5	1.0
516	Нільпотентна група	4	0	1	0.0
517	Нім (гра)	35	0	4	1.0
518	Норма (математика)	137	1	16	4.0
519	Норма (теорія полів)	0	0	0	0.0
520	Нормальна підгрупа	57	0	8	1.0
521	Нормальний розподіл	1496	17	91	47.0
522	Обернена функція	704	6	48	22.0
523	Обернені тригонометричні функції	954	6	61	31.0
524	Область визначення	1647	16	93	47.0
525	Область значень	666	3	38	23.0
526	Область цілісності	85	0	10	2.0
527	Обчислювальна математика	100	0	10	3.0
528	Обчислювана функція	45	0	9	1.0
529	Оґюстен-Луї Коші	139	0	15	4.0
530	Одностороння функція	67	0	10	1.0
531	Окіл	189	0	14	6.0
532	Омар Хаям	3674	28	299	112.0
533	Оператор Лапласа	143	0	14	4.0
534	Оптимізація (математика)	399	2	27	12.0
535	Оптимум Парето	248	1	19	8.0
536	Опукла комбінація	16	0	3	1.0
537	Опукла множина	85	1	7	2.0
538	Опукла функція	222	1	15	6.0
539	Ортогональна матриця	83	0	12	2.0
540	Ортогональність	240	1	16	7.0
541	Ортонормований базис	71	0	8	2.0
542	Оскар Зарицький	8	0	2	0.0
543	Основна теорема алгебри	181	0	17	5.5
544	Основна теорема арифметики	130	0	13	5.0
545	Оцінка апостеріорного максимуму	25	0	3	1.0
546	Оцінка густини	20	0	3	0.0
547	П'єр Рене Делінь	22	0	2	1.0
548	П'єр Ферма	192	0	41	4.0
549	П'єр-Симон Лаплас	219	1	19	6.0
550	П'ятикомірник	21	0	4	0.0
551	Пал Ердеш	53	0	5	2.0
552	Парабола	1270	16	83	36.0
553	Парадокс Банаха — Тарського	115	0	14	3.0
554	Парадокс Расселла	267	2	24	7.0
555	Паралельність	529	1	44	16.0
556	Параметр	550	1	270	8.0
557	Переважне приєднання	5	0	2	0.0
558	Перевірка відношенням правдоподібностей	41	0	8	1.0
559	Перевірка статистичних гіпотез	418	2	34	14.0
560	Перельман Григорій Якович	621	11	34	20.0
561	Перестановка	345	4	23	10.0
562	Перетворення Гільберта	27	0	5	1.0
563	Перетворення Лапласа	370	1	30	10.0
564	Перетворення Фур'є	569	3	33	18.0
565	Перетин множин	373	2	29	12.0
566	Перехресна ентропія	42	0	5	1.0
567	Перехресна перевірка	80	0	6	2.0
568	Периметр	639	4	57	17.0
569	Періодична функція	350	5	21	11.0
570	Періодичний стан	8	0	2	0.5
571	Підмножина	643	6	47	18.0
572	Піднесення до степеня	1736	16	101	48.0
573	Підстановка	28	0	3	1.0
574	Піфагор	4758	14	444	113.0
575	Планування експерименту	425	4	26	15.0
576	Площа	2670	22	159	73.0
577	Площа поверхні	90	0	11	3.0
578	Площина	524	6	43	14.0
579	Поверхневий інтеграл	233	0	27	7.0
580	Поверхня	206	1	17	6.0
581	Повний метричний простір	52	0	6	1.0
582	Подвійні числа	12	0	3	0.0
583	Подільність	209	1	27	6.0
584	Позиційна система числення	631	4	53	18.0
585	Показникова функція	713	9	45	21.0
586	Пол Джозеф Коен	14	0	3	0.5
587	Поле (алгебра)	303	1	32	9.0
588	Поле Галуа	130	0	18	4.0
589	Поліноми Ерміта	49	0	4	1.0
590	Поль Дірак	68	0	4	2.0
591	Полюс (комплексний аналіз)	30	0	4	1.0
592	Полярна система координат	674	5	56	20.0
593	Помилки першого і другого роду	183	1	15	5.0
594	Порядкове число	44	0	4	1.0
595	Послідовність	568	3	40	17.0
596	Послідовність Фібоначчі	913	15	67	28.0
597	Потужність множини	621	5	50	17.0
598	Похибки та залишки	150	0	12	4.0
599	Похідна	3283	37	221	105.0
600	Правило висновування	41	0	11	1.0
601	Правило Лопіталя	974	8	73	25.0
602	Правильний многокутник	469	2	37	14.0
603	Правильний трикутник	2289	9	162	66.0
604	Представлення групи	19	0	3	0.0
605	Приблизне баєсове обчислення	26	0	4	1.0
606	Прикладна математика	383	4	21	14.0
607	Принцип детальної рівноваги	4	0	1	0.0
608	Принцип Діріхле	254	2	20	7.0
609	Принцип максиміну	21	0	5	0.0
610	Припущення	120	0	11	3.0
611	Прискорення	3356	27	216	94.0
612	Пристосованість (статистика)	22	0	3	1.0
613	Проблема зупинки	63	0	8	2.0
614	Проблема чотирьох фарб	131	0	13	3.0
615	Проблеми Гільберта	121	1	9	4.0
616	Проєктивна геометрія	5	0	3	1.0
617	Проєктивний простір	12	0	9	1.0
618	Проста група	5	0	1	0.0
619	Просте число	1803	25	105	58.0
620	Простий ідеал	12	0	2	1.0
621	Простір Мінковського	87	0	11	2.0
622	Простір Шварца	7	0	4	0.0
623	Простір Lp	67	0	6	2.0
624	Просторово-часовий інтервал	186	1	18	5.0
625	Протокол узгодження ключів	20	0	5	0.0
626	Процес Леві	3	0	1	0.0
627	Пряма	641	6	43	19.0
628	Пряма секретність	39	0	10	1.0
629	Прямий кут	654	0	54	16.0
630	Прямокутний трикутник	6836	43	454	194.0
631	Псевдотріангуляція	5	0	1	0.0
632	Пучок (математика)	13	0	3	0.0
633	Радіальна базисна функція	26	0	3	1.0
634	Радіан	818	5	65	24.0
635	Радіус	1338	9	97	41.0
636	Раціональна функція	60	0	6	1.0
637	Раціональні числа	4503	25	351	112.0
638	Регістр зсуву з лінійним зворотним зв'язком	100	0	10	3.0
639	Регресійний аналіз	923	6	66	30.0
640	Регуляризація (математика)	29	0	4	1.0
641	Рене Декарт	1534	23	103	47.0
642	Рене Том	12	0	2	0.0
643	Рерайтинг (математика)	13	0	3	0.0
644	Римська система числення	4007	61	227	120.0
645	Рівність класів P і NP	226	1	25	5.0
646	Рівновага Неша	303	3	32	8.0
647	Рівномірна збіжність	89	0	10	2.5
648	Рівномірна обмеженість	32	0	4	1.0
649	Рівностепенева неперервність	7	0	1	0.0
650	Рівняння	695	4	43	22.0
651	Рівняння Дірака	92	0	10	3.0
652	Рівняння конвекції-дифузії	29	0	3	1.0
653	Рівняння Лапласа	96	0	8	3.0
654	Рівняння Максвелла	974	8	80	31.0
655	Рівняння Нав'є — Стокса	222	1	15	7.0
656	Рівняння Пелля	13	0	2	1.0
657	Рівняння Смолюховського	7	0	3	1.0
658	Рівняння теплопровідності	117	0	11	4.0
659	Рівняння Фоккера-Планка	17	0	3	1.0
660	Рівняння Чепмена — Колмогорова	48	0	9	1.0
661	Рівняння четвертого степеня	176	0	13	5.0
662	Рівняння Шредінгера	544	5	59	16.0
663	Ріманова поверхня	38	0	4	1.0
664	Ріхард Дедекінд	25	0	8	0.5
665	Річард Евен Борхердс	5	0	1	0.0
666	Роджер Пенроуз	69	0	7	2.0
667	Розбиття множини	201	1	14	7.0
668	Розв'язна група	6	0	2	0.0
669	Розвідувальний аналіз	50	0	6	1.0
670	Роздрібнена множина	2	0	1	0.0
671	Розмірність простору	127	0	13	3.0
672	Розподіл ймовірностей	564	4	42	16.0
673	Розподіл Коші	86	0	14	2.0
674	Розподіл Пуассона	531	3	42	16.0
675	Розподіл хі-квадрат	123	1	12	3.0
676	Розфарбовування ребер	12	0	2	1.0
677	Розходження Кульбака — Лейблера	46	0	6	1.0
678	Розширений фільтр Калмана	24	0	5	1.0
679	Розширення поля	37	0	4	1.0
680	Рональд Фішер	59	0	6	1.0
681	Ряд (математика)	274	3	21	8.0
682	Ряд Тейлора	848	10	46	25.0
683	Ряд Фур'є	731	8	58	20.0
684	Саймон Дональдсон	13	0	6	0.0
685	Середнє арифметичне	853	7	49	25.0
686	Середнє значення	537	4	37	16.0
687	Сигма-алгебра	96	0	13	3.0
688	Силогізм	700	6	46	21.0
689	Символ Кронекера	80	0	28	2.0
690	Символ Похгаммера	6	0	1	0.0
691	Симетрична група	21	0	2	1.0
692	Симетрія	1174	9	83	32.0
693	Симетрія в математиці	192	0	13	5.0
694	Симплекс	94	0	9	3.0
695	Симплекс-метод	270	1	23	8.0
696	Сингулярний розклад матриці	81	0	10	2.0
697	Сингулярні гомології	3	0	1	0.0
698	Система координат	1148	3	73	36.0
699	Система лінійних алгебраїчних рівнянь	1745	13	153	48.0
700	Система числення	1505	11	112	39.0
701	Сімеон-Дені Пуассон	31	0	7	1.0
702	Скаляр	264	1	16	9.0
703	Скалярний добуток	1001	7	54	30.0
704	Скінченна множина	233	2	23	6.0
705	Скінченні різниці	54	0	6	1.0
706	Складано-ножева перевибірка	6	0	2	0.0
707	Складене число	766	3	55	23.0
708	Соломон Лефшец	13	0	4	0.0
709	Спектральна теорема	15	0	4	1.0
710	Спеціальна теорія відносності	8003	12	1048	164.0
711	Список математичних категорій	45	0	6	1.0
712	Список тригонометричних тотожностей	1366	9	88	43.0
713	Спільна ентропія	20	0	7	1.0
714	Спінор	23	0	3	1.0
715	Спліт-кватерніони	6	0	2	0.0
716	Спрямований ациклічний граф	58	0	6	2.0
717	Срініваса Рамануджан	457	5	45	13.0
718	Стандартна модель	211	0	19	6.0
719	Стандартне відхилення	2135	20	134	72.0
720	Статистика	2267	18	169	65.0
721	Статистична дисперсія	266	2	18	7.0
722	Статистична значущість	590	3	36	16.0
723	Статистична механіка	69	0	6	2.0
724	Статистичне висновування	117	0	10	3.0
725	Стаціонарна точка	130	1	14	4.0
726	Степеневий ряд	190	1	17	5.0
727	Степінь трансцендентності	2	0	1	0.0
728	Стефан Банах	229	3	18	6.0
729	Стівен Смейл	6	0	2	0.0
730	Стохастична гра	7	0	2	0.0
731	Стохастична матриця	33	0	6	1.0
732	Стохастична модель	143	0	12	5.0
733	Стохастичне числення Іто	11	0	5	0.0
734	Сума	1121	6	80	38.0
735	Сфера	695	4	41	21.0
736	Сфера Рімана	28	0	3	1.0
737	Сферична система координат	363	3	23	11.0
738	Сюр'єкція	323	2	26	9.0
739	Таблиця множення	372	2	27	11.0
740	Теза Черча — Тюрінга	98	0	13	2.0
741	Тензорний добуток	31	0	5	1.0
742	Теорема	387	2	27	13.0
743	Теорема Асколі — Арцела	19	0	3	1.0
744	Теорема Баєса	651	7	36	20.0
745	Теорема Банаха про нерухому точку	58	0	7	2.0
746	Теорема Гамільтона — Келі	41	0	6	1.5
747	Теорема Гана — Банаха	14	0	3	1.0
748	Теорема Кантора	144	0	14	4.0
749	Теорема косинусів	2471	9	175	69.0
750	Теорема Лагранжа	748	8	58	20.0
751	Теорема Лагранжа (теорія груп)	72	0	11	2.0
752	Теорема Льовенгейма — Сколема	8	0	4	0.0
753	Теорема Піфагора	7346	65	485	216.0
754	Теорема про планарне розбиття	24	0	3	1.0
755	Теорема про розподіл простих чисел	59	0	9	2.0
756	Теорема Рамсея	33	0	5	2.0
757	Теорема Рімана — Роха	2	0	1	0.0
758	Теорема синусів	1451	9	97	45.0
759	Теорема Скорохода про вкладення	10	0	2	0.0
760	Теорема Стокса	164	0	18	5.0
761	Теореми Веєрштраса у банахових просторах	6	0	1	1.0
762	Теореми Геделя про неповноту	352	3	30	10.0
763	Теореми про ізоморфізми	20	0	4	1.0
764	Теоретична інформатика	92	0	6	3.0
765	Теорія алгоритмів	400	2	33	11.0
766	Теорія Вапника — Червоненкіса	13	0	4	0.0
767	Теорія випадкових процесів	36	0	4	1.0
768	Теорія відносності	4203	35	373	129.0
769	Теорія Галуа	40	0	6	1.0
770	Теорія графів	1019	11	98	32.0
771	Теорія груп	112	0	10	3.0
772	Теорія ігор	1023	19	51	32.0
773	Теорія інваріантів	16	0	6	0.0
774	Теорія інформації	451	6	30	14.0
775	Теорія ймовірностей	1813	27	102	56.0
776	Теорія категорій	89	0	13	2.0
777	Теорія керування	141	1	9	4.0
778	Теорія кодування	206	0	18	7.0
779	Теорія масового обслуговування	121	1	13	3.0
780	Теорія мереж	42	0	5	1.0
781	Теорія множин	555	3	39	16.0
782	Теорія множин Цермело — Френкеля	28	0	3	1.0
783	Теорія наближень	15	0	3	1.0
784	Теорія обчислюваності	23	0	7	0.0
785	Теорія порядку	18	0	2	1.0
786	Теорія представлень	11	0	4	0.0
787	Теорія Серфа	1	0	1	0.0
788	Теорія складності обчислень	198	0	18	5.0
789	Теорія статистичного навчання	8	0	1	0.0
790	Теорія хаосу	571	8	28	18.0
791	Теорія чисел	281	2	27	8.0
792	Теплокарта	34	0	4	1.0
793	Теренс Тао	52	0	6	2.0
794	Тесеракт	309	3	25	9.0
795	Тімоті Гауерс	5	0	1	0.0
796	Тоді й лише тоді	30	0	4	1.0
797	Топологічна група	12	0	1	1.0
798	Топологічний векторний простір	6	0	2	0.0
799	Топологічний простір	133	1	9	4.0
800	Топологія	384	4	20	12.0
801	Топологія Зариського	6	0	2	0.0
802	Тотожне відображення	36	0	6	1.0
803	Тотожність	1017	6	53	33.0
804	Тотожність Ейлера	75	0	8	2.0
805	Точка	361	4	28	10.0
806	Точність до	3	0	1	0.0
807	Трансцендентне число	119	0	8	4.0
808	Трапеція	2600	18	144	79.0
809	Тривимірний опис об'єкта	219	2	21	7.0
810	Тригонометричні функції	4429	40	253	126.0
811	Тригонометрія	903	9	64	30.0
812	Трикутник	3150	23	215	85.0
813	Трикутник Рело	160	0	18	4.0
814	Тріангуляція (геометрія)	70	0	10	2.0
815	Узагальнена функція	23	0	3	1.0
816	Умови Коші — Рімана	138	0	14	4.0
817	Умовна ентропія	45	0	9	1.0
818	Умовне математичне сподівання	44	0	6	2.0
819	Унарна операція	94	0	10	3.0
820	Уявна одиниця	244	2	19	8.0
821	Фазовий простір	122	0	17	3.0
822	Факторгрупа	49	0	6	1.0
823	Факторизація	111	0	12	3.0
824	Факторпростір	13	0	3	0.0
825	Фелікс Гаусдорф	27	0	3	1.0
826	Фелікс Кляйн	27	0	4	1.0
827	Фібоначчі	530	4	36	16.0
828	Фізика	2328	25	124	65.0
829	Філософія математики	45	0	5	1.0
830	Фільтр Калмана	179	1	18	5.0
831	Формальний степеневий ряд	9	0	2	0.0
832	Формула	462	3	53	13.0
833	Формула Гауса — Бонне	32	0	4	1.0
834	Формула Ейлера	538	7	39	16.0
835	Формула Муавра	312	1	24	10.0
836	Формула Ньютона — Лейбніца	642	9	36	21.0
837	Формула Остроградського	196	2	17	5.0
838	Формула повної ймовірності	416	3	26	12.0
839	Формула Фейнмана — Каца	5	0	1	0.0
840	Фрактал	1173	13	85	33.0
841	Фрактальна розмірність	87	0	17	2.0
842	Франсуа Вієт	224	1	25	6.0
843	Фундаментальна група	6	0	2	0.0
844	Фундаментальна послідовність	193	1	14	6.0
845	Функтор	32	0	6	1.0
846	Функції Бесселя	76	0	8	2.0
847	Функціональна похідна	16	0	3	0.5
848	Функціональний аналіз	197	0	15	6.0
849	Функціональний ряд	255	1	18	7.0
850	Функція (математика)	2932	22	226	85.0
851	Функція внеску	19	0	3	1.0
852	Функція Ейлера	198	1	15	5.0
853	Функція Мебіуса	19	0	3	1.0
854	Функція правдоподібності	147	1	12	4.0
855	Функція розподілу (статистична фізика)	25	0	6	1.0
856	Функція розподілу ймовірностей	525	4	37	16.0
857	Характер представлення групи	9	0	2	0.0
858	Характеристика Ейлера	14	0	2	0.0
859	Характеристична функція	63	0	6	2.0
860	Хвильове рівняння	258	1	18	8.0
861	Хеш-функція	668	4	45	20.0
862	Хроматичне число	92	0	10	2.0
863	Центральна гранична теорема	336	1	34	9.0
864	Центральний момент	64	0	13	2.0
865	Циклічний підклас	4	0	4	0.0
866	Циліндрична система координат	159	0	16	4.0
867	Цифри	1524	30	79	48.0
868	Ціла функція	13	0	2	0.0
869	Цілі числа	4203	24	298	116.0
870	Цілком впорядкована множина	23	0	5	0.0
871	Цілком неперервний оператор	9	0	2	0.0
872	Чарлз Сандерс Пірс	103	0	11	3.0
873	Час	2366	28	336	66.0
874	Часова область	39	0	5	1.0
875	Часовий ряд	363	0	51	11.0
876	Часткова похідна	445	4	28	14.0
877	Частково впорядкована множина	173	0	17	5.0
878	Частота події	57	0	7	1.0
879	Чезаре Арцела	4	0	2	0.0
880	Чисельне інтегрування	114	0	10	3.5
881	Чисельні методи	612	4	48	18.0
882	Числа Бернуллі	46	0	4	1.5
883	Числення висловлень	225	2	25	6.0
884	Число	1343	16	87	41.0
885	Число пі	4715	83	240	148.0
886	Чиста математика	40	0	6	1.0
887	Чотири арифметичні дії	1411	8	94	40.0
888	Шарль Ерміт	18	0	3	1.0
889	Швидке перетворення Фур'є	267	0	43	7.0
890	Швидкість	3808	24	254	109.0
891	Шинтан Яу	8	0	2	0.0
892	Шифр	88	0	9	3.0
893	Шифрування	507	3	35	15.0
894	Шіінг-Шен Черн	13	0	5	0.0
895	Шістнадцяткова система числення	680	6	38	21.0
896	Шлях (теорія графів)	56	0	6	1.0
897	Щербина Марія Володимирівна	32	0	9	1.0
898	Якобіан	51	0	6	1.0
899	Co-NP	11	0	2	0.0
900	E (число)	1544	18	72	47.0
901	EXPTIME	9	0	2	0.0
902	Gnuplot	17	0	3	0.0
903	Hashcash	8	0	2	0.0
904	Maple	91	0	12	3.0
905	Mathematica	76	0	8	2.0
906	MathML	28	0	5	1.0
907	NP-повна задача	236	1	23	7.0
908	NP-складна задача	87	0	9	3.0
909	PCP-теорема	4	0	1	0.0
910	T-критерій Стьюдента	873	9	61	28.0
911	T-розподіл Стьюдента	200	0	19	5.0
