1	Абсолютна система відліку	47	0	5	1.0
2	Абсолютний нуль	739	6	51	22.0
3	Автоколивання	312	1	30	8.0
4	Автолізія	1	0	1	0.0
5	Агрегатний стан	4780	20	374	140.5
6	Адіабатичне наближення	9	0	2	0.0
7	Адіабатичне розмагнічування	33	0	9	1.0
8	Адіабатичний інваріант	3	0	1	0.0
9	Адрон	251	3	32	7.0
10	Аеродинаміка	322	3	21	10.0
11	Аеромеханіка	1	0	1	0.0
12	Азот	7149	80	443	229.5
13	Аксино	16	0	3	0.0
14	Аксіальний струм	6	0	2	0.0
15	Аксіон	37	0	10	1.0
16	Активна фазована антенна решітка	48	0	4	1.0
17	Актиній	128	0	9	4.0
18	Актиноїди	200	2	12	6.0
19	Акумулятор тепла	37	0	7	1.5
20	Акустика	627	4	47	18.5
21	Акустичні фонони	9	0	3	0.0
22	Акустоконцентраційний ефект	2	0	1	0.0
23	Акустооптика	17	0	4	0.0
24	Алніко	16	0	3	0.0
25	Альбедо	1099	8	94	35.0
26	Альфа-спектрометр	8	0	1	0.0
27	Алюміній	8891	54	544	268.5
28	Аматорський радіозв'язок	269	0	38	6.0
29	Амбіполярна дифузія	8	0	2	0.0
30	Американське фізичне товариство	27	0	4	1.0
31	Америцій	75	0	8	2.0
32	Аморфні речовини	5209	24	453	140.0
33	Амплітуда ймовірності	16	0	4	1.0
34	Амплітуда розсіяння	5	0	2	0.0
35	Амплітудна маніпуляція	66	0	10	1.0
36	Амплітудна модуляція	352	2	49	9.5
37	Аналітична механіка	5	0	1	0.0
38	Андреєвське відбиття	4	0	1	0.0
39	Анізотропний магнетоопір	4	0	1	0.0
40	Аніон	950	2	69	27.0
41	Антиматерія	469	7	27	14.0
42	Антинейтрон	20	0	3	1.0
43	Антипротон	48	0	7	1.0
44	Антисвіт	12	0	2	1.0
45	Антисегнетоелектрики	6	0	2	0.0
46	Антиферомагнетики	35	0	5	1.0
47	Аргон	1202	9	70	38.0
48	Аромат (квантове число)	21	0	5	0.5
49	Арсен	1273	18	61	41.5
50	Арсенід алюмінію	12	0	5	0.0
51	Астат	387	2	28	12.5
52	Атмосфера (одиниця вимірювання)	628	4	39	19.5
53	Атмосферна акустика	1	0	1	0.0
54	Атом	6990	58	478	210.0
55	Атомна маса	1415	7	113	40.5
56	Атомна орбіталь	492	1	55	14.0
57	Атомна рефракція	7	0	6	0.0
58	Атомна теорія Дальтона	26	0	9	1.0
59	Атомна фізика	287	0	28	8.0
60	Атомна, молекулярна і оптична фізика	57	0	15	1.0
61	Атомний номер	723	4	43	24.5
62	Атомний остов	3	0	1	0.0
63	Атомний радіус	482	1	66	13.0
64	Атрактивна взаємодія	29	0	4	1.0
65	Атрактор	150	0	15	4.0
66	Аутогезія	16	0	5	1.0
67	Балістика	857	7	76	25.5
68	Барій	815	4	58	25.5
69	Баріони	93	0	7	3.0
70	Баріонний заряд	40	0	5	1.0
71	Басейн притягання	5	0	2	0.0
72	Батарея (електрика)	630	7	45	17.5
73	Безелектродна лампа	20	0	2	1.0
74	Безперервний сигнал	12	0	2	0.0
75	Бекерель	211	1	32	5.5
76	Бер	340	1	37	8.5
77	Берилій	1108	14	99	33.0
78	Берклій	50	0	6	1.0
79	Бета-випромінювання	209	0	25	4.0
80	Бета-розпад	1180	2	116	30.5
81	Бетатрон	14	0	3	0.0
82	Біекситон	2	0	2	0.0
83	Бінодаль	12	0	5	0.5
84	Біотехнічна система	11	0	3	0.0
85	Біполярний транзистор	1237	6	73	42.0
86	Бісмут	817	13	47	23.5
87	Біфуркація Андронова — Гопфа	4	0	2	0.0
88	Біфуркація подвоєння періоду	6	0	1	0.0
89	Ближнє поле	21	0	3	1.0
90	Бозон	220	1	22	5.5
91	Бозон Ґолдстоуна	4	0	1	0.0
92	Бозон Хіггса	617	8	52	17.5
93	Болометр	52	0	6	1.0
94	Бор	1181	12	89	36.5
95	Борій	70	0	7	2.0
96	Борнове наближення	4	0	1	0.0
97	Брана	23	0	3	1.0
98	Бреггівська дифракція	53	0	6	1.0
99	Бреґґівський пік	20	0	4	1.0
100	Брижі (хвилі)	70	0	12	2.0
101	Бром	1683	17	95	47.5
102	Броунівський рух	2030	8	135	59.5
103	Будівельна механіка	53	0	8	1.0
104	Будівельна фізика	24	0	4	0.5
105	Бульбашка Алькуб'єрре	51	0	6	1.5
106	В'язкоеластичність	10	0	2	0.0
107	Вага	3612	23	233	105.0
108	Валентна зона	50	0	7	2.0
109	Ванадій	434	3	25	14.0
110	Варіаційний принцип	4	0	2	0.0
111	Вейлівський напівметал	10	0	3	0.0
112	Вектор Бюргерса	7	0	4	0.0
113	Вектор поляризації	82	0	10	2.0
114	Вектор стану	25	0	3	1.0
115	Векторний потенціал	60	0	6	2.0
116	Великий адронний колайдер	1703	30	94	52.0
117	Великий канонічний ансамбль	5	0	2	0.0
118	Великий термодинамічний потенціал	8	0	2	0.0
119	Верх валентної зони	2	0	1	0.0
120	Вибух	815	6	52	24.0
121	Вимушене випромінювання	323	0	53	7.5
122	Вимушені коливання	699	3	70	16.5
123	Випрямлення змінного струму	834	8	58	24.5
124	Вироджений напівпровідник	19	0	3	1.0
125	Вихрові струми	422	2	46	12.0
126	Вібронна спектроскопія	17	0	2	1.0
127	Вігнерівський кристал	5	0	1	0.0
128	Від'ємна диференційна провідність	24	0	6	1.0
129	Відбій	82	0	20	2.0
130	Віддзеркалення	31	0	3	1.0
131	Відносна густина	1200	4	87	34.0
132	Відпрацьоване ядерне паливо	91	0	12	2.0
133	Відстань	1470	7	86	51.0
134	Вільна енергія Гельмгольца	183	0	15	4.5
135	Вільне падіння	3691	13	379	90.0
136	Вільний параметр	0	0	0	0.0
137	Віріальне рівняння стану	6	0	4	0.0
138	Віріальні коефіцієнти	12	0	3	1.0
139	Віртуальна частинка	27	0	4	1.0
140	Віртуальні переміщення	4	0	1	0.0
141	Віскер (металургія)	23	0	6	1.0
142	Вісь обертання	63	0	12	1.0
143	Вісь часу	56	0	7	2.0
144	Вічний двигун	454	6	30	12.5
145	Власна інформація	28	0	5	1.0
146	Власний напівпровідник	236	0	41	5.0
147	Власний час	53	0	12	1.0
148	Внутрішній імпеданс	0	0	0	0.0
149	Водень	7468	73	441	228.0
150	Вологість	866	6	62	21.5
151	Вольт-ампер	161	1	10	5.0
152	Вольфрам	970	9	59	28.5
153	Впливна величина	10	0	2	0.0
154	Всеросійський науково-дослідний інститут експериментальної фізики	16	0	3	1.0
155	Втомне руйнування	40	0	6	1.0
156	Вторинна електронна емісія	47	0	6	2.0
157	Вторинне квантування	10	0	2	0.0
158	Вуглецеві наноконуси	1	0	1	0.0
159	Вуглецеві нанотрубки	252	2	21	7.0
160	Вуглець	6233	70	382	196.0
161	Гадоліній	115	0	10	3.5
162	Газовий розряд	1374	4	161	32.5
163	Газоструменевий випромінювач	12	0	2	1.0
164	Гал (фізична одиниця)	16	0	3	1.0
165	Галій	613	7	38	19.5
166	Гальванічний елемент	1923	10	121	56.5
167	Гальмівний шлях	1020	6	74	28.5
168	Гамільтоніан	97	0	10	3.0
169	Гамма-промені	2171	17	151	59.0
170	Гамма-спалахи	62	0	6	2.0
171	Гамма-спектроскопія	7	0	3	0.0
172	Гармата Гауса	169	1	13	5.5
173	Гармонічні коливання	2368	13	157	68.0
174	Гасій	68	0	6	2.0
175	Гафній	162	1	15	5.0
176	Гелій	2263	16	132	72.0
177	Гелій-3	93	0	7	2.0
178	Гелій-4	29	0	4	1.0
179	Генерація другої гармоніки	12	0	3	0.0
180	Генерація носіїв заряду	73	0	7	2.0
181	Геометрична оптика	437	1	32	12.5
182	Геофізика	134	1	13	4.0
183	Германій	558	3	39	16.5
184	Герц	1252	20	72	38.5
185	Гетеродин	51	0	5	2.0
186	Гетероструктури	13	0	5	0.0
187	Гідроаеродинаміка	19	0	3	0.0
188	Гідрофон	8	0	3	0.0
189	Гіперболічна траєкторія	15	0	2	0.0
190	Гіперзвукова швидкість	148	1	19	3.0
191	Гіперони	22	0	5	1.0
192	Гіпотеза Ампера	161	0	17	4.0
193	Гіромагнітне співвідношення	40	0	5	1.0
194	Глісування	30	0	4	1.0
195	Глушник мобільних телефонів	49	0	7	1.0
196	Глюбол	22	0	3	0.5
197	Глюон	135	1	11	3.0
198	Головне квантове число	184	1	17	5.0
199	Голономний зв'язок	7	0	1	0.0
200	Гольмій	71	0	7	2.0
201	Гомопауза	8	0	3	0.0
202	Горизонт Коші	8	0	3	0.0
203	Горизонт подій	210	2	14	6.0
204	Гравітаційна сингулярність	302	3	19	9.0
205	Гравітаційне поле	334	2	25	11.0
206	Гравітаційне реліктове випромінювання	3	0	1	0.0
207	Гравітаційний радіус	154	0	15	4.5
208	Гравітація	4564	40	431	117.5
209	Гравітино	40	0	4	1.0
210	Гравітон	131	0	14	3.0
211	Границя міцності	1315	10	111	39.0
212	Гранична швидкість	20	0	4	1.0
213	Граничні умови Борна-Кармана	8	0	4	0.0
214	Графен	716	8	40	21.0
215	Групова швидкість	65	0	10	2.0
216	Густина енергії	273	0	32	6.5
217	Густина потоку частинок	31	0	4	1.0
218	Густина станів	39	0	5	1.0
219	Густина струму	540	1	39	17.0
220	Ґратка Бете	3	0	1	0.0
221	Давидівське розщеплення	20	0	5	0.0
222	Дальній порядок	71	0	9	2.0
223	Дармштадтій	82	0	6	2.0
224	Дарсі (одиниця)	21	0	5	1.0
225	Двомірна ядерна магнітно-резонансна спектроскопія	8	0	2	0.0
226	Двофотонне збудження	6	0	2	0.0
227	Дебай	108	1	8	3.0
228	Дейтерій	430	4	32	13.0
229	Дейтрон	50	0	7	1.0
230	Декстерів перенос енергії	3	0	1	0.0
231	Делокалізований стан	23	0	3	1.0
232	Дельта-баріон	18	0	4	0.0
233	Детермінант Слейтера	11	0	3	0.0
234	Детермінований хаос	70	0	6	2.0
235	Дефект маси	826	3	77	19.0
236	Деформаційний потенціал	4	0	1	0.0
237	Деформація	3634	18	245	124.5
238	Деформація згину	560	3	35	17.0
239	Деформація зсуву	627	2	43	18.5
240	Деформація кручення	504	5	65	12.0
241	Децибел	732	10	44	21.5
242	Дециметрові хвилі	137	0	14	4.0
243	Дзеркало	1046	16	61	33.0
244	Дивність	32	0	3	1.0
245	Дилатон	19	0	4	0.0
246	Динамічна рівновага	1511	2	120	44.5
247	Директор (рідкий кристал)	10	0	2	0.5
248	Дислокація (кристалографія)	69	0	9	2.0
249	Дисперсійні сили	24	0	3	1.0
250	Дисперсія світла	3878	19	292	96.5
251	Диспрозій	60	0	5	2.0
252	Диференціальний переріз розсіювання	16	0	3	1.0
253	Диференціатор	70	0	18	1.0
254	Дифракційна ґратка	4794	12	475	108.0
255	Дифракція	6501	29	520	160.5
256	Дифузійний струм	59	0	7	1.0
257	Дифузія	4506	23	259	141.0
258	Дифузія за законом Арреніуса	5	0	2	0.0
259	Дифузне відбиття світла	261	2	19	7.0
260	Діаграма станів (хімія)	1	0	1	0.0
261	Діаграма Фейнмана	60	0	9	2.0
262	Діамагнетики	412	0	37	12.0
263	Діелектрична сприйнятливість	31	0	6	1.0
264	Діелектричне дзеркало	14	0	2	1.0
265	Дійсна густина	22	0	3	1.0
266	Дійсне зображення	206	0	19	6.0
267	Діод Зенера	258	1	27	6.5
268	Дірка (квазічастинка)	217	1	16	6.5
269	Дірка Фермі	0	0	0	0.0
270	Діркова телепортація	11	0	2	1.0
271	Дно зони провідності	2	0	1	0.0
272	Довгі хвилі	198	0	16	5.0
273	Довжина вільного пробігу	220	1	20	6.0
274	Довжина хвилі	6712	23	445	174.5
275	Доплерівське розширення	14	0	2	1.0
276	Дослід радіоактивності Антуаном Анрі Беккерелем	120	0	10	5.0
277	Дослід Штерна-Герлаха	176	1	22	3.5
278	Доцентрове прискорення	552	4	36	15.5
279	Дробовий квантовий ефект Холла	10	0	2	0.0
280	Дроплетон	11	0	3	0.0
281	Друга в'язкість	8	0	4	0.0
282	Друга космічна швидкість	544	6	43	14.0
283	Другий звук	1	0	1	0.0
284	Дуант	3	0	2	0.0
285	Дубній	185	0	69	4.0
286	Духи Фаддєєва — Попова	24	0	3	1.0
287	Еванесцентне поле	30	0	5	1.0
288	Евтектика	212	0	13	7.0
289	Ейнштейн (одиниця)	10	0	2	0.0
290	Ейнштейній	79	0	7	2.0
291	Ейрі кільця	13	0	2	0.0
292	Екзотичний атом	16	0	3	0.0
293	Екранування заряду	36	0	4	1.0
294	Ексимерна люмінесценція	7	0	6	0.0
295	Ексиплексна люмінесценція	9	0	9	0.0
296	Екситон	60	0	6	1.0
297	Екситон Ваньє-Мотта	9	0	2	0.5
298	Екситон Френкеля	13	0	6	1.0
299	Експеримент з олійними краплями	65	0	8	2.0
300	Експеримент Майкельсона — Морлі	143	0	13	4.0
301	Ексцентриситет орбіти	106	0	18	2.0
302	Електрети	48	0	4	2.0
303	Електрика	2087	25	121	64.0
304	Електрична енергія	1466	12	83	44.5
305	Електрична напруга	9288	40	654	321.0
306	Електричне коло	2710	12	168	83.5
307	Електричне поле	3472	19	258	105.5
308	Електричний дипольний момент	256	1	17	7.0
309	Електричний заряд	5115	36	338	152.5
310	Електричний імпеданс	438	2	32	11.5
311	Електричний потік	86	0	14	2.0
312	Електроадгезія	3	0	2	0.0
313	Електроізоляція	213	1	19	7.0
314	Електрокалоричний ефект	1	0	1	0.0
315	Електромагнітна індукція	2042	16	122	58.5
316	Електромагнітна хвиля	6178	28	509	173.5
317	Електромагнітне випромінювання	3015	21	244	90.5
318	Електромагнітне поле	1117	10	70	33.5
319	Електрон	2365	19	139	77.0
320	Електрон провідності	41	0	5	1.0
321	Електрон-діркова рідина	3	0	1	0.0
322	Електрон-фононна взаємодія	13	0	3	1.0
323	Електронна гармата	34	0	3	1.0
324	Електронна густина	57	0	9	2.0
325	Електронна енергія	7	0	4	1.0
326	Електронна лавина	10	0	2	1.0
327	Електронна оболонка	1410	3	117	39.0
328	Електронна пара	149	0	18	4.0
329	Електронна спектроскопія	33	0	5	1.0
330	Електронне нейтрино	110	0	13	2.5
331	Електронний генератор	190	0	17	5.0
332	Електронний мікроскоп	780	3	58	22.0
333	Електронний парамагнітний резонанс	351	2	38	7.5
334	Електронний стан	0	0	0	0.0
335	Електронно-променева установка	3	0	2	0.0
336	Електрооптичний ефект	18	0	6	1.0
337	Електрорушійна сила	2686	9	210	65.5
338	Електростатика	472	3	38	13.0
339	Електростатична індукція	148	0	12	3.5
340	Електростатична лінза	15	0	3	0.5
341	Електростатичний генератор Ван де Граафа	121	1	10	3.0
342	Електростатичний потенціал	1391	6	104	38.0
343	Елементарна частинка	1210	5	101	34.5
344	Емітанс пучка	2	0	1	0.0
345	Енергетичний рівень	388	3	39	10.5
346	Енергетичний спектр	43	0	5	2.0
347	Енергія вакууму	125	0	11	3.0
348	Енергія зв'язку	682	0	86	19.0
349	Еніон	2	0	1	0.0
350	Ентропія змішування	17	0	3	1.0
351	Ербій	90	0	7	3.0
352	Ергодична гіпотеза	11	0	3	0.0
353	Ета-мезон	15	0	3	0.0
354	Ефект Вігнера	6	0	1	0.0
355	Ефект де Гааза-ван Альфена	5	0	2	0.0
356	Ефект Джоуля-Томсона	90	0	8	3.0
357	Ефект Доплера	921	12	49	28.5
358	Ефект Зеемана	88	0	10	2.5
359	Ефект Зеєбека	161	0	20	5.0
360	Ефект Казимира	61	0	7	2.0
361	Ефект Керра	46	0	5	1.0
362	Ефект Кея	8	0	4	0.0
363	Ефект конденсатного диску	49	0	10	1.0
364	Ефект Кондо	4	0	2	0.0
365	Ефект Коттона — Мутона	14	0	3	0.0
366	Ефект Мейснера	60	0	8	1.0
367	Ефект Міхеєва — Смирнова — Вольфенштейна	3	0	2	0.0
368	Ефект Нернста	2	0	1	0.0
369	Ефект Овергаузера	11	0	4	0.0
370	Ефект Оже	54	0	5	1.0
371	Ефект Пельтьє	110	0	12	3.0
372	Ефект Перселла	3	0	1	0.0
373	Ефект Рамана	6	0	2	0.0
374	Ефект Рамзауера	27	0	3	1.0
375	Ефект Рашби	3	0	1	0.0
376	Ефект Реннера	0	0	0	0.0
377	Ефект Реннера — Теллера	1	0	1	0.0
378	Ефект Тіндаля	335	1	125	7.0
379	Ефект Томсона	96	0	18	2.0
380	Ефект Фарадея	158	1	18	4.0
381	Ефект Франца-Келдиша	1	0	1	0.0
382	Ефект Штарка	24	0	4	0.0
383	Ефективна густина станів	15	0	3	0.0
384	Ефективна маса	70	0	14	2.0
385	Ефективна площа розсіювання	121	1	15	3.5
386	Ефективна температура	129	0	10	3.0
387	Ефективний коефіцієнт розмноження нейтронів	52	0	5	1.0
388	Ехолокація	799	4	99	22.5
389	Європій	72	0	6	2.0
390	Жаропродуктивність	6	0	1	1.0
391	Загальна коваріантність	4	0	1	0.0
392	Задача трьох тіл	102	0	8	3.0
393	Закон Ампера	1553	7	130	48.5
394	Закон Архімеда	12861	27	1708	267.5
395	Закон Беца	17	0	3	1.0
396	Закон Бугера — Ламберта — Бера	587	1	56	15.5
397	Закон всесвітнього тяжіння	7154	28	643	174.0
398	Закон Гука	4819	25	366	154.0
399	Закон Ґейґера — Неттола	5	0	1	0.0
400	Закон Дальтона	316	0	29	6.0
401	Закон Дебая	20	0	3	1.0
402	Закон Джоуля — Ленца	1837	8	152	54.5
403	Закон дисперсії	181	1	14	5.0
404	Закон Дюлонга — Пті	45	0	11	0.5
405	Закон збереження енергії	2704	25	204	76.0
406	Закон збереження імпульсу	1916	8	182	50.5
407	Закон збереження маси	1618	8	130	49.0
408	Закон Мозлі	104	0	11	2.0
409	Закон рівнорозподілу	83	0	23	2.0
410	Закон Снеліуса	470	1	48	10.0
411	Закони термодинаміки	550	3	34	16.0
412	Закони Фіка	190	0	19	5.0
413	Залишкова намагніченість	36	0	6	1.0
414	Залізний пік	14	0	8	0.0
415	Залізо	9775	79	608	282.5
416	Заломлення	1657	7	132	38.5
417	Замерзання	235	1	35	6.0
418	Запізнення	22	0	4	1.0
419	Заряджена частинка	308	0	22	11.0
420	Заряджений струм	1	0	1	0.0
421	Зарядове спряження	11	0	3	0.0
422	Збіднений уран	36	0	4	1.0
423	Зброя спрямованої енергії	73	0	10	2.0
424	Збуджений стан квантовомеханічної системи	37	0	9	1.0
425	Зведена маса	39	0	15	0.5
426	Зворотність	84	0	12	2.0
427	Звукова енергія	20	0	2	1.0
428	Звуковий удар	30	0	5	1.0
429	Згасаюча хвиля	5	0	1	0.0
430	Зминання	17	0	5	1.0
431	Змінний конденсатор	48	0	5	1.0
432	Змінний струм	4576	45	363	129.0
433	Змінні дія — кут	2	0	1	0.0
434	Золото	3444	50	169	104.5
435	Зона провідності	56	0	9	1.0
436	Зонне плавлення	22	0	6	1.0
437	Зоряний нуклеосинтез	17	0	4	0.0
438	Ізобари (ядерна фізика)	87	0	9	3.0
439	Ізовалентна домішка	3	0	1	0.0
440	Ізоентропійний процес	35	0	9	1.0
441	Ізолятор Мотта	14	0	2	1.0
442	Ізотермічний процес	4900	13	386	117.0
443	Ізотопи	2792	8	220	89.0
444	Ізотопічний спін	27	0	4	1.0
445	Ізотопна поширеність	12	0	3	0.0
446	Імплозія (фізика)	32	0	3	1.0
447	Імпульсна модуляція	77	0	11	2.0
448	Імпульсно-кодова модуляція	121	0	7	4.0
449	Інваріант (фізика)	54	0	9	2.0
450	Інваріанти електромагнітного поля	16	0	4	1.0
451	Інверсна заселеність	117	1	19	4.0
452	Індій	426	3	62	9.0
453	Індуктивність	1530	6	99	41.5
454	Індукційний струм	944	2	93	25.0
455	Інерційна система відліку	3426	15	407	90.5
456	Інерція	5521	25	397	161.5
457	Інжекція носіїв заряду	26	0	4	1.0
458	Інженерно-фізичний факультет НТУУ «КПІ»	20	0	6	1.0
459	Інкремент наростання	2	0	1	0.0
460	Інтеграл вздовж траєкторій	29	0	4	1.0
461	Інтеграл перекриття	7	0	2	0.0
462	Інтенсивна величина	31	0	4	1.0
463	Інтеркомбінаційна конверсія	7	0	2	0.0
464	Інтерференція хвиль	2550	6	180	71.5
465	Інтерферометр Майкельсона	119	0	18	3.0
466	Інтерферометр Фабрі-Перо	56	0	7	2.0
467	Інформаційна ентропія	686	4	43	21.0
468	Інфразвук	1069	11	66	33.0
469	Інфразвукова зброя	82	0	6	3.0
470	Іон	2070	20	141	57.0
471	Іонізаційна рівновага	18	0	3	1.0
472	Іоністор	193	1	17	5.5
473	Іонна пастка	9	0	3	0.0
474	Іонний звук	2	0	1	0.0
475	Іпсилон-мезон	13	0	3	0.0
476	Іридій	323	4	18	10.5
477	Іскрова камера	11	0	2	0.0
478	Іскровий розряд	219	0	27	5.0
479	Історія механіки	131	0	10	3.5
480	Історія телескопа	401	0	33	10.5
481	Історія фізики	369	2	30	12.5
482	Ітербій	78	0	7	2.0
483	Ітрій	162	2	9	5.0
484	Йод	2528	29	164	78.0
485	Йод-131	189	2	17	5.0
486	Йодид калію	621	5	42	20.0
487	Йонний кристал	268	0	30	6.5
488	Кадмій	656	6	42	21.0
489	Калібрувальна інваріантність	53	0	4	1.0
490	Калібрувальний бозон	47	0	5	1.0
491	Калій	2811	12	191	75.0
492	Каліфорній	233	0	30	6.0
493	Калорія	799	13	46	23.5
494	Кальцій	3360	20	207	109.5
495	Камера Вільсона	920	7	68	25.5
496	Каналювання	2	0	1	0.0
497	Канонічне перетворення	21	0	5	1.0
498	Канонічний ансамбль (фізика)	6	0	2	0.0
499	Каони	44	0	7	1.0
500	Капілярний ефект	1274	3	79	39.0
501	Каустика	36	0	5	1.0
502	Квадратурно-амплітудна модуляція	144	0	14	4.0
503	Квадратурно-фазова модуляція	7	0	1	0.0
504	Квадрупольний момент	45	0	13	1.0
505	Квазікласичне наближення	17	0	3	0.0
506	Квазікристал	38	0	6	1.0
507	Квазічастинка	74	0	7	2.0
508	Квант магнітного потоку	36	0	3	1.0
509	Квантова гравітація	99	0	6	3.0
510	Квантова декогеренція	35	0	5	1.0
511	Квантова дротина	8	0	2	0.0
512	Квантова інформація	25	0	3	1.0
513	Квантова криптографія	96	0	8	3.0
514	Квантова логіка	14	0	3	0.0
515	Квантова механіка	1498	23	82	46.5
516	Квантова телепортація	82	0	7	2.0
517	Квантова точка	105	0	17	2.5
518	Квантова тривіальність	4	0	2	0.0
519	Квантова хімія	101	0	7	3.5
520	Квантова хромодинаміка	88	0	9	2.0
521	Квантова яма	26	0	3	1.0
522	Квантовий байєсіанізм	10	0	2	0.0
523	Квантовий вихід	114	0	12	2.0
524	Квантовий ефект	1	0	1	0.0
525	Квантовий ефект Холла	20	0	4	0.0
526	Квантовий комп'ютер	734	9	47	21.5
527	Квантовий перехід	127	0	62	2.0
528	Квантовий стан	106	1	9	3.5
529	Квантовий стрибок	141	0	19	4.0
530	Квантовий хаос	4	0	1	0.0
531	Квантування Дірака	0	0	0	0.0
532	Кварк	1086	14	72	30.5
533	Кварконій	17	0	3	0.0
534	Кільця Ньютона	373	0	50	10.0
535	Кінематика	953	11	69	25.0
536	Кінетична енергія	2712	17	227	71.5
537	Кінетична теорія	1769	8	154	42.0
538	Кінетичне рівняння	68	0	9	2.0
539	Кінцевий ефект	41	0	5	2.0
540	Класична електродинаміка	473	3	31	14.0
541	Класична фізика	58	0	7	2.0
542	Кластер (фізика)	23	0	3	1.0
543	Клин (механіка)	101	0	9	3.0
544	Клістрон	63	0	10	1.0
545	Кліщі вимірювальні	47	0	5	2.0
546	КМОН	226	0	24	6.5
547	Кобальт	736	9	46	21.5
548	Когезія	178	1	17	5.0
549	Когерентність	2421	14	192	54.5
550	Коефіцієнт дифузії	209	1	15	5.5
551	Коефіцієнт екстинкції	115	0	15	3.0
552	Коефіцієнт жорсткості	4228	22	316	111.0
553	Коефіцієнт корисної дії	1817	5	147	52.0
554	Коефіцієнт підсилення антени	58	0	8	2.0
555	Коефіцієнт рекомбінації	4	0	2	0.0
556	Коефіцієнт самодифузії	7	0	1	0.0
557	Коефіцієнт теплового розширення	273	1	25	8.0
558	Колайдер	240	2	15	6.5
559	Колапс хвильової функції	65	0	9	2.0
560	Коливальний контур	1864	4	129	56.5
561	Коливання	3165	15	255	98.0
562	Коліматор	90	1	7	2.0
563	Колірна температура	485	3	34	14.5
564	Кольоровий заряд	76	0	14	2.0
565	Комірка Вігнера — Зейтца	20	0	8	0.0
566	Компенсований напівпровідник	2	0	1	0.0
567	Комплекс з переносом заряду	6	0	1	0.0
568	Композити	767	5	85	20.0
569	Комптонівське розсіювання	318	2	42	8.5
570	Конденсація Бозе — Ейнштейна	192	0	16	6.0
571	Контактна різниця потенціалів	227	1	20	6.5
572	Конфайнмент	73	0	6	2.0
573	Копенгагенська інтерпретація	69	0	8	2.0
574	Коперницій	101	0	7	3.0
575	Кореляційна енергія	5	0	1	0.0
576	Коронний розряд	399	2	50	9.0
577	Космологічна сингулярність	88	0	8	2.0
578	Космологічна стала	42	0	4	1.0
579	Космологічний масштабний фактор	8	0	4	0.0
580	Котушка Гельмгольца	18	0	5	0.5
581	Криптон	425	3	29	13.0
582	Кристалізація сплавів	112	0	13	3.0
583	Критерій Ліндеманна	2	0	1	0.0
584	Критична точка	202	0	16	6.0
585	Критичний тиск	43	0	5	1.0
586	Критичні індекси	5	0	3	0.0
587	Кріоелектронна мікроскопія	61	0	8	1.0
588	Кріолюмінесценція	22	0	7	1.0
589	Крутильні ваги	1	0	1	0.0
590	Ксенон	399	3	27	11.0
591	Ксі-баріон	13	0	3	0.0
592	Кубічний метр	2788	62	138	83.5
593	Кулон (одиниця)	1053	2	80	34.0
594	Куперівська пара	24	0	5	0.0
595	Кут Брюстера	321	2	26	9.0
596	Кут змочування	277	1	28	7.0
597	Кутова модуляція	15	0	4	0.0
598	Кутова швидкість	1203	8	91	29.5
599	Кутове прискорення	697	5	63	17.0
600	Кюрій	78	0	6	2.0
601	Лабораторна система	3	0	2	0.0
602	Лазер на вільних електронах	22	0	4	1.0
603	Лазерна абляція	27	0	3	1.0
604	Лазерний гіроскоп	47	0	6	1.0
605	Лазерний далекомір	92	0	10	2.0
606	Лампа біжної хвилі	17	0	4	0.0
607	Лантан	246	0	37	4.5
608	Лантаноїди	265	1	17	8.0
609	Ланцюгова реакція	459	3	41	11.5
610	Ларморова частота	22	0	4	1.0
611	Лембів зсув	11	0	2	0.0
612	Лептон	203	1	17	6.5
613	Лептонний заряд	39	0	4	1.0
614	Ліверморій	80	0	8	2.0
615	Ліквідус	67	0	10	2.0
616	Лінза	2653	6	205	66.0
617	Лінійне середовище	2	0	1	0.0
618	Лінійчастий спектр	1860	2	177	52.0
619	Літій	1992	15	121	61.5
620	Лічильник Гейгера	603	4	49	15.5
621	Локалізація Андерсона	11	0	2	1.0
622	Локалізований плазмон	14	0	3	1.0
623	Локалізований стан	41	0	13	1.0
624	Лоренц-коваріантність	15	0	2	1.0
625	Лоуренсій	105	0	8	3.0
626	Лужна батарейка	323	3	24	9.0
627	Луна (акустичне явище)	253	0	24	6.5
628	Людвіг Валентин Лоренц	1	0	1	0.0
629	Люмінесценція	1514	11	155	44.0
630	Лютецій	112	0	12	3.0
631	Лямбда-баріон	16	0	3	0.0
632	Лямбда-точка	4	0	2	0.0
633	М-теорія	89	0	12	2.5
634	Магічні числа	30	0	3	1.0
635	Магічні ядра	48	0	4	2.0
636	Магнетизм	448	6	34	12.5
637	Магнетон Бора	43	0	7	1.0
638	Магнетоопір	52	0	11	1.0
639	Магнетрон	361	0	28	10.0
640	Магній	3035	29	183	96.5
641	Магнітна еквівалентність	1	0	1	0.0
642	Магнітна лінза	6	0	4	0.0
643	Магнітне динамо	15	0	4	0.5
644	Магнітне екранування ядра	10	0	3	1.0
645	Магнітне квантове число	160	0	17	4.0
646	Магнітне перез'єднання	15	0	5	0.0
647	Магнітний домен	41	0	4	1.0
648	Магнітний момент	342	3	26	8.5
649	Магнітний момент протона	2	0	1	0.0
650	Магнітний монополь	55	0	7	1.5
651	Магнітний перехід	1	0	1	0.0
652	Магнітний потік	1714	6	120	48.0
653	Магнітний резонанс	181	0	19	5.5
654	Магнітогідродинаміка	14	0	2	1.0
655	Магніторушійна сила	179	0	27	4.0
656	Магнон	25	0	4	1.0
657	Майорон	14	0	3	0.0
658	Майстер-рівняння	1	0	1	0.0
659	Майтнерій	61	0	5	2.0
660	Манган	1825	11	134	56.5
661	Маса електрона	740	4	53	24.5
662	Масове число	1304	1	94	33.5
663	Матеріал	729	4	52	22.0
664	Матеріальна точка	1145	4	92	28.0
665	Матриці Дірака	27	0	3	1.0
666	Матриця густини	11	0	2	0.0
667	Матриця розсіяння	14	0	5	1.0
668	Матрична механіка	22	0	2	1.0
669	Маятник	438	2	26	13.5
670	Межа Чандрасекара	163	0	99	2.0
671	Мезони	160	0	21	5.0
672	Мезоскопічна фізика	17	0	4	0.0
673	Менделевій	57	0	7	1.0
674	Металічний водень	38	0	5	1.0
675	Металічний зв'язок	1330	3	86	40.0
676	Метастабільний стан	129	1	13	5.0
677	Метод Гартрі — Фока	13	0	3	0.0
678	Метод матриць переходу	5	0	1	0.0
679	Метод Чохральського	95	0	7	3.0
680	Метрика простору-часу	43	0	4	1.0
681	Метрика Фрідмана-Леметра-Робертсона-Вокера	20	0	3	1.0
682	Метрика Шварцшильда	25	0	3	1.0
683	Механізм Хіггса	58	0	5	2.0
684	Механічна рівновага	960	3	90	29.0
685	Мідь	4917	47	351	141.5
686	Міжатомна взаємодія	78	0	7	2.0
687	Міжнародний експериментальний термоядерний реактор	345	3	32	10.0
688	Мікроскопічний масштаб	23	0	2	1.0
689	Міліметрові хвилі	42	0	4	1.0
690	Мільйонна частка	383	1	25	12.0
691	Модель Габбарда	9	0	3	0.0
692	Модель Гарячого Всесвіту	94	0	12	2.5
693	Модель желе	5	0	1	0.0
694	Модель Ізінга	23	0	3	1.0
695	Модифікована ньютонівська динаміка	12	0	3	0.0
696	Модулі пружності	162	0	11	5.0
697	Модулометр	1	0	1	0.0
698	Модуль зсуву	243	2	28	6.0
699	Модуль Юнга	2039	10	165	59.5
700	Модуляція (фізика)	490	2	37	14.0
701	Модуляція добротності	1	0	1	0.0
702	Молекула	4184	38	252	127.0
703	Молекулярна динаміка	33	0	5	1.0
704	Молекулярна орбіталь	81	0	6	2.0
705	Молекулярна рефракція	19	0	3	1.0
706	Молекулярні кристали	80	0	8	2.0
707	Молекулярно-променева епітаксія	14	0	4	1.0
708	Молібден	835	12	47	25.5
709	Момент сили	1694	19	139	46.0
710	Монохроматична плоска хвиля	489	4	42	15.0
711	Монохроматор	60	0	6	2.0
712	Монохромія	242	2	17	7.5
713	Московій	116	0	10	3.5
714	Мультиплетність	31	0	7	1.0
715	Мультипольний момент	6	0	2	0.0
716	Мюон	122	0	10	3.0
717	Мюоній	20	0	3	1.0
718	Наближення ефективного середовища	6	0	2	0.0
719	Наближення сильного зв'язку	12	0	2	1.0
720	Нагніт лазера	17	0	3	1.0
721	Надвипромінювання Діке	5	0	4	0.0
722	Надґратка	16	0	4	0.0
723	Надзвукова швидкість	446	5	28	13.0
724	Надкритична рідина	34	0	4	1.0
725	Надплинність	109	0	8	3.0
726	Надпорогова іонізація	4	0	1	0.0
727	Надтверді матеріали	25	0	4	1.0
728	Нанодротини	17	0	3	0.0
729	Наноелектромеханічні системи	26	0	4	1.0
730	Наноіоніка	3	0	1	0.0
731	Нанооболонка	2	0	1	0.0
732	Наноскопічний масштаб	8	0	2	0.0
733	Нанотехнології	1538	17	84	47.5
734	Наночастинка	328	5	22	11.0
735	Напівметал (спінтроніка)	10	0	2	0.0
736	Напівпровідник	3096	11	318	83.5
737	Напівпровідник p-типу	341	1	33	9.0
738	Напівтінь	110	0	13	4.0
739	Напруженість магнітного поля	731	2	50	21.0
740	Напруження	782	7	57	20.5
741	Народження пар	64	0	13	1.0
742	Насичена пара	3503	6	316	100.0
743	Нат (одиниця вимірювання)	14	0	2	1.0
744	Натрій	3917	26	293	124.0
745	Наукова містифікація	17	0	2	1.0
746	Небо	486	3	25	15.0
747	Нейтраліно	24	0	4	0.0
748	Нейтральна частинка	53	0	9	1.0
749	Нейтрино	824	9	67	21.5
750	Нейтрон	1562	6	115	53.5
751	Нейтронно-адсорбційний аналіз	0	0	0	0.0
752	Нелінійна система	212	1	17	6.0
753	Нематик	61	0	7	2.0
754	Ненасичена пара	1069	3	73	33.5
755	Неодим	160	1	13	4.0
756	Неон	789	5	49	22.0
757	Непрямий екситон	0	0	0	0.0
758	Нептуній	219	0	24	6.5
759	Нерозв'язані проблеми фізики	124	1	11	4.0
760	Нікель	1086	16	62	33.0
761	Ніобій	211	1	15	6.0
762	Ніхоній	136	1	27	3.0
763	Нобелій	190	0	41	2.5
764	Нормальний порядок	2	0	1	0.0
765	Нормальні коливання	46	0	8	1.0
766	Нормальні умови	711	4	53	21.5
767	Носії заряду	1362	5	143	41.5
768	Нотація бра-кет	33	0	5	1.0
769	Нотація Фогта	2	0	1	0.0
770	Нуклеація	19	0	6	1.0
771	Нуклеосинтез	144	1	12	4.0
772	Нуклід	748	0	58	17.5
773	Нуклон	613	3	42	18.0
774	Нульовий звук	2	0	1	0.0
775	Нульовий стан квантової системи	8	0	2	0.0
776	Нульові коливання	18	0	2	1.0
777	Об'єднана теорія поля	51	0	5	2.0
778	Об'єднаний інститут ядерних досліджень	38	0	6	1.0
779	Обернений простір	17	0	3	1.0
780	Обернений сантиметр	37	0	4	1.0
781	Обертання	479	1	39	11.0
782	Обійдені ядра	22	0	4	1.0
783	Область збіднення	17	0	4	0.5
784	Обмінна взаємодія	44	0	12	1.0
785	Оболонкова модель ядра	40	0	6	1.0
786	Обчислювальна гідродинаміка для зміни фази матеріалів	1	0	1	0.0
787	Обчислювальна механіка	4	0	1	0.0
788	Обчислювальна фізика	35	0	4	1.0
789	Оганесон	423	5	24	13.0
790	Одноатомний газ	74	0	8	2.0
791	Одноелектронне наближення	21	0	4	1.0
792	Оже-рекомбінація	3	0	1	0.0
793	Оже-спектроскопія	35	0	5	1.0
794	Оксиген	21252	85	1657	587.0
795	Омега-баріон	15	0	4	0.0
796	Омега-мезон	16	0	3	1.0
797	Омічний контакт	17	0	3	1.0
798	Ондулятор	17	0	3	1.0
799	Оперативний запас реактивності	32	0	4	1.0
800	Оператор еволюції	12	0	2	0.5
801	Оператор числа частинок	3	0	2	0.0
802	Оператори народження та знищення	24	0	6	1.0
803	Операція молекулярної машини	7	0	2	1.0
804	Опорний сигнал	49	0	7	1.0
805	Опромінення	728	2	50	22.0
806	Оптика тонких плівок	42	0	8	2.0
807	Оптична активність	187	0	17	5.0
808	Оптична вісь	162	0	19	4.0
809	Оптична вісь кристала	44	0	12	1.0
810	Оптична густина	623	2	47	18.0
811	Оптична сила	671	3	58	16.5
812	Оптична теорема	2	0	2	0.0
813	Оптичне випромінювання	273	0	38	6.5
814	Оптичний параметричний осцилятор	7	0	2	0.0
815	Оптичний стіл	11	0	1	1.0
816	Оптичний телескоп	126	0	10	3.0
817	Оптичний фонон	10	0	3	0.0
818	Оптично активні речовини	185	1	16	5.0
819	Оптоволокно	938	6	56	29.5
820	Орбітальне квантове число	130	0	14	3.5
821	Орбітон	1	0	1	0.0
822	Органічний світлодіод	237	1	20	6.5
823	Органічні напівпровідники	55	0	7	1.0
824	Освітленість	1221	5	94	37.0
825	Осмій	455	2	27	14.0
826	Основна фізична величина	239	0	26	6.0
827	Осцилятор Лоренца	2	0	1	0.0
828	Осциляції нейтрино	19	0	3	1.0
829	Осциляції Рабі	2	0	1	0.0
830	Осциляції Шубнікова — де Гааза	11	0	2	1.0
831	П'єзоелектрики	147	0	16	4.5
832	П'єзоефект	241	1	19	6.0
833	Паладій	687	8	57	21.0
834	Пара	603	5	46	18.0
835	Парадокс близнят	119	0	14	3.0
836	Парадокс Еренфеста	4	0	1	0.0
837	Парадокс субмарини	21	0	4	1.0
838	Парамагнетики	538	2	37	17.5
839	Пасивна радіолокація	43	0	5	1.0
840	Пентакварк	23	0	3	1.0
841	Перетворення Гільберта	63	0	12	1.0
842	Перехресна ентропія	44	0	5	1.0
843	Період напіврозпаду	1775	8	130	53.0
844	Питомий імпульс	46	0	4	1.0
845	Питомий коефіцієнт поглинання електромагнітної енергії	57	0	9	1.0
846	Піони	133	0	25	3.0
847	Плазмон	28	0	4	1.0
848	Платина	1071	21	50	31.0
849	Плутоній	329	3	18	10.0
850	Плутоній-239	198	1	16	5.5
851	Повне внутрішнє відбиття	1159	4	85	31.5
852	Поділ ядра	1093	5	74	30.5
853	Позитрон	447	1	34	12.5
854	Позитроній	20	0	3	1.0
855	Полоній	537	3	47	13.0
856	Поляритон	20	0	3	0.0
857	Полярон	20	0	4	0.0
858	Померон	16	0	3	0.0
859	Попов Олександр Степанович	397	2	46	11.0
860	Посудина Дьюара	364	2	31	10.0
861	Поширення радіохвиль	510	6	38	14.0
862	Празеодим	88	0	7	3.0
863	Припустиме затухання	4	0	2	0.0
864	Проєкт Y	41	0	4	1.0
865	Прометій	75	0	6	2.0
866	Протактиній	90	0	7	3.0
867	Протій	105	0	10	3.0
868	Протон	2182	19	130	66.5
869	Радар	610	8	51	18.0
870	Радар із синтезованою апертурою	46	0	7	1.0
871	Радіаційна аварія	458	2	35	11.5
872	Радій	758	11	47	22.0
873	Радіоелектронна протидія	55	0	8	1.0
874	Радіозв'язок	585	3	49	17.0
875	Радіолокаційні перешкоди	42	0	4	1.0
876	Радіофотонна РЛС	27	0	10	0.5
877	Радон	538	6	28	16.5
878	Реактивний рух	1909	3	202	51.0
879	Резерфордій	95	0	5	3.0
880	Рейкотрон	166	1	16	5.0
881	Реній	169	0	13	5.0
882	Рентгеній	98	1	7	2.0
883	Рівняння Греда — Шафранова	5	0	3	0.0
884	Рівняння дифузії	73	0	10	2.0
885	Рівняння Смолюховського	8	0	1	1.0
886	Рівняння Шредінгера	452	2	29	12.5
887	Рідкі кристали	4358	24	289	137.5
888	Ро-мезон	12	0	3	0.0
889	Родій	311	2	19	9.5
890	Розходження Кульбака — Лейблера	40	0	9	1.0
891	Ротон	17	0	4	0.0
892	Ртуть	3008	45	153	95.5
893	Рубідій	470	1	37	14.5
894	Рутеній	219	2	15	7.0
895	Самарій	105	0	13	3.0
896	Свинець	2499	29	133	81.5
897	Світлодіод	942	12	68	25.0
898	Селен	1259	17	70	40.5
899	Сигма-баріон	10	0	3	0.0
900	Сигма-дельта-модуляція	70	0	9	2.0
901	Сила Лоренца	2080	10	171	61.5
902	Силіцій	3356	29	249	107.0
903	Сіборгій	73	0	6	2.0
904	Сірка	6357	44	366	202.5
905	Скандій	299	2	18	9.5
906	Спектральна ефективність	32	0	4	1.0
907	Спектрофотометр	166	0	12	4.0
908	Список позначень у фізиці	8199	43	649	238.5
909	Спільна ентропія	12	0	2	0.0
910	Сплутані квантові стани	216	2	14	7.0
911	Срібло	3481	33	217	111.0
912	Стандартний стан	294	2	20	8.5
913	Станум	1118	13	76	33.5
914	Статистичний шум	3	0	1	0.0
915	Стерильне нейтрино	19	0	3	0.0
916	Стибій	605	6	38	18.5
917	Стронцій	730	3	40	23.0
918	Супергетеродинний радіоприймач	152	0	15	3.0
919	Суперсиметрія	148	1	9	4.0
920	Супутниковий зв'язок	464	2	32	13.5
921	Сферміон	14	0	3	0.0
922	Сцинтиляційні лічильники	73	0	15	2.0
923	Талій	357	4	25	10.5
924	Тантал (хімічний елемент)	382	4	29	10.0
925	Тау-лептон	41	0	5	1.0
926	Тахіони	190	1	12	6.0
927	Телур	462	3	41	13.5
928	Теннессин	128	0	12	3.5
929	Теорія де Бройля — Бома	207	0	18	3.5
930	Теплобачення	180	0	16	5.0
931	Тербій	74	0	6	2.0
932	Термоядерна енергія	707	5	61	23.0
933	Тета-мезон	3	0	1	0.0
934	Тетракварк	20	0	3	1.0
935	Технецій	195	2	12	6.0
936	Титан (хімічний елемент)	1255	19	79	36.5
937	Томаш Станецький	13	0	3	0.0
938	Торій	488	2	55	10.5
939	Траєкторія	1184	3	75	36.5
940	Трансфермієві війни	21	0	2	1.0
941	Тритій	342	5	21	9.0
942	Тріон	24	0	5	1.0
943	Тулій	66	0	5	2.0
944	Уран (хімічний елемент)	951	12	50	29.0
945	Уран-235	807	8	57	22.5
946	Фазова модуляція	187	1	19	5.5
947	Фазована антенна решітка	112	0	9	3.0
948	Фермій	59	0	6	2.0
949	Ферміон	175	0	14	5.0
950	Фі-мезон	12	0	3	0.0
951	Фізика	2579	29	137	83.0
952	Фізика низьких температур (журнал)	13	0	4	0.0
953	Флеровій	77	0	7	1.5
954	Фонон	95	0	8	3.0
955	Формула Койде	2	0	1	0.0
956	Фосфор	4489	32	256	156.5
957	Фотон	6286	27	501	186.0
958	Францій	327	2	29	8.0
959	Фтор	1396	10	80	43.5
960	Фундаментальна частинка	87	0	16	2.0
961	Фундаментальні взаємодії	553	4	51	14.5
962	Функція розподілу (статистична фізика)	7	0	2	0.0
963	Халькогени	203	0	17	5.0
964	Хлор	3879	22	243	132.0
965	Хром	1467	14	99	43.5
966	Хронологія квантових обчислень	8	0	3	0.0
967	Цезій	667	6	37	21.0
968	Церій	276	4	18	8.0
969	Циклотронна маса	5	0	1	0.0
970	Цинк	2759	16	158	90.0
971	Цирконій	561	6	43	15.5
972	Частотна модуляція	346	2	26	8.5
973	Черенковське випромінювання	179	1	13	5.0
974	Число Авогадро	1836	10	146	52.5
975	Число Маха	657	6	49	20.5
976	Шипіння (ядерна зброя)	3	0	1	0.0
977	Шлях (фізика)	2024	8	139	58.0
978	Ядерна енергетика	1577	12	195	40.0
979	Ядерне випробування	269	1	22	8.5
980	Ядерний вибух	801	5	61	23.5
981	Ядро атома	3862	14	288	114.5
982	B-кварк	29	0	4	1.0
983	B-мезон	17	0	3	0.0
984	BeamForming	66	0	5	2.0
985	C-кварк	27	0	10	1.0
986	CERN	466	6	28	14.0
987	D-кварк	44	0	4	1.0
988	D-мезон	13	0	3	0.0
989	J/ψ-мезон	20	0	3	0.0
990	Ku-діапазон	81	0	8	2.5
991	S-кварк	31	0	6	1.0
992	T-кварк	39	0	4	1.0
993	T-мезон	14	0	3	0.0
994	U-кварк	61	0	7	2.0
995	W- і Z-бозони	28	0	4	1.0
996	Wendelstein 7-X	20	0	3	1.0
997	X та Y бозони	20	0	3	1.0
