1	*-алгебра	6	0	2	0.0
2	0 (число)	1178	12	74	36.5
3	0,(9)	64	0	7	2.0
4	1 (число)	407	1	28	10.5
5	2 (число)	447	1	82	10.5
6	3-сфера	19	0	3	1.0
7	4-вектор	56	0	5	2.0
8	6 (число)	249	1	29	7.0
9	Абак (рахівниця)	372	4	26	10.5
10	Абелева група	65	0	7	2.0
11	Абсолютна похибка вимірювання	1411	3	94	38.5
12	Абстрактна алгебра	123	0	12	3.0
13	Абстракція	1766	23	100	55.0
14	Азартна гра (теорія ігор)	4	0	1	0.0
15	Аксіома	1541	22	114	47.0
16	Аксіома вибору	90	0	8	2.0
17	Аксіома паралельності Евкліда	88	0	8	2.0
18	Аксіоматика Гільберта	49	0	6	1.0
19	Аксіоми Пеано	98	0	9	3.0
20	Актуарій	158	2	11	5.0
21	Актуарна математика	99	0	10	3.0
22	Алан Тюрінг	1731	25	83	57.5
23	Алгебра	584	4	35	18.0
24	Алгебра Кліфорда	7	0	1	0.0
25	Алгебра Лі	26	0	5	1.0
26	Алгебра логіки	703	3	51	21.5
27	Алгебраїчне числове поле	17	0	3	1.0
28	Алгебраїчні числа	78	0	9	2.0
29	Алгебрична геометрія	62	0	5	2.0
30	Алгебрична топологія	33	0	6	1.0
31	Алгебричний многовид	17	0	3	1.0
32	Алгебрично замкнуте поле	13	0	3	0.0
33	Алгоритм	8189	48	618	252.5
34	Алгоритм Джонсона	17	0	3	1.0
35	Алгоритм Евкліда	679	5	47	20.0
36	Алгоритм імітації відпалу	73	0	11	2.0
37	Александр Гротендік	31	0	5	1.0
38	Аль-Хорезмі	316	1	29	9.5
39	Альберт Ейнштейн	6567	103	528	198.0
40	Альфред Грей	4	0	1	0.0
41	Альфред Тарський	59	0	5	2.0
42	Американське математичне товариство	23	0	3	1.0
43	Аналітична геометрія	217	1	19	6.5
44	Аналітична теорія чисел	21	0	3	1.0
45	Аналітична функція	144	1	15	4.0
46	Аналогова обчислювальна машина	118	0	8	4.0
47	Андре Вейль	16	0	3	0.0
48	Анрі Леон Лебег	13	0	2	0.0
49	Анрі Пуанкаре	228	1	14	7.0
50	Антіфонт	25	0	6	1.0
51	Аполлоній Перзький	47	0	8	1.0
52	Апостеріорна ймовірність	81	0	10	2.0
53	Арифметика	523	6	28	16.5
54	Арифметична функція	14	0	3	0.0
55	Арістотель	6920	53	365	221.5
56	Арність	21	0	4	1.0
57	Арнольд Володимир Ігорович	45	0	5	1.0
58	Артур Кейлі	35	0	9	1.0
59	Архімед	2777	19	194	92.0
60	Асимптота	274	1	25	7.0
61	Асоціативність	461	2	39	12.0
62	Атлас (математика)	4	0	1	0.0
63	Атле Сельберг	8	0	2	0.0
64	Атрактор	150	0	15	4.0
65	Аттична система числення	33	0	4	1.0
66	Афінна геометрія	27	0	3	1.0
67	Багатократний інтеграл	151	0	12	5.0
68	Багатокритеріальна оптимізація	122	0	15	3.0
69	Баєсів інформаційний критерій	12	0	2	0.0
70	Баєсова ймовірність	70	0	9	2.0
71	Баєсова лінійна регресія	32	0	6	1.0
72	Баєсова мережа	137	0	13	4.0
73	Баєсова оцінка	64	0	5	2.0
74	Баєсове виведення	65	0	7	2.0
75	Банахів простір	84	0	8	3.0
76	Банахова алгебра	11	0	2	0.0
77	Басейн притягання	5	0	2	0.0
78	Безвиграшна ситуація	29	0	5	1.0
79	Безкоаліційна гра	7	0	2	0.0
80	Безмасштабна мережа	12	0	2	0.0
81	Бенуа Мандельброт	107	0	10	3.0
82	Бернгард Ріман	76	0	6	2.0
83	Бертран Расселл	583	7	31	18.0
84	Бета-функція	68	0	6	2.0
85	Бієкція	198	0	23	5.0
86	Білінійне відображення	11	0	3	0.0
87	Бінарна класифікація	61	0	10	1.5
88	Бінарна операція	204	1	19	5.0
89	Біном Ньютона	709	9	37	20.0
90	Біноміальний коефіцієнт	287	1	21	8.5
91	Біноміальний розподіл	489	1	50	15.0
92	Блез Паскаль	2572	17	131	95.0
93	Броунівське дерево	17	0	3	1.0
94	Броунівський рух	2030	8	135	59.5
95	Булеан	131	1	14	4.0
96	Булева алгебра (структура)	250	2	17	8.0
97	Булева функція	641	4	64	17.0
98	Буняковський Віктор Якович	58	0	6	1.0
99	Вагова функція	26	2	8	5.0
100	Варіаційне числення	103	0	7	3.0
101	Вейвлет	79	0	6	2.0
102	Вектор (математика)	1647	16	140	46.0
103	Векторне поле	78	0	7	2.0
104	Векторне числення	50	0	4	1.5
105	Векторний простір	303	1	21	9.0
106	Велика теорема Ферма	637	7	40	20.5
107	Верхня і нижня границі	53	0	5	2.0
108	Взаємна інформація	36	0	5	1.0
109	Взаємно прості числа	1342	11	157	28.5
110	Вибірка	2271	20	184	66.0
111	Визначник	674	5	56	18.0
112	Виключна диз'юнкція	904	5	66	26.5
113	Вимірна функція	36	0	4	1.0
114	Випадкова величина	619	7	42	17.0
115	Випадкова подія	1009	3	155	25.0
116	Випадкове блукання	75	0	9	2.0
117	Випадковий процес	250	2	27	7.0
118	Випадковий процес з довгою пам'яттю	0	0	0	0.0
119	Випадкові числа	219	1	28	8.0
120	Вироджений розподіл	19	0	3	1.0
121	Висковатов Василь Іванович	0	0	0	0.0
122	Висота (величина)	2	0	1	0.0
123	Від'ємне число	1219	7	76	32.5
124	Відкрита множина	104	0	15	2.0
125	Відкриті математичні питання	159	1	18	4.0
126	Віднімання	1408	6	114	36.0
127	Відношення	612	0	30	20.5
128	Відношення еквівалентності	400	2	27	10.5
129	Відношення порядку	323	1	67	8.0
130	Відособлений розподіл	17	0	3	0.0
131	Відсоток	1552	13	154	45.5
132	Відстань	1470	7	86	51.0
133	Вільна група	9	0	3	0.0
134	Вільний параметр	0	0	0	0.0
135	Вільні і зв'язані змінні	43	0	6	1.0
136	Вільям Ровен Гамільтон	71	0	9	2.0
137	Вільям Терстон	17	0	2	1.0
138	Вісімкова система числення	428	4	29	13.0
139	Вкладення Сегре	3	0	1	0.0
140	Власні вектори та власні числа	324	1	36	8.5
141	Внутрішня точка	28	0	6	1.0
142	Гамма-розподіл	104	1	8	4.0
143	Гамма-функція	278	1	20	8.0
144	Гармонічна функція	32	0	4	1.0
145	Гармонічний аналіз	50	0	6	2.0
146	Гаусові числа	51	0	12	1.0
147	Гельфанд Ізраїль Мойсейович	36	0	6	1.0
148	Генератор псевдовипадкових чисел	169	0	17	4.0
149	Генератриса	119	0	18	2.0
150	Генерація випадкових чисел	254	1	23	7.0
151	Геодезична лінія	147	1	14	4.0
152	Геометрична прогресія	6177	31	420	173.0
153	Геометричний броунівський рух	59	0	19	1.0
154	Геометрія	1018	17	57	30.0
155	Геометрія Лобачевського	192	0	16	4.5
156	Георг Кантор	99	0	34	2.0
157	Герман Вейль	31	0	4	1.0
158	Гідроаеромеханіка	72	0	7	2.0
159	Гідромеханіка	55	0	7	1.0
160	Гійом де Лопіталь	15	0	2	1.0
161	Гільбертів простір	163	1	13	5.0
162	Гіпербола (математика)	942	8	86	27.5
163	Гіпергеометричний розподіл	77	0	11	2.0
164	Гіперграф	12	0	2	0.0
165	Гіперповерхня	11	0	3	0.0
166	Гіпотеза Гольдбаха	68	0	6	2.0
167	Гіпотеза Пуанкаре	396	4	21	12.5
168	Гіпотеза Рімана	376	3	34	11.0
169	Гістограма	688	3	66	18.0
170	Голоморфна функція	52	0	6	2.0
171	Гомеоморфізм	131	0	12	3.0
172	Гомологічна алгебра	8	0	1	0.0
173	Гомоморфізм	79	0	12	2.0
174	Гомоморфізм груп	14	0	4	0.0
175	Гомоморфне шифрування	14	0	4	0.0
176	Гомотопія	24	0	4	1.0
177	Готлоб Фреге	67	0	7	2.0
178	Готфрід Вільгельм Ляйбніц	803	5	59	23.0
179	Гра без побічних платежів	2	0	1	0.0
180	Градієнтний спуск	208	0	15	6.0
181	Градієнтні методи	47	0	8	1.5
182	Границя	587	3	32	18.0
183	Границя функції в точці	573	5	33	17.0
184	Границя числової послідовності	296	1	20	8.5
185	Граф (математика)	874	6	59	25.0
186	Група (математика)	137	0	10	4.0
187	Група Галуа	7	0	1	0.0
188	Група Лі	31	0	6	1.0
189	Густина імовірності	348	1	27	10.0
190	Ґратка (порядок)	91	0	9	2.5
191	Давид Гільберт	146	0	10	4.0
192	Дванадцяткова система числення	59	0	7	2.0
193	Девід Мамфорд	5	0	1	0.0
194	Декартів добуток множин	598	2	45	18.0
195	Декартова система координат	1795	12	115	54.5
196	Дельта-метод	34	0	4	1.0
197	Дельта-функція Дірака	169	1	16	5.0
198	Дерево (теорія графів)	421	1	27	12.0
199	Джахіт Арф	24	4	8	6.0
200	Джеймс Клерк Максвелл	548	6	38	16.5
201	Джон Конвей	31	0	4	1.0
202	Джон Мілнор	8	0	2	0.0
203	Джон фон Нейман	343	2	26	10.0
204	Джон Форбс Неш	3472	18	1919	42.0
205	Джордж Буль	174	0	15	4.5
206	Джуліо Асколі	4	0	2	0.0
207	Дзета-функція Рімана	114	0	11	3.0
208	Диз'юнкт Горна	11	0	3	0.0
209	Динамічна гра	12	0	2	1.0
210	Динамічна система	337	4	21	10.0
211	Дискретна група	2	0	1	0.0
212	Дискретна математика	536	6	28	16.5
213	Дискретний логарифм	47	0	6	1.0
214	Дискримінант	1238	10	98	37.0
215	Дисперсійний аналіз	431	2	49	11.0
216	Дисперсія випадкової величини	1858	18	103	56.5
217	Дистрибутивність	174	1	16	5.0
218	Дифеоморфізм	17	0	3	1.0
219	Диференціальна геометрія	117	0	10	3.0
220	Диференціальне рівняння з частинними похідними	194	1	15	5.0
221	Диференціальне та інтегральне числення	213	1	18	6.0
222	Диференціальне числення	268	1	23	8.0
223	Диференційні рівняння	1075	7	93	30.0
224	Диференційовний многовид	18	0	2	1.0
225	Дійсне число	3868	46	195	116.5
226	Дійснозначна функція	7	0	1	0.0
227	Ділення	1928	11	152	52.5
228	Діофантові рівняння	179	0	14	4.5
229	Дія (фізика)	59	0	7	2.0
230	Добуток	7151	16	599	165.0
231	Довга арифметика	54	0	6	2.0
232	Доведення	297	1	31	7.5
233	Доведення з нульовим розголошенням	25	0	4	0.0
234	Довжина	1761	15	101	55.5
235	Довжина кривої	81	0	17	2.0
236	Довірчий інтервал	708	7	47	19.5
237	Додавання	985	6	70	30.0
238	Дональд Кнут	129	0	17	3.0
239	Допустимий розв'язок	9	0	2	0.0
240	Досконале число	167	0	13	5.0
241	Дослідження операцій	337	3	21	10.5
242	Дотична	688	7	59	21.0
243	Дотичний простір	10	0	1	1.0
244	Дріб	5223	42	366	149.5
245	Дрінфельд Володимир Гершонович	28	0	3	1.0
246	Друга похідна	236	2	24	7.5
247	Еварист Галуа	83	0	9	2.0
248	Евклід	2272	11	139	67.5
249	Евклідів простір	326	3	32	9.0
250	Евклідова геометрія	421	5	35	12.0
251	Едвард Віттен	32	0	5	1.0
252	Експоненційний розподіл	616	6	42	17.5
253	Ексцентриситет	414	3	40	11.0
254	Елементарна математика	55	0	6	1.0
255	Елі Жозеф Картан	21	0	3	0.0
256	Еліпс	1025	12	89	24.0
257	Еліптична крива	73	0	10	2.0
258	Еліптична криптографія	77	0	9	2.0
259	Еліптична функція	12	0	2	0.0
260	Еммі Нетер	122	0	11	3.0
261	Емпірична функція розподілу	299	1	36	8.5
262	Ентропійна швидкість	9	0	3	0.0
263	Ентропія	3593	37	294	104.0
264	Ератосфен	1831	10	107	53.5
265	Ергодичний розподіл	4	0	2	0.0
266	Ермітова форма	8	0	2	0.0
267	Ефект метелика (математика)	1096	18	59	32.5
268	Жак Соломон Адамар	23	0	3	1.0
269	Жан-П'єр Серр	10	0	2	0.0
270	Житомирська Світлана Яківна	16	0	3	1.0
271	Життя (гра)	476	4	45	14.0
272	Жозеф-Луї Лагранж	97	0	9	3.0
273	Жорданова нормальна форма	77	0	15	2.0
274	Загальна лінійна група	6	0	1	0.0
275	Загальна теорія відносності	1216	19	72	38.0
276	Загальна топологія	18	0	5	1.0
277	Задання групи	5	0	2	0.0
278	Задача безумовної оптимізації	25	0	4	1.0
279	Задача дробово-лінійного програмування	11	0	2	0.0
280	Задача математичного програмування	17	0	3	1.0
281	Задача оптимізації	286	1	22	8.5
282	Задача опуклого програмування	2	0	1	0.0
283	Задача про пакування в ємності	21	0	6	0.0
284	Задача розв'язності	14	0	4	0.0
285	Задача умовної оптимізації	13	0	3	1.0
286	Закон великих чисел	364	3	45	10.0
287	Закон виключеного третього	386	2	31	10.0
288	Закони Кеплера	1658	10	122	52.0
289	Закони Ланчестера	11	0	3	0.0
290	Закони Ньютона	13013	83	783	374.0
291	Замикання (математика)	62	0	5	2.0
292	Заперечення	620	2	39	16.0
293	Зв'язність (диференціальна геометрія)	3	0	1	0.0
294	Звичайні диференціальні рівняння	70	0	11	2.0
295	Згортка (математичний аналіз)	176	1	12	5.0
296	Зірочка Кліні	6	0	1	0.0
297	Зліченна множина	157	0	14	4.5
298	Знак рівності	661	10	40	20.0
299	Зовнішня алгебра	13	0	4	0.0
300	Зовнішня похідна	8	0	1	0.0
301	Золота спіраль	126	0	15	3.5
302	Золотий перетин	2668	46	119	83.0
303	Ізометрія (математика)	61	0	7	1.0
304	Ізоморфізм	205	0	17	6.0
305	Ізоморфізм груп	21	0	6	1.0
306	Імовірнісна логіка	13	0	4	1.0
307	Імовірність	1592	17	101	47.0
308	Імпульс (механіка)	2180	13	186	62.0
309	Індекс контура відносно точки	6	0	2	0.0
310	Індо-арабська система числення	509	5	77	14.0
311	Інтеграл	2163	28	128	65.5
312	Інтеграл Лебега	84	0	7	3.0
313	Інтегральна теорема Коші	80	0	8	3.0
314	Інтегральна формула Коші	37	0	4	1.0
315	Інтегральне правило Лейбніца	11	0	3	0.0
316	Інтегральне рівняння	34	0	5	1.0
317	Інтервал (математика)	228	0	18	6.5
318	Інтерполяція	765	3	56	26.0
319	Інтерпретації ймовірності	93	0	7	3.0
320	Інформаційна ентропія	686	4	43	21.0
321	Інформаційний критерій Акаіке	54	0	5	2.0
322	Інформація	6593	46	348	206.5
323	Ірвінг Рід	4	0	2	0.0
324	Ірраціональні числа	3183	34	182	104.5
325	Ісаак Ньютон	3825	45	221	112.0
326	Історія геометрії	161	0	16	4.0
327	Історія математики	995	9	59	31.5
328	Історія математичних позначень	277	0	24	7.0
329	Істотний многовид	1	0	1	0.0
330	Ймовірнісний простір	53	0	7	2.0
331	Йоганн Кеплер	544	5	33	15.5
332	Калібрувальна інваріантність	53	0	4	1.0
333	Канонічна кореляція	30	0	6	1.0
334	Карл Вейєрштрасс	53	0	9	1.0
335	Карл Фрідріх Гаусс	519	3	33	13.0
336	Категорійна змінна	163	0	20	3.5
337	Категорійний розподіл	21	0	3	0.0
338	Квадрат	1658	17	110	52.5
339	Квадратична форма	110	0	10	4.0
340	Квадратичний закон взаємності	25	0	4	1.0
341	Квадратне рівняння	9940	22	958	221.5
342	Квадратний корінь	1791	23	110	58.0
343	Квантова електродинаміка	101	0	8	3.0
344	Квантова криптографія	96	0	8	3.0
345	Квантова логіка	14	0	3	0.0
346	Квантова механіка	1498	23	82	46.5
347	Квантова хромодинаміка	88	0	9	2.0
348	Квартет Анскомбе	24	0	3	1.0
349	Китайська теорема про остачі	102	1	11	3.0
350	Кільце (алгебра)	135	0	11	3.0
351	Кільце многочленів	9	0	3	0.0
352	Кільцевий підпис	8	0	1	0.0
353	Кінематика	953	11	69	25.0
354	Кінетична енергія	2712	17	227	71.5
355	Клавдій Птолемей	823	9	51	25.5
356	Клас еквівалентності	160	0	20	3.0
357	Клас складності NP	102	0	20	2.0
358	Клас складності P	128	0	16	3.0
359	Клас складності PSPACE	24	0	4	1.0
360	Класична механіка	1213	7	72	40.0
361	Кластеризація методом к–середніх	263	1	17	8.5
362	Коваріація	247	1	20	7.0
363	Коефіцієнт Баєса	20	0	3	0.0
364	Коефіцієнт Жаккара	61	0	8	1.0
365	Колмогоров Андрій Миколайович	129	0	14	4.0
366	Коло	4514	32	361	120.5
367	Комбінаторика	1822	14	132	54.5
368	Комбінаторна оптимізація	28	0	4	1.0
369	Комбінація (комбінаторика)	756	8	51	24.0
370	Компактний простір	122	0	10	3.0
371	Комплексна площина	98	0	9	2.0
372	Комплексне число	1192	14	67	33.5
373	Комплексний аналіз	112	1	8	3.0
374	Композиція функцій	108	0	11	3.0
375	Компонента зв'язності графа	167	0	12	5.0
376	Комутативна алгебра	9	0	2	0.0
377	Комутативне кільце	27	0	7	1.0
378	Комутативність	220	0	17	6.5
379	Кон'юнкція	1222	4	85	39.0
380	Конкатенація	169	1	12	5.0
381	Континуум-гіпотеза	43	0	7	1.0
382	Контрапозиція	61	0	13	1.0
383	Кооперативна гра (теорія ігор)	21	0	3	1.0
384	Кореляція і залежність	1625	16	95	50.5
385	Кортеж (інформатика)	274	1	19	8.0
386	Крайова задача	66	0	9	2.0
387	Крива	243	0	20	6.0
388	Кривина (математика)	116	1	12	3.0
389	Криві другого порядку	217	0	15	6.0
390	Криза основ математики	39	0	4	1.0
391	Криптоаналіз	232	1	20	6.0
392	Криптографічна геш-функція	185	0	17	5.0
393	Криптографічно стійкий генератор псевдовипадкових чисел	57	0	6	2.0
394	Криптографія	1594	18	96	48.0
395	Критерій Фішера	695	6	40	22.5
396	Критична точка (математика)	465	3	54	11.0
397	Куб	1348	16	87	39.0
398	Куля (геометрія)	15	0	6	1.0
399	Курт Гедель	67	0	6	2.0
400	Кут	1730	12	124	49.5
401	Кутова швидкість	1203	8	91	29.5
402	Кутовий коефіцієнт	1797	10	120	49.5
403	Лагранжіан	46	0	6	1.0
404	Лазар Карно	20	0	3	1.0
405	Ланцюги Маркова	187	1	17	5.0
406	Ланцюги Маркова з неперервним часом	19	0	2	1.0
407	Ланцюговий дріб	105	0	11	2.0
408	Лейтзен Егберт Ян Брауер	39	0	23	1.0
409	Лексель Андрій Іванович	4	0	1	0.0
410	Лема Гронуолла — Беллмана	3	0	1	0.0
411	Лема Цорна	22	0	4	0.0
412	Леонард Ейлер	459	5	23	14.0
413	Леопольд Ґеґенбауер	43	1	15	2.0
414	Лінійна алгебра	161	0	10	5.0
415	Лінійна комбінація	83	0	10	2.0
416	Лінійна регресія	847	8	57	24.0
417	Лінійна функція	3333	7	323	70.5
418	Лінійне відображення	96	0	10	3.0
419	Лінійне програмування	616	5	51	18.0
420	Лінійне рівняння	2515	5	262	57.0
421	Лінія	396	2	34	11.5
422	Логарифм	2167	36	101	68.0
423	Логарифмічно угнута функція	4	0	1	0.0
424	Логіка	2886	38	170	90.5
425	Логіка в інформатиці	217	1	18	5.5
426	Логіка другого порядку	23	0	3	1.0
427	Логіка першого порядку	137	1	15	4.0
428	Логічний сполучник	405	2	40	10.5
429	Любич Михайло Юрійович	6	0	2	0.0
430	Ляпунов Олександр Михайлович	116	0	12	3.0
431	Майже періодична функція	21	0	3	1.0
432	Майкл Атія	30	0	5	1.0
433	Максимальний ідеал	7	0	2	0.0
434	Маргуліс Григорій Олександрович	63	0	15	1.0
435	Марковська властивість	14	0	2	0.0
436	Марковська модель	60	0	11	1.0
437	Марковський момент часу	3	0	1	0.0
438	Марковський процес	78	0	13	1.5
439	Марковський процес вирішування	22	0	4	1.0
440	Мартингал	28	0	4	1.0
441	Математик	516	7	41	13.0
442	Математика	2822	34	132	80.0
443	Математична індукція	235	3	18	7.0
444	Математична константа	134	0	11	3.5
445	Математична логіка	387	2	29	12.0
446	Математична статистика	493	4	35	13.5
447	Математична фізика	112	0	7	3.0
448	Математичне моделювання	566	3	56	15.5
449	Математичне сподівання	1208	4	91	35.5
450	Математичний аналіз	436	5	32	12.0
451	Матриця (математика)	1182	9	83	34.5
452	Матриця суміжності	415	2	36	12.0
453	Машина Тюрінга	554	8	29	17.0
454	Медаль Філдса	779	16	31	24.0
455	Медіана (статистика)	3150	29	201	98.5
456	Мероморфна функція	20	0	3	1.0
457	Метаматематика	13	0	2	0.0
458	Метамова	201	1	19	5.0
459	Метод Гауса	541	1	47	14.0
460	Метод Гауса — Жордана	153	1	14	3.5
461	Метод головних компонент	281	3	28	7.0
462	Метод групового урахування аргументів	56	0	11	1.0
463	Метод золотого перетину	135	0	11	3.5
464	Метод максимальної правдоподібності	154	0	16	4.0
465	Метод матриць переходу	5	0	1	0.0
466	Метод Монте-Карло	452	8	28	12.5
467	Метод невизначених множників	97	0	10	3.0
468	Метод Ньютона	270	1	21	7.5
469	Метод скінченних різниць	86	0	9	2.0
470	Метричний простір	191	1	21	5.0
471	Метричний тензор	57	0	5	2.0
472	Механіка Гамільтона	57	0	6	2.0
473	Мимобіжні прямі	1130	15	73	32.0
474	Міжнародна математична олімпіада	127	0	14	3.0
475	Мінімальна довжина повідомлення	2	0	2	0.0
476	Мінімізація булевих функцій за допомоги дужкових форм	36	0	5	1.0
477	Міра множини	84	0	14	2.0
478	Міра Хаара	3	0	1	0.0
479	Мішаний добуток	107	0	13	3.0
480	Многовид	161	1	14	5.0
481	Многогранник	454	2	48	12.0
482	Многокутник	3121	19	238	75.5
483	Многочлен	771	9	48	24.0
484	Множення	1579	9	122	40.5
485	Множина	2955	29	166	83.5
486	Мода (статистика)	2099	10	146	62.5
487	Модель Барабаші — Альберт	7	0	2	0.0
488	Модель Блека — Шоулза	71	0	7	2.0
489	Модуль (математика)	1097	5	79	33.0
490	Модуль над кільцем	23	0	4	1.0
491	Модульна арифметика	287	2	28	8.0
492	Модулярна форма	15	0	4	0.0
493	Мультиіндекс	2	0	1	0.0
494	Мультимножина	25	0	5	1.0
495	Найбільше відоме просте число	350	4	21	11.0
496	Найбільший спільний дільник	716	9	41	20.5
497	Найменше спільне кратне	1353	15	75	38.0
498	Накриття (топологія)	14	0	3	1.0
499	Напівмартингал	2	0	1	0.0
500	Нат (одиниця вимірювання)	14	0	2	1.0
501	Натуральні числа	5744	51	394	172.5
502	Начала Евкліда	191	1	12	5.0
503	Нго Бао Чау	10	0	2	0.0
504	Невластивий інтеграл	4	1	1	1.0
505	Недетермінований скінченний автомат	68	0	10	1.0
506	Неевклідова геометрія	176	1	13	4.5
507	Незалежність (теорія ймовірностей)	217	0	24	6.0
508	Незвідний многочлен	34	0	3	1.0
509	Неімплікація	35	0	12	1.0
510	Нелінійні диференціальні рівняння	5	0	2	0.0
511	Неперервна справа функція з лівосторонніми границями	14	0	2	1.0
512	Неперервна функція	773	5	61	21.0
513	Нерівність	1484	15	94	41.0
514	Нерівність Коші — Буняковського	231	0	13	7.0
515	Нерівність трикутника	418	3	34	12.0
516	Нерівність Чебишова	97	0	14	2.0
517	Нескінченність	598	10	33	18.0
518	Нечітка множина	199	1	30	4.0
519	Ніколя Бурбакі	32	0	3	1.0
520	Нільпотентна група	2	0	1	0.0
521	Нім (гра)	47	0	5	1.0
522	Норма (математика)	174	1	15	5.0
523	Норма (теорія полів)	5	0	2	0.0
524	Нормальна підгрупа	25	0	5	1.0
525	Нормальний розподіл	1900	20	111	60.0
526	Обернена функція	622	10	33	18.5
527	Обернені тригонометричні функції	1370	15	74	41.0
528	Область визначення	3091	27	239	83.5
529	Область значень	1169	7	81	32.0
530	Область цілісності	17	0	4	0.5
531	Обчислювальна математика	136	1	12	3.0
532	Обчислювана функція	45	0	8	1.0
533	Оґюстен-Луї Коші	109	0	8	3.0
534	Одностороння функція	63	0	9	2.0
535	Окіл	131	0	14	3.5
536	Омар Хаям	1280	16	61	40.5
537	Оператор Лапласа	131	0	13	4.0
538	Оптимізація (математика)	375	1	27	12.0
539	Оптимум Парето	312	1	29	8.5
540	Опукла комбінація	7	0	2	0.0
541	Опукла множина	119	1	17	4.0
542	Опукла функція	153	0	18	4.0
543	Ортогональна матриця	58	0	6	2.0
544	Ортогональність	194	1	13	5.5
545	Ортонормований базис	53	0	4	2.0
546	Оскар Зарицький	26	0	12	1.0
547	Основна теорема алгебри	100	0	8	3.0
548	Основна теорема арифметики	181	1	11	6.0
549	Отто Штольц	38	0	11	2.0
550	Оцінка апостеріорного максимуму	24	0	4	1.0
551	Оцінка густини	28	0	4	0.5
552	П'єр Рене Делінь	11	0	2	0.0
553	П'єр Ферма	125	0	9	3.0
554	П'єр-Симон Лаплас	243	2	49	5.0
555	П'ятикомірник	23	0	6	1.0
556	Пал Ердеш	89	0	17	2.0
557	Парабола	1228	10	103	36.0
558	Парадокс Банаха — Тарського	88	0	7	2.5
559	Парадокс Расселла	157	2	9	5.0
560	Паралельність	625	4	51	17.5
561	Параметр	345	3	23	10.0
562	Педру Нуніш	306	23	47	40.0
563	Переважне приєднання	9	0	3	0.0
564	Перевірка відношенням правдоподібностей	43	0	5	1.5
565	Перевірка статистичних гіпотез	630	0	51	17.0
566	Перельман Григорій Якович	587	3	41	15.0
567	Перестановка	347	4	23	9.0
568	Перетворення Гільберта	63	0	12	1.0
569	Перетворення Лапласа	162	1	13	5.0
570	Перетворення Фур'є	522	6	41	13.5
571	Перетин множин	560	3	41	16.5
572	Перехресна ентропія	44	0	5	1.0
573	Перехресна перевірка	65	0	6	2.0
574	Периметр	776	4	55	21.0
575	Періодична функція	396	3	25	11.5
576	Періодичний стан	4	0	1	0.0
577	Підмножина	641	3	41	20.0
578	Піднесення до степеня	2823	24	187	86.0
579	Підстановка	28	0	3	1.0
580	Піфагор	3364	39	256	94.5
581	Планування експерименту	537	4	33	15.5
582	Площа	4172	60	265	132.5
583	Площа поверхні	97	0	6	3.0
584	Площина	613	5	49	18.5
585	Поверхневий інтеграл	122	0	18	2.0
586	Поверхня	286	0	34	7.0
587	Повний метричний простір	63	0	8	2.0
588	Подвійні числа	13	0	2	0.0
589	Подільність	208	1	24	6.0
590	Позиційна система числення	933	2	61	24.0
591	Показникова функція	1460	12	132	44.0
592	Пол Джозеф Коен	34	0	8	0.0
593	Поле (алгебра)	170	0	16	5.0
594	Поле Галуа	63	0	6	2.0
595	Поліноми Ґеґенбауера	118	2	22	6.0
596	Поліноми Ерміта	53	0	9	1.0
597	Поль Дірак	124	0	15	3.0
598	Полюс (комплексний аналіз)	16	0	4	1.0
599	Полярна система координат	558	4	46	15.0
600	Помилки першого і другого роду	245	1	23	6.5
601	Порядкове число	54	0	6	1.5
602	Послідовність	1476	4	116	35.5
603	Послідовність Фібоначчі	908	15	57	25.0
604	Потужність множини	549	4	38	16.5
605	Похибки та залишки	187	2	13	5.5
606	Похідна	4671	37	370	136.0
607	Правило висновування	46	0	5	1.0
608	Правило Лопіталя	261	1	19	6.0
609	Правильний многокутник	1923	9	427	47.5
610	Правильний трикутник	2816	27	170	89.0
611	Представлення групи	15	0	3	0.5
612	Приблизне баєсове обчислення	21	0	3	1.0
613	Прикладна математика	335	4	23	9.5
614	Принцип детальної рівноваги	8	0	2	0.0
615	Принцип Діріхле	219	3	17	6.0
616	Принцип максиміну	42	0	4	1.0
617	Припущення	222	1	16	5.0
618	Прискорення	8555	31	659	262.5
619	Пристосованість (статистика)	22	0	3	0.0
620	Проблема зупинки	70	0	7	2.0
621	Проблема чотирьох фарб	148	0	9	5.0
622	Проблеми Гільберта	165	1	10	5.0
623	Проєктивна геометрія	54	0	6	2.0
624	Проєктивний простір	17	0	6	0.0
625	Проста група	6	0	1	0.0
626	Просте число	3159	45	173	89.0
627	Простий ідеал	5	0	2	0.0
628	Простір Мінковського	105	0	20	3.0
629	Простір Шварца	7	0	1	0.0
630	Простір Lp	68	1	6	2.0
631	Просторово-часовий інтервал	130	1	9	4.0
632	Протокол узгодження ключів	13	0	2	1.0
633	Процес Леві	6	0	2	0.0
634	Пряма	992	9	87	28.5
635	Пряма секретність	22	0	4	1.0
636	Прямий кут	472	4	36	14.0
637	Прямокутний трикутник	15011	91	1052	437.0
638	Псевдотріангуляція	10	0	5	0.0
639	Пучок (математика)	20	0	3	1.0
640	Радіальна базисна функція	22	0	3	1.0
641	Радіан	786	9	42	26.0
642	Радіус	3158	19	249	82.5
643	Раціональна функція	47	0	6	1.0
644	Раціональні числа	4430	43	249	141.5
645	Регістр зсуву з лінійним зворотним зв'язком	42	0	6	2.0
646	Регресійний аналіз	1185	9	89	37.0
647	Регуляризація (математика)	49	0	7	1.0
648	Рене Декарт	2832	17	245	79.5
649	Рене Том	7	0	2	0.0
650	Рерайтинг (математика)	14	0	3	1.0
651	Римська система числення	4651	67	212	147.5
652	Рівність класів P і NP	192	1	16	4.5
653	Рівновага Неша	359	3	71	8.0
654	Рівномірна збіжність	59	0	5	2.0
655	Рівномірна обмеженість	20	0	3	1.0
656	Рівностепенева неперервність	6	0	2	0.0
657	Рівняння	3287	13	406	67.5
658	Рівняння Дірака	84	0	10	3.0
659	Рівняння конвекції-дифузії	32	0	5	1.0
660	Рівняння Лапласа	90	0	10	2.0
661	Рівняння Максвелла	620	2	38	20.5
662	Рівняння Нав'є — Стокса	211	2	19	5.5
663	Рівняння Пелля	14	0	2	1.0
664	Рівняння Смолюховського	8	0	1	1.0
665	Рівняння теплопровідності	100	0	8	3.0
666	Рівняння Фоккера-Планка	30	0	6	1.0
667	Рівняння Чепмена — Колмогорова	27	0	4	1.0
668	Рівняння четвертого степеня	249	2	15	8.0
669	Рівняння Шредінгера	452	2	29	12.5
670	Ріманова поверхня	22	0	5	1.0
671	Ріхард Дедекінд	40	0	4	1.0
672	Річард Евен Борхердс	9	0	2	0.0
673	Роджер Пенроуз	66	0	8	2.0
674	Розбиття множини	131	0	17	3.0
675	Розв'язна група	5	0	1	0.0
676	Розвідувальний аналіз	47	0	5	2.0
677	Роздрібнена множина	4	0	2	0.0
678	Розмірність простору	120	0	10	3.5
679	Розподіл ймовірностей	565	4	40	17.0
680	Розподіл Коші	59	0	6	2.0
681	Розподіл Пуассона	521	4	31	14.0
682	Розподіл хі-квадрат	217	1	16	7.0
683	Розфарбовування ребер	17	0	4	0.5
684	Розходження Кульбака — Лейблера	40	0	9	1.0
685	Розширений фільтр Калмана	29	0	4	1.0
686	Розширення поля	14	0	2	1.0
687	Рональд Фішер	76	0	8	2.0
688	Ряд (математика)	277	1	18	9.0
689	Ряд Тейлора	549	5	50	14.5
690	Ряд Фур'є	586	4	34	18.0
691	Саймон Дональдсон	6	0	2	0.0
692	Середнє арифметичне	1491	9	116	41.5
693	Середнє значення	1219	12	93	35.0
694	Сигма-алгебра	47	0	7	2.0
695	Силогізм	769	6	70	17.5
696	Символ Кронекера	63	0	6	2.0
697	Символ Похгаммера	10	0	2	0.0
698	Симетрична група	21	0	8	0.0
699	Симетрія	2299	16	194	64.0
700	Симетрія в математиці	328	2	32	9.0
701	Симплекс	84	0	7	2.0
702	Симплекс-метод	339	3	35	10.0
703	Сингулярний розклад матриці	110	0	8	3.0
704	Сингулярні гомології	1	0	1	0.0
705	Система координат	1953	14	169	55.5
706	Система лінійних алгебраїчних рівнянь	1001	8	62	27.5
707	Система числення	1545	12	107	38.5
708	Сімеон-Дені Пуассон	36	0	8	1.0
709	Скаляр	293	1	19	8.0
710	Скалярний добуток	1656	22	99	48.5
711	Скінченна множина	232	2	17	6.5
712	Скінченні різниці	55	0	6	1.0
713	Складано-ножева перевибірка	11	0	2	0.0
714	Складене число	1805	20	110	56.5
715	Соломон Лефшец	9	0	1	0.5
716	Спектральна теорема	3	0	1	0.0
717	Спеціальна теорія відносності	1776	14	151	48.5
718	Список математичних категорій	60	0	6	2.0
719	Список областей застосування статистики	30	0	4	1.0
720	Список тригонометричних тотожностей	1442	19	81	46.5
721	Спільна ентропія	12	0	2	0.0
722	Спінор	15	0	3	0.0
723	Спліт-кватерніони	4	0	2	0.0
724	Спрямований ациклічний граф	71	0	14	1.0
725	Срініваса Рамануджан	723	10	51	21.5
726	Стандартна модель	189	0	17	5.0
727	Стандартне відхилення	2707	21	161	89.5
728	Статистика	2896	32	191	87.0
729	Статистична дисперсія	333	2	23	11.0
730	Статистична значущість	756	6	49	23.5
731	Статистична механіка	82	0	6	2.0
732	Статистичне висновування	133	0	11	4.0
733	Стаціонарна точка	256	0	24	6.0
734	Степеневий ряд	120	0	14	2.0
735	Степінь трансцендентності	1	0	1	0.0
736	Стефан Банах	288	3	80	6.0
737	Стівен Смейл	7	0	2	0.0
738	Стохастична гра	6	0	1	0.0
739	Стохастична матриця	19	0	3	1.0
740	Стохастична модель	131	0	14	3.0
741	Стохастичне числення Іто	9	0	2	0.0
742	Сума	1452	8	109	41.0
743	Сфера	2992	21	198	82.0
744	Сфера Рімана	19	0	4	1.0
745	Сферична система координат	331	2	23	10.0
746	Сюр'єкція	232	0	30	5.0
747	Таблиця множення	418	4	31	12.0
748	Теза Черча — Тюрінга	54	0	8	1.0
749	Тензорний добуток	53	0	6	2.0
750	Теорема	656	3	55	15.0
751	Теорема Асколі — Арцела	19	0	5	1.0
752	Теорема Баєса	578	7	40	17.5
753	Теорема Банаха про нерухому точку	23	0	3	1.0
754	Теорема Гамільтона — Келі	34	0	6	1.0
755	Теорема Гана — Банаха	4	0	1	0.0
756	Теорема Кантора	24	0	5	1.0
757	Теорема косинусів	2007	30	102	61.5
758	Теорема Лагранжа	230	0	24	6.0
759	Теорема Лагранжа (теорія груп)	26	0	4	1.0
760	Теорема Льовенгейма — Сколема	7	0	1	0.0
761	Теорема Піфагора	5713	75	287	193.5
762	Теорема про планарне розбиття	11	0	3	1.0
763	Теорема про розподіл простих чисел	67	0	6	3.0
764	Теорема Рамсея	37	0	4	1.0
765	Теорема Рімана — Роха	9	0	2	0.5
766	Теорема синусів	1076	8	58	31.5
767	Теорема Скорохода про вкладення	3	0	1	0.0
768	Теорема Стокса	117	0	11	3.5
769	Теореми Веєрштраса у банахових просторах	4	0	1	0.0
770	Теореми Геделя про неповноту	210	2	13	6.0
771	Теореми про ізоморфізми	11	0	3	0.0
772	Теоретична інформатика	91	0	8	2.0
773	Теорія алгоритмів	282	2	19	7.5
774	Теорія Вапника — Червоненкіса	17	0	3	0.0
775	Теорія випадкових процесів	23	0	4	1.0
776	Теорія відносності	2382	34	140	68.0
777	Теорія Галуа	24	0	5	1.0
778	Теорія графів	699	9	44	19.5
779	Теорія груп	134	0	11	3.5
780	Теорія ігор	1160	13	149	31.0
781	Теорія інваріантів	16	0	4	1.0
782	Теорія інформації	426	1	31	12.5
783	Теорія ймовірностей	1844	23	93	53.5
784	Теорія категорій	97	0	14	2.0
785	Теорія керування	199	1	15	5.0
786	Теорія кодування	179	0	18	5.0
787	Теорія масового обслуговування	128	0	9	4.0
788	Теорія мереж	82	0	8	2.5
789	Теорія множин	594	7	51	15.5
790	Теорія множин Цермело — Френкеля	36	0	5	1.0
791	Теорія наближень	20	0	4	1.0
792	Теорія обчислюваності	41	0	5	2.0
793	Теорія порядку	23	0	3	1.0
794	Теорія представлень	14	0	3	0.0
795	Теорія Серфа	1	0	1	0.0
796	Теорія складності обчислень	177	0	13	4.5
797	Теорія статистичного навчання	19	0	4	0.5
798	Теорія хаосу	528	4	29	16.5
799	Теорія чисел	273	2	29	7.0
800	Теплокарта	28	0	4	1.0
801	Теренс Тао	94	0	27	2.0
802	Тесеракт	308	2	20	9.0
803	Тімоті Гауерс	9	0	2	0.0
804	Тоді й лише тоді	68	0	9	2.0
805	Топологічна група	13	0	3	0.0
806	Топологічний векторний простір	6	0	2	0.0
807	Топологічний простір	120	0	12	3.0
808	Топологія	381	6	24	11.0
809	Топологія Зариського	11	0	2	0.0
810	Тотожне відображення	55	0	9	1.0
811	Тотожність	1381	10	96	37.5
812	Тотожність Ейлера	95	0	11	2.0
813	Точка	429	5	31	12.0
814	Точність до	14	0	5	0.5
815	Трансцендентне число	165	1	11	5.0
816	Трапеція	3177	39	153	100.0
817	Тривимірний простір	240	1	21	7.0
818	Тригонометричні функції	5810	61	317	172.0
819	Тригонометрія	933	12	75	25.0
820	Трикутник	5062	40	357	151.5
821	Трикутник Рело	176	1	12	5.0
822	Тріангуляція (геометрія)	45	0	5	1.0
823	Узагальнена функція	34	0	3	1.0
824	Умови Коші — Рімана	31	0	4	1.0
825	Умовна ентропія	60	0	9	1.0
826	Умовне математичне сподівання	33	0	3	1.0
827	Унарна операція	91	0	6	3.0
828	Уявна одиниця	240	1	22	6.5
829	Фазовий простір	62	0	9	1.0
830	Факторгрупа	37	0	6	1.0
831	Факторизація	153	0	11	4.5
832	Факторпростір	26	0	6	1.0
833	Фелікс Гаусдорф	15	0	4	0.0
834	Фелікс Кляйн	43	0	6	1.0
835	Фібоначчі	521	7	28	17.0
836	Фізика	2579	29	137	83.0
837	Філософія математики	50	0	6	1.5
838	Фільтр Калмана	159	1	10	4.5
839	Формальний степеневий ряд	7	0	2	0.0
840	Формула	647	4	61	18.5
841	Формула Гауса — Бонне	18	0	4	1.0
842	Формула Ейлера	540	4	83	12.0
843	Формула Муавра	136	0	19	3.0
844	Формула Ньютона — Лейбніца	573	6	38	17.5
845	Формула Остроградського	138	1	12	4.0
846	Формула повної ймовірності	484	5	27	14.5
847	Формула Фейнмана — Каца	5	0	1	0.0
848	Фрактал	1316	20	71	39.0
849	Фрактальна розмірність	55	0	8	2.0
850	Франсуа Вієт	686	5	46	22.0
851	Фундаментальна група	7	0	2	0.5
852	Фундаментальна послідовність	69	0	10	2.0
853	Функтор	39	0	4	1.0
854	Функції Бесселя	94	0	9	3.0
855	Функціональна похідна	16	0	4	1.0
856	Функціональний аналіз	234	1	29	6.0
857	Функціональний ряд	122	0	18	3.0
858	Функція (математика)	3870	37	269	113.0
859	Функція внеску	11	0	3	0.0
860	Функція Ейлера	197	1	11	6.0
861	Функція Мебіуса	27	0	4	1.0
862	Функція правдоподібності	112	0	18	3.0
863	Функція розподілу (статистична фізика)	7	0	2	0.0
864	Функція розподілу ймовірностей	458	3	31	13.5
865	Характер представлення групи	6	0	2	0.0
866	Характеристика Ейлера	14	0	2	1.0
867	Характеристична функція	68	0	8	2.0
868	Хвильове рівняння	220	0	25	5.0
869	Хеш-функція	647	2	49	21.0
870	Хроматичне число	62	0	4	2.0
871	Центральна гранична теорема	158	0	9	6.0
872	Центральний момент	100	0	12	3.0
873	Циклічний підклас	2	0	1	0.0
874	Циліндрична система координат	92	0	11	2.0
875	Цифри	2588	34	211	74.0
876	Ціла функція	26	0	4	1.0
877	Цілі числа	4084	44	247	125.0
878	Цілком впорядкована множина	31	0	5	1.0
879	Цілком неперервний оператор	6	0	2	0.0
880	Чарлз Сандерс Пірс	101	0	17	3.0
881	Час	2385	30	126	73.0
882	Часова область	30	0	3	1.0
883	Часовий ряд	357	1	31	10.0
884	Часткова похідна	429	1	54	12.0
885	Частково впорядкована множина	171	0	25	3.0
886	Частота події	248	0	31	6.0
887	Чезаре Арцела	14	0	5	0.0
888	Чисельне інтегрування	59	0	6	2.0
889	Чисельні методи	468	5	28	15.5
890	Числа Бернуллі	76	0	8	2.0
891	Числення висловлень	138	0	11	4.0
892	Число	1834	17	114	51.5
893	Число пі	6187	100	492	170.5
894	Чиста математика	33	0	3	1.0
895	Чотири арифметичні дії	2870	23	223	80.5
896	Шарль Ерміт	19	0	4	0.0
897	Швидке перетворення Фур'є	198	1	27	5.0
898	Швидкість	5859	35	461	181.5
899	Шинтан Яу	15	0	3	0.0
900	Шифр	237	0	21	5.5
901	Шифрування	829	6	55	23.5
902	Шіінг-Шен Черн	11	0	3	0.0
903	Шістнадцяткова система числення	865	7	65	23.5
904	Шлях (теорія графів)	85	0	12	2.0
905	Щербина Марія Володимирівна	30	0	7	1.0
906	Якобіан	63	0	5	2.0
907	Co-NP	6	0	1	0.0
908	E (число)	1598	27	81	46.0
909	EXPTIME	9	0	2	1.0
910	Gnuplot	12	0	3	0.0
911	Hashcash	17	0	3	1.0
912	Maple	95	0	7	3.0
913	Mathematica	69	0	6	2.0
914	MathML	31	0	5	1.0
915	NP-повна задача	120	0	15	3.0
916	NP-складна задача	42	0	4	1.0
917	PCP-теорема	6	0	2	0.0
918	T-критерій Стьюдента	1149	13	80	34.5
919	T-розподіл Стьюдента	307	2	23	8.0
