1	5-фторурацил	145	1	11	4.0
2	Абакавір	28	0	7	1.0
3	Абакавір/Ламівудин	19	0	2	1.0
4	Абарестезія	14	0	2	1.0
5	Абатестезія	25	0	4	1.0
6	Абдоміналізація серця	23	0	6	1.0
7	Абдомінопластика	325	2	90	6.0
8	Абсанс	458	4	43	11.5
9	Абсцес	2938	37	151	87.0
10	Абсцес легень	2175	21	155	67.5
11	Август Вагенманн	0	0	0	0.0
12	Авілова Ольга Матвіївна	218	1	80	3.0
13	Авітамінози	2621	29	168	80.5
14	Австралійський кліщовий рикетсіоз	39	0	4	1.0
15	Автоімунні захворювання	2291	37	166	71.5
16	Агнозія	768	5	50	22.0
17	Агомелатин	77	0	7	2.0
18	Агорафобія	854	12	41	26.5
19	Агранулоцитоз	947	9	87	28.0
20	Адалімумаб	142	1	12	4.0
21	Адам Крістіян Тебезій	16	0	3	1.0
22	Аддералл	798	12	38	25.0
23	Аддісонова хвороба	2146	29	122	63.0
24	Аделькі Негрі	5	0	1	0.0
25	Аденовіруси	1136	13	74	34.0
26	Аденовірусна інфекція	2371	25	175	72.5
27	Аденома гіпофіза	326	3	20	9.5
28	Аденома щитоподібної залози	437	1	46	11.0
29	Адинамія	114	1	11	3.0
30	Адонізид	81	0	9	2.0
31	Адреналектомія	46	0	6	1.0
32	Адреногенітальний синдром	915	7	64	27.5
33	Адренокортикальна аденома	124	0	8	4.0
34	Адренокортикальна карцинома	44	0	8	1.0
35	Адренокортикотропний гормон	775	8	51	20.5
36	Адсорбована коклюшно-дифтерійно-правцева вакцина	946	12	65	26.5
37	Аерофагія	77	0	8	2.0
38	Азеластин	30	0	5	1.0
39	Азилсартан	62	0	6	2.0
40	Азитроміцин	2648	28	238	52.5
41	Азлоцилін	63	0	10	1.0
42	Азооспермія	172	1	15	5.0
43	Азотемія	425	1	40	9.0
44	Азтреонам	70	0	10	1.0
45	Айван Магілл	11	0	2	0.0
46	Айзенберг Олександр Абрамович	16	0	6	0.0
47	Аймалін	20	0	2	1.0
48	Акінезія	81	0	6	2.5
49	Акне	2749	44	160	85.0
50	Акривастин	27	0	5	1.0
51	Акрихін	53	0	8	1.0
52	Акромегалія	1336	14	97	38.5
53	Актиномікоз	626	3	55	16.5
54	Актовегін	277	3	23	8.0
55	Акушерка	224	2	18	6.5
56	Алберт Аґуайо	13	0	8	0.0
57	Александер Флемінг	830	8	56	28.0
58	Алексія	145	0	16	5.0
59	Алемтузумаб	20	0	4	0.0
60	Алергічний дерматит	418	3	22	14.0
61	Алергія на латекс	63	0	6	2.0
62	Алессандра Джиліані	1	0	1	0.0
63	Алкоголізм	5095	66	293	149.5
64	Алоїз Альцгеймер	85	0	11	2.0
65	Алоїз Капуано	7	0	3	0.0
66	Алпразолам	921	14	44	30.0
67	Альбендазол	552	8	28	17.5
68	Альберт Нейссер	77	0	7	2.0
69	Альберто Асколі	5	0	2	0.0
70	Альберто Бартон	4	0	2	0.0
71	Альбумінурія	107	1	12	3.0
72	Альдостерон	927	14	62	24.5
73	Альфа-адреноблокатори	880	4	68	26.0
74	Альфа-клітина	50	0	6	1.0
75	Альфа-фетопротеїн	651	4	48	20.5
76	Альфонс Якоб	9	0	1	0.0
77	Альфред Вельпо	8	0	3	0.0
78	Альфузозин	26	0	2	1.0
79	Амантадин	206	0	14	6.0
80	Амбазон	144	1	26	3.0
81	Амбліопія	737	5	54	20.0
82	Амброксол	1004	16	59	28.5
83	Амебіаз	1181	12	88	34.5
84	Аменорея	1139	14	76	35.0
85	Американська колегія хірургів	13	0	2	1.0
86	Амізон	1300	16	74	39.0
87	Амікацин	192	2	18	5.0
88	Амілоїд	202	1	23	4.0
89	Амілоїдоз	960	10	67	28.5
90	Амімія	54	0	5	2.0
91	Аміноглікозиди	1226	7	119	32.0
92	Амінотрансферази	291	3	30	8.0
93	Аміодарон	248	0	20	7.0
94	Амісульприд	61	0	6	2.0
95	Амітриптилін	741	12	37	23.0
96	Амлодипін	759	10	49	20.0
97	Амнезія	1062	16	61	32.0
98	Амніоцентез	143	0	11	5.0
99	Амоксицилін	1961	28	98	60.5
100	Амоксицилін/клавуланова кислота	731	8	36	23.5
101	Амосов Микола Михайлович	3229	47	151	106.0
102	Ампренавір	6	0	2	0.0
103	Ампутація	338	2	26	10.0
104	Амрінон	18	0	4	1.0
105	Амтолметин гуацил	15	0	3	0.0
106	Амузія	40	0	4	1.0
107	Амфетамін	3499	82	143	106.0
108	Амфотерицин В	142	0	10	4.0
109	Анагрелід	22	0	5	0.0
110	Анапластичний рак щитоподібної залози	78	0	10	2.0
111	Анасарка	469	5	26	14.0
112	Анастомоз	356	2	25	10.5
113	Анастрозол	71	1	6	2.0
114	Анатоксин	421	1	36	12.0
115	Анатомічний театр Київського університету Св. Володимира	21	0	3	1.0
116	Анатомо-терапевтично-хімічна класифікація	265	1	21	7.0
117	Анафілаксія	814	8	52	25.5
118	Анафілактичний шок	4451	44	303	135.5
119	Ангіологія	48	0	6	1.0
120	Ангіома	543	5	69	14.5
121	Ангіосаркома	67	0	6	2.0
122	Ангіосаркома щитоподібної залози	18	0	3	1.0
123	Ангіоспазм	136	0	12	4.0
124	Ангіостронгільоз	32	0	4	1.0
125	Анджело Челлі	6	0	2	0.0
126	Андрейчин Михайло Антонович	219	1	23	5.0
127	Андрогени	758	13	45	22.0
128	Андростендіон	113	0	8	4.0
129	Аневризма	1365	27	67	42.0
130	Аневризма аорти	867	12	46	24.5
131	Анемія	8373	114	426	254.5
132	Анестезія	1172	9	86	31.5
133	Анеуплоїдія	1617	4	106	47.0
134	Анідулафунгін	12	0	2	1.0
135	Анізакіди	39	0	4	1.0
136	Анізакідоз	120	0	13	3.0
137	Анізокорія	772	6	36	25.0
138	Анкілоз	503	4	30	16.0
139	Анкілозуючий спондилоартрит	1501	24	76	46.5
140	Анкілостомози	277	1	26	6.0
141	Анорексія (симптом)	1803	32	134	53.5
142	Антагоністи альдостерону	160	0	13	4.5
143	Антиаритмічні препарати	727	2	56	20.5
144	Антигіпертензивні препарати	1795	19	114	55.5
145	Антипсихотичні препарати	782	8	51	24.0
146	Антитіла	5309	43	302	145.0
147	Антифосфоліпідний синдром	224	1	18	6.0
148	Антон Вексельбаум	8	0	2	0.0
149	Антон Гон	4	0	2	0.0
150	Антоні Крупський	1	0	1	0.0
151	Антраль	1127	22	57	32.5
152	Антропоноз	981	6	79	29.0
153	Анурія	808	2	70	21.0
154	Аортальна недостатність	610	3	74	16.5
155	Апатія (медицина)	2521	46	103	80.5
156	Апендицит	2616	39	136	83.5
157	Апное	899	16	43	26.0
158	Апное уві сні	741	13	34	23.0
159	Аполіпопротеїн A1	48	0	11	1.0
160	Апраксія	564	6	31	17.5
161	Апрепітант	8	0	1	0.0
162	Аптека	376	3	29	10.5
163	Арахноїдит	615	7	45	16.5
164	Арбідол	3954	28	483	78.5
165	Арбовірусні хвороби	194	1	20	5.0
166	Аргентинська геморагічна гарячка	36	0	4	1.0
167	Арипіпразол	64	0	6	2.0
168	Арман Труссо	7	0	4	0.0
169	Армодафініл	143	1	19	3.0
170	Артеріальна гіпертензія	10161	114	547	333.0
171	Артеріальна гіпотензія	3190	59	154	96.0
172	Артеріосклероз	141	1	23	3.0
173	Артерія м'яза-підіймача яєчка	6	0	2	0.0
174	Артерія сім'явивідної протоки	18	0	3	1.0
175	Артерія яєчка	87	0	9	2.0
176	Артралгія	611	5	36	18.0
177	Артремфіт	73	0	7	2.0
178	Артрит	2561	54	119	78.0
179	Артроз плечового суглоба	116	0	9	4.0
180	Артропластика	97	0	14	3.0
181	Артур Ернест Гведел	15	0	2	0.0
182	Асептика	1830	5	601	37.0
183	Аскарида людська	3783	50	292	115.0
184	Аскаридоз	2579	29	157	77.5
185	Аспарагіназа	51	0	6	1.0
186	Аспергільоз	222	0	14	6.0
187	Астазія	49	0	6	2.0
188	Астемізол	43	0	5	1.0
189	Астенія	2232	39	105	68.5
190	Асфіксія	4190	34	615	97.5
191	Асцит	929	11	57	25.5
192	Атазанавір	108	0	16	3.0
193	Атаксія	823	10	63	24.0
194	Атезолізумаб	70	0	10	2.0
195	Ателектаз легені	1161	6	81	36.5
196	Атеросклероз	6153	100	283	199.0
197	Атетоз	157	2	14	4.0
198	Атипова пневмонія	5964	32	375	167.0
199	Атлант (анатомія)	387	2	52	8.5
200	Атоваквон	33	0	4	1.0
201	Атомоксетин	25	0	3	1.0
202	Атонія	295	3	19	9.0
203	Аторвастатин	152	1	12	4.5
204	Атропін	1355	16	92	37.0
205	Атрофія	657	5	37	21.5
206	Аура (симптом)	322	3	27	9.5
207	Аускультація	601	4	42	16.5
208	Аутопсія	871	9	53	22.0
209	Аутотрансплантація	160	0	24	4.0
210	Афект первинний	66	0	8	2.0
211	Афінська моровиця	632	1	46	19.5
212	Афонія	149	0	10	5.0
213	Афти	146	0	10	5.0
214	Ахілів рефлекс	298	2	26	8.0
215	Ахондроплазія	599	2	49	14.5
216	Ацеклофенак	84	0	9	2.0
217	Аценокумарол	130	0	14	4.0
218	Ацетилсаліцилова кислота/гідроксид магнію	179	1	17	5.0
219	Ацетилцистеїн	806	6	56	24.0
220	Ацикловір	1347	20	73	40.0
221	Бабезіоз	359	5	21	11.0
222	Базиліксимаб	14	0	3	1.0
223	Базофілопенія	10	0	3	0.0
224	Бактеріємія	245	1	15	7.5
225	Балантидіаз	358	1	42	9.0
226	Бальнеологія	491	4	29	14.5
227	Барабанна струна	211	1	17	5.5
228	Бардах Яків Юлійович	25	0	3	1.0
229	Барлова хвороба	37	0	3	1.0
230	Баротравма	207	0	16	6.0
231	Бартолініт	116	0	11	4.0
232	Бартолінові залози	399	4	20	12.0
233	Бартонельози	56	0	8	2.0
234	Баттологія	43	0	5	2.0
235	Бацилярний ангіоматоз	27	0	3	1.0
236	Бацилярний пурпурний гепатит	32	0	4	1.0
237	Бевацизумаб	76	0	13	2.0
238	Бедаквілін	80	0	9	2.0
239	Беджель	93	0	8	2.5
240	Безифлоксацин	11	0	3	0.0
241	Безоар	652	1	220	7.5
242	Безредка Олександр Михайлович	123	1	17	3.0
243	Безсоння	952	11	57	28.0
244	Беклометазон	241	1	31	6.0
245	Беміпарин	25	0	3	1.0
246	Беназеприл	41	0	6	1.0
247	Бендамустин	33	0	5	1.0
248	Бенджамін Раш	19	0	3	1.0
249	Бенедикт Ваґнер	2	0	1	0.0
250	Бензатин бензилпеніцилін	334	2	32	9.5
251	Бензатин феноксиметилпеніцилін	5	0	1	0.0
252	Бензобарбітал	33	0	4	1.0
253	Бенфлуорекс	8	0	3	0.0
254	Бепридил	21	0	2	1.0
255	Бері-бері	770	7	95	23.0
256	Бернгард Нохт	2	0	1	0.0
257	Бета-2-адреностимулятори	489	2	47	10.5
258	Бета-блокатор	1718	9	115	51.0
259	Бета-клітина	121	0	10	3.0
260	Бета-лактамази	276	3	20	8.5
261	Бетагістин	56	0	6	2.0
262	Бетаксолол	25	0	5	1.0
263	Бешиха	5438	61	334	174.5
264	Бівалірудин	15	0	3	0.5
265	Бігуняк Володимир Васильович	21	0	3	1.0
266	Бікалутамід	25	0	3	1.0
267	Біла гарячка	1530	27	87	48.5
268	Біластин	156	0	12	4.0
269	Біль	3356	23	315	81.5
270	Біль за грудиною	232	1	17	7.0
271	Біодоступність	301	2	18	9.0
272	Біохімічний аналіз крові	2774	28	166	81.5
273	Біпериден	33	0	5	1.0
274	Біполярний афективний розлад	5020	92	244	149.0
275	Біфоназол	81	1	10	2.0
276	Бічний аміотрофічний склероз	1672	34	96	51.0
277	Бленорея	249	1	26	6.0
278	Блеоміцин	51	0	5	2.0
279	Блефарит	479	6	27	15.5
280	Близькосхідний коронавірусний респіраторний синдром	6478	60	356	166.5
281	Бліда куля	147	1	11	5.0
282	Блокатори кальцієвих каналів	1231	5	75	37.0
283	Блокатори H2-гістамінових рецепторів	530	6	38	16.0
284	Блювання	921	9	57	27.5
285	Богданов Іван Лукіянович	16	0	4	1.0
286	Бокавірусна інфекція	96	0	8	3.0
287	Болівійська геморагічна гарячка	49	0	6	1.0
288	Бородавка	1172	20	67	32.5
289	Борозна (мозок)	2069	10	125	64.0
290	Ботулізм	4518	44	321	139.5
291	Боцепревір	12	0	2	0.0
292	Брадикардія	2578	45	114	77.0
293	Брахідактилія	187	0	17	6.0
294	Браян Артур Селлік	12	0	3	0.0
295	Брентуксимаб ведотин	32	0	6	1.0
296	Бретилію тозилат	26	0	4	1.0
297	Бривудин	13	0	2	1.0
298	Брижа (кишечник)	383	3	26	10.5
299	Бринцидофовір	385	1	103	4.0
300	Бромгексин	522	8	27	16.0
301	Бромокриптин	141	0	14	4.0
302	Бронхіальна астма	5434	50	306	172.0
303	Бронхіт	9424	122	477	295.0
304	Бронхоектатична хвороба	2067	27	147	59.5
305	Бронхоспазм	837	9	51	24.0
306	Бругіоз	166	0	19	3.0
307	Бруцельоз	2942	16	237	82.5
308	Бубновський Сергій Михайлович	521	9	34	16.0
309	Бубон (медицина)	1267	10	65	44.5
310	Бубонна чума	6758	48	482	205.5
311	Будесонід	196	1	15	5.0
312	Булімія	1780	31	106	51.5
313	Бупренорфін	435	2	49	13.5
314	Бупропіон	112	0	10	3.0
315	Бурсит	922	11	52	27.5
316	Бусерелін	27	0	9	1.0
317	Буспірон	180	1	15	5.0
318	Бусульфан	11	0	2	1.0
319	Бутоконазол	9	0	2	0.0
320	Буторфанол	111	0	9	3.0
321	Вавжинєц Прессен	8	0	5	0.0
322	Вагінальний кандидоз	1995	43	89	61.5
323	Вазоактивний інтестинальний пептид	117	0	24	2.0
324	Вазопресин	2096	17	120	61.5
325	Вакцина проти гепатиту А	84	0	8	3.0
326	Вакцина проти епідемічного паротиту	166	1	18	4.0
327	Вакцина проти кору	401	2	68	10.0
328	Вакцинація	1789	15	209	52.0
329	Вакцини	4949	27	322	149.5
330	Вакцини проти холери	115	1	10	3.5
331	Валацикловір	117	0	11	3.5
332	Валганцикловір	18	0	3	1.0
333	Валсартан	154	2	10	5.0
334	Вальпроєва кислота	199	1	16	5.0
335	Варикоз	1620	30	84	49.5
336	Варфарин	375	4	30	10.5
337	Васкуліт	840	9	47	27.0
338	Ведолізумаб	45	0	11	1.0
339	Везикульозний рикетсіоз	82	0	8	3.0
340	Велика Лондонська чума	473	0	31	15.5
341	Великий кам'янистий нерв	130	1	13	3.0
342	Великогомілкова кістка	543	6	42	13.5
343	Венеричні хвороби	1814	20	92	52.5
344	Венерологія	146	1	10	4.5
345	Венесуельський енцефаломієліт	30	0	3	1.0
346	Венлафаксин	119	1	9	4.0
347	Верапаміл	249	1	22	7.0
348	Вернакалант	34	0	6	1.0
349	Вертикальний механізм передачі інфекції	391	0	49	10.0
350	Верхнє слиновидільне ядро	65	0	10	1.0
351	Верхній гортанний нерв	104	0	13	3.0
352	Верхньощелепна артерія	878	4	151	15.5
353	Верхньощелепна вена	45	0	7	1.0
354	Верхня гортанна артерія	9	0	2	0.0
355	Верхня щитоподібна артерія	259	0	25	6.0
356	Верхня щитоподібна вена	27	0	6	1.0
357	Виноградов Костянтин Миколайович	0	0	0	0.0
358	Випадкова смерть та інвалідність: знехтуване захворювання сучасного суспільства	3	0	2	0.0
359	Виразка Бурулі	108	1	8	3.0
360	Висип	2089	26	103	70.0
361	Висівкоподібний (різнокольоровий) лишай	3197	53	145	97.5
362	Високоактивна антиретровірусна терапія	747	5	53	24.0
363	Високович Володимир Костянтинович	41	0	5	1.0
364	Висотна хвороба	604	7	54	19.0
365	Висхідна глоткова артерія	77	0	7	2.0
366	Висхідна шийна артерія	26	0	3	1.0
367	Відрижка	367	5	21	11.5
368	Відшарування сітківки	292	1	20	9.0
369	Військова медицина в Україні	156	0	12	4.0
370	Військові медичні заклади України	173	0	11	5.5
371	Військово-лікарські комісії України	578	5	55	15.0
372	Віктор Бабеш	20	0	3	1.0
373	Вілем Душан Лямбль	14	0	8	0.0
374	Вілізієве коло	897	2	66	28.0
375	Вільгельм Ґрізінґер	11	0	1	1.0
376	Вільям Буг Лейшман	13	0	5	0.5
377	Вільям Гарвей	284	2	45	7.0
378	Вільям Горгас	12	0	2	0.0
379	Вільям Ослер	85	0	7	3.0
380	Віментин	15	0	3	1.0
381	Вінбластин	60	0	8	1.0
382	Вінорельбін	22	0	3	1.0
383	ВІПома	25	0	4	1.0
384	Вірджинія Апгар	35	0	4	1.0
385	Вірус Епштейна — Барр	2939	43	141	93.0
386	Вірус Зіка	541	6	28	17.0
387	Вірус імунодефіциту людини	11191	112	613	345.5
388	Вірус Норуолк	304	0	29	8.5
389	Вірус папіломи людини	2326	37	145	64.5
390	Вірусемія	117	1	11	3.0
391	Вірусні захворювання	1092	0	79	32.5
392	Віспа мавп	231	2	19	6.5
393	Вісцеральний лейшманіоз	382	0	39	11.0
394	Вітамін B12	2924	46	135	91.5
395	Вітряна віспа	9304	177	488	268.5
396	Внутрішнє вухо	6954	17	850	147.0
397	Внутрішньоартеріальна ін'єкція	57	0	6	2.0
398	Внутрішньовенна ін'єкція	2631	25	179	84.0
399	Внутрішньолікарняна інфекція	1263	6	106	34.0
400	Внутрішньом'язова ін'єкція	2333	31	131	72.0
401	Внутрішньочерепна гіпертензія	773	6	47	23.5
402	Внутрішня грудна артерія	349	1	32	6.5
403	Внутрішня сонна артерія	756	2	74	21.5
404	Внутрішня яремна вена	917	6	69	19.5
405	Воєнно-медична доктрина України	143	0	24	2.5
406	Возіанова Жанна Іванівна	149	0	22	3.5
407	Войцех Жердинський	3	0	1	0.0
408	Волинська гарячка	139	0	13	4.0
409	Волянський Юрій Леонідович	21	0	3	1.0
410	Вориконазол	24	0	3	1.0
411	Вортіоксетин	59	0	6	1.0
412	Воші	1718	32	86	49.0
413	Всесвітній день боротьби з цукровим діабетом	29	0	5	1.0
414	Всеукраїнський центр професійної реабілітації інвалідів	186	0	16	5.5
415	Всеукраїнський центр радіохірургії	82	0	9	2.0
416	Вузлик	335	3	24	9.0
417	Вузликовий періартеріїт	585	5	37	18.5
418	Вухереріоз	220	0	55	3.5
419	Вушна раковина	1251	6	143	24.0
420	Габапентин	274	2	16	8.0
421	Газова гангрена	2013	12	198	48.0
422	Галітоз	293	3	18	9.0
423	Галоперидол	988	12	80	30.0
424	Галофантрин	24	0	5	1.0
425	Галюцинація	585	5	35	18.0
426	Гамалія Микола Федорович	370	3	43	10.0
427	Гангрена	1952	27	116	61.5
428	Гангрена Фурньє	236	1	18	7.0
429	Ганс Сельє	198	0	14	6.0
430	Ганс Цінссер	12	0	3	0.0
431	Ганс-Герхард Кройцфельд	16	0	9	1.0
432	Ганцикловір	79	0	7	3.0
433	Гаплогрупа R1a	422	6	34	11.0
434	Гаррі Клайнфельтер	8	0	3	0.5
435	Гарячка	9549	67	500	311.0
436	Гарячка денге	1936	10	450	39.0
437	Гарячка Західного Нілу	359	3	33	9.5
438	Гарячка Ласса	896	6	68	21.5
439	Гарячка лісу Барма	4	0	1	0.0
440	Гарячка лісу Семлікі	15	0	2	0.5
441	Гарячка паппатачі	186	0	32	5.0
442	Гарячка Рифт Валлі	150	0	18	3.0
443	Гарячка Росс Рівер	26	0	2	1.0
444	Гарячка Сіндбіс	10	0	1	1.0
445	Гарячки від укусу пацюків	49	0	9	1.0
446	Гастринома	49	0	6	1.0
447	Гастрит	2789	42	138	88.0
448	Гастроезофагеальна рефлюксна хвороба	2957	55	142	90.0
449	Гатіфлоксацин	126	0	11	3.5
450	Гвайфенезин	683	15	32	21.0
451	Гексопреналін	34	0	10	1.0
452	Гельмінти	2909	45	185	87.0
453	Гельмінтози	1406	11	108	42.0
454	Гемартроз	233	1	21	7.0
455	Гематома	1736	31	102	50.5
456	Гематурія	891	4	60	25.5
457	Геміпарез	771	7	63	23.0
458	Геміфлоксацин	33	0	8	1.0
459	Гемолітична анемія	1174	10	103	32.5
460	Гемоперикард	42	0	9	1.0
461	Геморагічна гарячка	628	1	67	15.0
462	Геморагічна гарячка з нирковим синдромом	1002	1	282	21.0
463	Геморагічний васкуліт	2380	23	176	71.0
464	Геморагічний інсульт	1148	18	67	34.0
465	Геморой	3204	67	149	96.5
466	Гемофілія	6358	42	441	211.0
467	Гемофільна інфекція	590	1	44	18.0
468	Гемохроматоз	582	6	45	16.5
469	Гемцитабін	53	0	6	1.0
470	Генетичні хвороби	7124	33	444	227.5
471	Генрик Кадий	12	0	2	0.0
472	Генрик Мосінг	56	0	9	2.0
473	Генрі Едвард Шортт	2	0	1	0.0
474	Генрі Коплік	4	0	2	0.0
475	Генріх Квінке	21	0	4	1.0
476	Гентаміцин	513	1	35	16.0
477	Георг Гаффкі	8	0	2	0.0
478	Георг Фернан Ізідор Відаль	5	0	1	0.0
479	Георгіос Папаніколау	48	0	4	2.0
480	Гепатит А	2389	26	167	74.0
481	Гепатит B	3807	43	227	121.0
482	Гепатит C	4281	75	223	134.5
483	Гепатит D	684	7	64	17.0
484	Гепатит E	591	3	48	18.5
485	Гепатомегалія	489	2	31	14.0
486	Гепатоцит	461	5	37	12.5
487	Герасун Борис Абрамович	45	0	5	1.0
488	Герман Музер	0	0	0	0.0
489	Герпес простий	2349	39	139	70.0
490	Герпесвіруси	624	4	42	18.0
491	Герпесвірусні інфекції	1276	20	67	37.5
492	Гестаційний цукровий діабет	275	2	24	8.0
493	Гефітиніб	12	0	2	0.0
494	Гикавка	1408	25	66	43.5
495	Гіаліноз	195	0	13	5.0
496	Гіалоїдна мембрана	17	0	4	1.0
497	Гібернома	99	0	9	3.0
498	Гігантоклітинний артеріїт	139	1	11	3.5
499	Гігієна	1684	8	111	48.5
500	Гідазепам	1627	31	77	50.5
501	Гідрокодон	75	0	6	2.0
502	Гідроксизин	209	1	20	5.5
503	Гідроксикарбамід	19	0	3	1.0
504	Гідроксиметилхіноксиліндіоксид	47	0	5	1.0
505	Гідроксихлорохін	4318	1	499	62.0
506	Гідронефроз	1611	17	97	50.5
507	Гідроторакс	379	4	25	11.5
508	Гідрофобія (симптом)	75	0	11	2.0
509	Гідрохлоротіазид	428	4	31	13.5
510	Гідроцефалія	2818	46	165	86.0
511	Гійом Дюпюїтрен	7	0	2	0.0
512	Гіменолепідоз	731	5	49	20.5
513	Гінгівіт	1200	23	59	33.5
514	Гінеколог-ендокринолог	92	0	7	3.0
515	Гіперальдостеронізм	521	4	45	14.0
516	Гіперглікемічна кома	3996	31	304	113.0
517	Гіперглікемія	1456	10	96	42.0
518	Гіперемія	1257	7	75	39.5
519	Гіперестезія	301	1	33	8.0
520	Гіперкаліємія	781	12	41	24.5
521	Гіперкапнія	576	2	44	16.5
522	Гіперліпідемія	558	1	53	10.5
523	Гіперпаратиреоз	692	4	58	21.5
524	Гіперпролактинемія	351	3	25	11.0
525	Гіпертензивний криз	1084	8	75	29.5
526	Гіпертиреоїдизм	1122	14	71	35.5
527	Гіпноз	839	11	62	22.5
528	Гіповолемічний шок	1144	7	63	40.0
529	Гіповолемія	585	1	42	16.5
530	Гіпоглікемічна кома	2551	13	205	68.0
531	Гіпоглікемія	1251	12	75	39.5
532	Гіподинамія	1902	14	123	56.5
533	Гіпокаліємія	539	8	31	17.0
534	Гіпоксемія	592	2	41	19.0
535	Гіпоманія	777	13	44	22.5
536	Гіпопаратиреоїдизм	305	1	26	8.5
537	Гіпопіон	93	0	10	3.0
538	Гіпотермія	1140	9	58	34.5
539	Гіпотиреоїдизм	3532	49	212	110.0
540	Гіпотонус	121	0	13	4.0
541	Гіпотрофія	564	1	50	18.0
542	Гіппократ	2146	14	131	69.0
543	Гірська хвороба	424	3	38	11.5
544	Гістеректомія	381	1	22	11.5
545	Гістопатологія	20	0	2	1.0
546	Гістоплазмоз	161	1	11	5.0
547	Глатирамеру ацетат	45	0	4	1.0
548	Глаукома	1915	29	91	57.0
549	Глибока язикова артерія	9	0	2	1.0
550	Глибоке пахвинне кільце	135	0	11	3.0
551	Глібенкламід	122	1	9	3.0
552	Глікемічний індекс	628	6	47	19.0
553	Гліклазид	58	0	9	1.0
554	Гліобластома	1022	12	129	25.0
555	Гліома	241	1	16	8.0
556	Гломерулонефрит	5179	43	393	164.0
557	Глузман Семен Фішельович	475	1	102	9.0
558	Глюкагон	1069	7	73	33.0
559	Глюкагонома	30	0	4	1.0
560	Глюкозурія	452	2	37	8.5
561	Глюкокортикоїди	1578	14	98	49.5
562	Гній (медицина)	592	9	33	17.5
563	Гноячок	172	1	10	5.0
564	Говард Тейлор Рікеттс	2	0	1	0.0
565	Гозерелін	110	0	10	3.0
566	Голімумаб	35	0	3	1.0
567	Голка хірургічна	204	0	13	6.0
568	Головна вена	167	0	14	5.0
569	Головне ядро трійчастого нерва	38	0	12	1.0
570	Головний біль	942	15	62	28.0
571	Головний біль напруги	682	9	36	21.5
572	Головний військовий клінічний госпіталь (Україна)	968	12	60	28.0
573	Головний мозок людини	18996	123	1012	670.5
574	Голосові зв'язки	971	14	86	24.5
575	Голубовська Ольга Анатоліївна	2928	4	574	44.0
576	Гомілка	752	9	37	23.0
577	Гонгальський Володимир Володимирович	21	0	8	1.0
578	Гонгілонематоз	29	0	3	1.0
579	Гонорея	5980	76	354	186.5
580	Гончарук Євген Гнатович	46	0	8	1.0
581	Гормон росту 2	24	0	5	1.0
582	Городецький Марко Михайлович	45	0	8	1.0
583	Гортань	2302	17	180	58.5
584	Госпітальна пневмонія	389	1	43	12.0
585	Гостра респіраторна вірусна інфекція	10920	137	647	346.0
586	Гостра серцева недостатність	2784	9	194	94.0
587	Гостра судинна недостатність	1613	9	114	46.0
588	Гострий апендицит	1828	18	137	52.5
589	Гострий гастрит	1053	6	86	30.5
590	Гострий лімфобластний лейкоз	1642	16	129	47.5
591	Гострий мієлобластний лейкоз	734	12	53	20.5
592	Гострий панкреатит	2011	17	104	66.5
593	Гострий розсіяний енцефаломієліт	364	1	28	11.0
594	Гострий середній отит	1750	27	127	54.0
595	Гострий тонзиліт	10965	183	722	309.5
596	Гострі лейкози	1400	4	100	43.0
597	Гранісетрон	34	0	9	1.0
598	Гранульоматозний амебний енцефаліт	49	0	6	1.0
599	Грепафлоксацин	11	0	3	0.0
600	Грижа	2062	34	115	63.0
601	Гризеофульвін	77	0	10	2.0
602	Грип	19530	222	895	633.0
603	Грицюк Олександр Йосипович	23	0	3	1.0
604	Громадське здоров'я	1077	9	115	30.0
605	Громашевська Любов Леонтіївна	16	0	4	0.0
606	Громашевський Лев Васильович	158	0	54	2.0
607	Грудинно-ключично-сосцеподібна артерія	19	0	3	1.0
608	Груднинно-ключично-соскоподібний м'яз	274	2	35	7.0
609	Гуго Шоттмюллер	2	0	1	0.0
610	Гума (патологія)	202	1	21	5.0
611	Гураль Анатолій Леонтійович	13	0	3	1.0
612	Густав Гімза	4	0	1	0.0
613	Ґергард Гансен	18	0	3	1.0
614	Ґрелін	198	1	17	5.0
615	Дабігатран	41	0	3	1.0
616	Дазатиніб	25	0	4	1.0
617	Дакарбазин	37	0	10	1.0
618	Даклатасвір	38	0	3	1.0
619	Даклізумаб	23	0	5	1.0
620	Далекозорість	3268	13	314	89.5
621	Дальтепарин	31	0	6	1.0
622	Данієль Алкідес Карріон	13	0	3	0.0
623	Данієль Елмер Сальмон	14	0	3	1.0
624	Дапсон	66	0	5	2.0
625	Даптоміцин	16	0	2	1.0
626	Дарунавір	190	0	28	4.0
627	Дасабувір	14	0	5	0.0
628	ДВЗ-синдром	2118	7	141	70.0
629	Девід Брюс (мікробіолог)	14	0	3	0.0
630	Девід Веттер	78	0	13	2.0
631	Дегідратаційний шок	602	4	62	15.5
632	Дезлоратадин	282	5	17	9.0
633	Декаметоксин	6131	10	1032	89.5
634	Декваліній	145	0	10	4.0
635	Дексаметазон	2187	34	185	58.0
636	Дексібупрофен	110	0	9	3.0
637	Декскетопрофен	166	1	14	4.0
638	Декслансопразол	78	0	5	2.0
639	Декстрометорфан	197	2	13	6.0
640	Делавірдин	5	0	1	0.0
641	Делірій	1595	23	82	48.5
642	Дельта-клітина	37	0	7	1.0
643	Деменція	3402	47	172	108.0
644	Демієлінізуючі захворювання	424	3	23	13.0
645	Демодекоз	3598	64	165	108.0
646	Деносумаб	69	0	7	2.0
647	Деперсоналізація	755	10	40	23.0
648	Дерматит	2004	37	101	60.5
649	Дерматоз	505	6	28	15.5
650	Дерматологія	570	3	44	16.5
651	Дерматоміозит	978	13	57	29.0
652	Десвенлафаксин	88	0	9	2.0
653	Десмоїд	132	1	10	3.0
654	Десмопресин	107	0	15	3.0
655	Джгут	1747	8	135	59.0
656	Джеймс К. Стайнер	6	0	1	0.0
657	Джироламо Фракасторо	120	0	25	4.0
658	Джованні Баттіста Грассі	4	0	1	0.0
659	Джозаміцин	122	1	11	3.0
660	Джозеф Лістер	435	0	238	6.0
661	Джон Вільям Вотсон Стефенс	0	0	0	0.0
662	Джон Сноу	124	1	12	3.5
663	Джонатан Гатчінсон	6	0	2	0.0
664	Дивертикуліт	425	3	25	12.0
665	Дигітоксин	246	1	19	7.0
666	Диданозин	28	0	5	1.0
667	Дизартрія	703	5	44	19.0
668	Дизентерія	2916	29	181	85.5
669	Дизопірамід	23	0	4	1.0
670	Дийодтирозин	22	0	5	1.0
671	Дилтіазем	52	0	7	1.0
672	Дименгідринат	115	0	11	3.0
673	Диметилтриптамін	466	6	24	14.0
674	Диметинден	129	0	9	4.0
675	Дипілідіоз	136	1	11	4.0
676	Дипіридамол	228	1	16	7.0
677	Диплопія	374	2	31	10.5
678	Дирофіляріоз	411	4	26	12.5
679	Дисекція шиї	79	0	7	2.5
680	Дислокація мозку	102	0	8	3.0
681	Дисморфофобія	1080	7	92	30.5
682	Диспансеризація	1210	10	91	36.5
683	Диспепсія	2130	27	195	60.0
684	Дисфагія	1162	15	62	32.5
685	Дисфорія	518	6	37	14.5
686	Дифілоботріоз	880	6	55	27.0
687	Дифтерія	7144	87	478	223.0
688	Дифузний панбронхіоліт	82	0	9	2.0
689	Дифузний токсичний зоб	2258	23	149	64.0
690	Дихальна недостатність	3221	18	205	99.0
691	Дихання Біота	722	3	64	22.0
692	Дихання Куссмауля	891	6	70	26.5
693	Дихання Чейна — Стокса	1249	12	129	32.0
694	Діабетична нефропатія	230	1	19	6.5
695	Діагностична тріада Стімсона	32	0	4	1.0
696	Діагностичний і статистичний посібник з психічних розладів	390	3	26	10.0
697	Діазепам	1594	21	93	46.0
698	Діапедез	118	0	11	3.0
699	Діарея	4796	70	234	156.0
700	Діарея мандрівників	219	2	20	6.0
701	Діацереїн	34	0	8	1.0
702	Діентамебіаз	9	0	4	0.0
703	Дієта	1118	12	60	32.5
704	Дієти за Певзнером	235	1	14	8.0
705	Діурез	2250	23	179	54.0
706	Доброякісна гіперплазія передміхурової залози	1588	18	91	48.0
707	Доброякісна пухлина	1840	8	162	49.5
708	Доказова медицина	649	5	53	16.5
709	Доксазозин	113	0	12	4.0
710	Доксепін	87	0	6	3.0
711	Доксиламін	131	0	11	3.5
712	Доксициклін	1019	14	61	29.0
713	Долонно-підошовний синдром	49	0	5	2.0
714	Долутегравір	97	0	8	3.0
715	Домінік-Жан Ларрей	33	0	6	1.0
716	Домперидон	302	1	58	7.0
717	Дональд Гендерсон	5	0	2	0.0
718	Донепезил	41	0	3	1.0
719	Допінг-тест	55	0	10	2.0
720	Доріпенем	16	0	2	1.0
721	Доступні ліки	80	0	9	2.0
722	Дофамін	2449	55	105	79.0
723	Дофетилід	32	0	4	1.0
724	Доцетаксел	106	0	8	3.0
725	Дракункульоз	483	1	39	11.5
726	Дробинський Ісаак Рудольфович	0	0	0	0.0
727	Дронедарон	27	0	2	1.0
728	Дротаверин	1084	14	50	34.0
729	Друга холерна пандемія	268	0	21	11.0
730	Дуга аорти	615	2	59	16.5
731	Дудченко Іван Степанович	10	0	1	1.0
732	Дулоксетин	106	0	9	3.0
733	Дутастерид	91	1	16	2.0
734	Дяченко Сергій Степанович	22	0	4	1.0
735	Ебастин	41	0	6	1.0
736	Еверолімус	43	0	7	1.0
737	Едвард Дженнер	427	4	30	12.5
738	Едмонд Нокард	2	0	1	0.0
739	Езомепразол	160	1	14	5.0
740	Езофагіт	719	11	45	21.5
741	Ейфорія	1368	24	65	43.0
742	Екзема	2984	47	131	97.0
743	Екзофтальм	333	3	28	9.0
744	Еконазол	28	0	3	1.0
745	Ексеместан	25	0	5	1.0
746	Екстракорпоральна мембранна оксигенація	1082	1	104	26.5
747	Екстрапірамідна система	997	4	70	27.5
748	Екстрастріарна кора	13	0	4	0.5
749	Екстрений медичний реагувальник	45	0	5	1.0
750	Екстрений медичний технік	331	0	236	3.0
751	Елвітегравір	11	0	2	0.0
752	Електрокардіографія	3556	24	226	111.0
753	Електротравма	1480	4	140	44.0
754	Еліс Кетрін Еванс	7	0	1	0.0
755	Емануель Махек	22	0	14	0.0
756	Емболія	1839	25	120	53.0
757	Еметин	41	0	5	1.0
758	Еміль Адольф фон Берінг	138	0	40	2.0
759	Еміль ван Ерменґем	9	0	3	0.0
760	Еміль Шарль Ашар	5	0	1	0.0
761	Емоційно нестабільний розлад особистості	692	9	34	22.0
762	Емтрицитабін	30	0	4	1.0
763	Еналаприл	740	10	52	21.0
764	Ендартеріїт	481	2	41	14.0
765	Ендемічний висипний тиф	411	0	44	10.0
766	Ендемічний поворотний тиф	178	0	15	5.0
767	Ендемія	791	6	53	24.0
768	Ендокардит	1260	6	103	37.5
769	Ендокринна хірургія	54	0	5	2.0
770	Ендокринні залози	4963	16	373	142.5
771	Ендорфіни	1577	30	68	49.0
772	Еноксапарин	126	1	9	3.0
773	Еноксацин	6	0	2	0.0
774	Енріке да Роше Ліма	11	0	2	0.0
775	Ентекавір	57	0	6	2.0
776	Ентерит	1267	12	74	38.0
777	Ентерична нервова система	106	0	8	3.0
778	Ентеробіоз	1915	25	126	57.5
779	Ентеровірусні інфекції	1202	11	87	34.0
780	Ентерогастральний гальмівний рефлекс	10	0	4	0.0
781	Ентероколіт	916	11	57	29.0
782	Ентеросорбент	240	2	22	7.0
783	Енурез	522	6	32	16.0
784	Енфувіртид	8	0	1	0.0
785	Енцефаліт	4463	63	230	134.0
786	Енцефаліт долини Муррея	10	0	2	1.0
787	Енцефаліт Повассан	29	0	3	1.0
788	Енцефаліт Росіо	12	0	2	1.0
789	Енцефаліт Сент-Луїс	32	0	5	1.0
790	Енцефалопатія	2075	39	94	65.5
791	Еозинофілія	2186	21	131	69.0
792	Епідеміологія	2848	14	233	78.5
793	Епідемічний висипний тиф	3241	28	230	88.0
794	Епідемічний паротит	3241	56	157	95.5
795	Епідемічний поворотний тиф	303	1	27	8.0
796	Епідемія	11552	39	879	390.5
797	Епікондиліт	509	6	33	15.0
798	Епірубіцин	26	0	3	1.0
799	Еплеренон	65	0	6	2.0
800	Епросартан	16	0	4	0.5
801	Ептифібатид	26	0	9	1.0
802	Ерадикація інфекційних хвороб	232	1	18	7.0
803	Ерготерапія	848	11	46	25.5
804	Ерготизм	358	1	26	11.0
805	Ердостеїн	125	0	30	3.0
806	Еризипелоїд	493	3	43	13.0
807	Еритроміцин	791	8	47	23.0
808	Еритропоетин	324	1	22	10.5
809	Ерліхіоз	47	0	5	2.0
810	Ерлотиніб	28	0	5	1.0
811	Ертапенем	25	0	4	1.0
812	Есенціале	574	8	35	17.0
813	Есмолол	16	0	2	0.0
814	Естрадіол	635	6	41	19.0
815	Естрамустин	7	0	4	0.0
816	Есциталопрам	281	1	19	9.5
817	Етамбутол	88	0	12	2.0
818	Етанерцепт	48	0	5	1.0
819	Етацизин	106	0	9	3.0
820	Етифоксин	25	0	3	1.0
821	Етіологія (медицина)	1395	19	92	38.0
822	Етодолак	34	0	5	1.0
823	Етопозид	46	0	5	1.0
824	Еторикоксиб	123	0	15	3.0
825	Етравірин	5	0	2	0.0
826	Етторе Маркіафава	18	0	2	1.0
827	Еутиреоз	185	1	16	5.0
828	Ефавіренз	47	0	6	1.0
829	Ехінокандини	62	0	18	1.0
830	Ехінокок звичайний	683	7	65	15.5
831	Ехінококоз	1342	15	73	43.0
832	Ехокардіографія	427	2	28	13.0
833	Ешерихіоз	2688	17	180	86.5
834	Європейська рада ресусцитації	21	0	3	1.0
835	Єрсиніоз кишковий	1799	15	160	52.0
836	Єрсинія	287	1	24	8.0
837	Жан Александр Барре	1	0	1	0.0
838	Жан-Луї Петі	22	0	4	1.0
839	Жан-Луї Прево	1	0	1	0.0
840	Жданов Віктор Михайлович	36	0	5	1.0
841	Жовта гарячка	1637	12	111	47.5
842	Жовтяниця (медицина)	3156	33	208	86.0
843	Жовчнокам'яна хвороба	2231	29	143	68.0
844	Жозеф-Фредерік-Бенуа Шарр'єр	6	0	2	0.0
845	Жорж Шарль Гієн	3	0	1	0.0
846	Жувальний м'яз	379	1	29	11.5
847	Заболотний Данило Кирилович	819	8	58	24.5
848	Забуті тропічні хвороби	294	3	20	9.0
849	Загальна клубова артерія	321	1	61	8.0
850	Загальна сонна артерія	1464	12	96	40.5
851	Задишка	1885	8	104	67.5
852	Задній сегмент ока	12	0	3	0.0
853	Задня вушна артерія	85	0	10	2.0
854	Задня мозкова артерія	238	1	26	6.0
855	Закидання голови-виведення підборіддя	61	0	10	2.0
856	Законодавство в екстреній медицині	242	0	18	6.0
857	Залеплон	32	0	4	1.0
858	Зальцитабін	10	0	3	0.0
859	Занамівір	421	1	26	12.5
860	Заочеревинний простір	408	1	32	9.5
861	Запалення	3862	31	179	130.5
862	Запор	1468	31	66	43.5
863	Зарицький Анатолій Минович	18	0	4	1.0
864	Застуда	2606	38	147	75.0
865	Зафірлукаст	62	0	37	1.5
866	Західний енцефаломієліт коней	19	0	3	1.0
867	Зв'язка (анатомія)	393	3	23	12.0
868	Звивина	886	4	65	26.0
869	Зворотний гортанний нерв	420	1	36	11.5
870	Здорове харчування	1951	20	117	60.0
871	Зипразидон	31	0	4	1.0
872	Злоякісна анемія	400	2	27	13.0
873	Зміна поведінки (громадське здоров'я)	30	0	8	1.0
874	Знаменський Володимир Олексійович	30	0	7	1.0
875	Зневоднення організму	316	2	18	9.0
876	Зоб (хвороба)	2186	37	117	68.5
877	Зовнішній сітчастий шар	82	0	13	2.0
878	Зовнішня капсула	42	0	6	1.0
879	Зовнішня клубова артерія	193	0	22	4.0
880	Зовнішня сонна артерія	1044	1	79	28.5
881	Зовнішня яремна вена	309	1	32	8.5
882	Золпідем	97	0	12	3.0
883	Зонд Сенґстакена — Блекмора	200	0	20	5.0
884	Зооноз	1551	10	86	51.0
885	Зопіклон	143	1	10	4.0
886	Зорова кора	693	1	81	22.0
887	Зоровий нерв	3981	15	405	74.5
888	Зофеноприл	35	0	6	1.0
889	Зсідання крові	4204	39	269	135.0
890	Зуклопентиксол	16	0	2	1.0
891	Зюков Анатолій Матвійович	9	0	2	0.0
892	Івабрадин	119	0	12	3.0
893	Іванов Вадим Миколайович	15	0	3	0.0
894	Івар Сандстрьом	1	0	1	0.0
895	Ідарубіцин	15	0	4	1.0
896	Ідіопатичний фіброзуючий альвеоліт	504	5	36	14.0
897	Ізоконазол	17	0	3	1.0
898	Ізоксуприн	23	0	4	1.0
899	Ізопреналін	247	1	18	7.0
900	Ізосорбіду динітрат	251	0	18	7.5
901	Ізоспороз	68	0	10	2.0
902	Іматиніб	80	0	13	2.0
903	Іміпенем	167	1	35	3.0
904	Іміпрамін	89	0	9	2.0
905	Імунітет (медицина)	7210	48	484	235.5
906	Імуногістохімія	422	2	28	13.5
907	Інвагінація кишечника	465	1	39	11.5
908	Інгібітори 5-альфа-редуктази	55	0	6	2.0
909	Інгібітори АПФ	2037	14	151	61.0
910	Інгібітори бета-лактамаз	179	1	18	5.0
911	Інгібітори протеази	652	2	38	21.0
912	Інгібітори рецепторів ангіотензину-ІІ	1115	7	88	31.5
913	Інгібітори тирозинкінази	49	0	6	2.0
914	Індакатерол	38	0	5	1.0
915	Індапамід	186	1	11	6.0
916	Індинавір	34	0	4	1.0
917	Інкубаційний період	2713	13	174	84.5
918	Інозин	400	4	21	13.5
919	Інозин пранобекс	876	8	54	23.0
920	Інститут ендокринології та обміну речовин імені В. П. Комісаренка НАМН України	129	0	19	3.0
921	Інститут медичної реабілітації дітей з ураженням центральної нервової системи імені Януша Корчака	28	0	4	1.0
922	Інститут очних хвороб і тканинної терапії імені В. П. Філатова НАМН України	219	0	15	7.0
923	Інститут тропічної медицини імені Бернгарда Нохта	7	0	1	0.0
924	Інструктор курсів невідкладної допомоги	10	0	2	0.5
925	Інсулін	4330	34	298	127.5
926	Інсулінова помпа	180	1	13	5.0
927	Інсулінома	80	0	11	2.0
928	Інсулінотерапія	194	0	30	5.0
929	Інтерстиційний нефрит	302	2	25	8.0
930	Інтраопераційне гістологічне експрес-дослідження	45	0	7	1.5
931	Інтубація	394	1	29	9.5
932	Інфекційна еритема	554	9	33	15.5
933	Інфекційний мононуклеоз	5351	101	269	167.0
934	Інфекційні захворювання	13078	112	1027	420.0
935	Інфекційні хвороби з багатьма механізмами передачі	148	0	13	4.5
936	Інфекція	4253	38	298	124.5
937	Інфекція, яку спричинює вірус Епштейна — Барр	1068	15	48	33.5
938	Інфекція, яку спричинює герпесвірус людини 6-го типу	292	3	19	7.0
939	Інфекція, яку спричинює герпесвірус людини 7-го типу	52	0	6	1.0
940	Інфекція, яку спричинює герпесвірус людини 8-го типу	154	1	9	5.0
941	Інфліксімаб	88	0	7	3.0
942	Іпохондрія	2530	31	142	82.5
943	Іпратропію бромід	299	0	21	8.5
944	Ірбесартан	29	0	5	1.0
945	Іринотекан	47	0	5	1.5
946	Ірит	190	0	11	6.0
947	Ісрадипін	18	0	3	1.0
948	Ітоприд	56	0	9	2.0
949	Ітраконазол	185	1	11	5.5
950	Іфосфамід	19	0	3	1.0
951	Ішемічна хвороба серця	4328	48	234	137.0
952	Ішемічний інсульт	1430	18	67	44.0
953	Ішурія	1312	10	100	34.0
954	Йододефіцит	478	3	25	13.0
955	Кабазитаксел	10	0	2	0.0
956	Каберголін	126	0	17	3.0
957	Календар щеплень	733	4	75	16.0
958	Каліфорнійський енцефаліт	11	0	1	1.0
959	Каліцивірусна інфекція	33	0	3	1.0
960	Кальцитонін	1088	8	77	33.5
961	Кальцитріол	314	1	30	8.0
962	Кампілобактеріоз	289	1	45	8.0
963	Канакінумаб	18	0	3	0.0
964	Каналопатія	78	0	10	2.0
965	Канаміцин	108	0	10	3.0
966	Кандидоз	3982	68	216	121.5
967	Канцерогени	1451	13	123	42.5
968	Капецитабін	72	0	6	2.0
969	Капреоміцин	17	0	2	1.0
970	Каптоприл	751	12	44	23.0
971	Карантин	13903	28	1006	492.0
972	Карбамазепін	883	10	81	25.0
973	Карбідопа	35	0	7	1.0
974	Карбоплатин	63	0	5	2.0
975	Карбоцистеїн	192	2	15	6.5
976	Карбункул (хвороба)	1743	28	106	52.0
977	Карведилол	94	0	9	2.0
978	Кардіалгія	211	1	18	6.5
979	Кардіоміопатія	1951	26	114	59.0
980	Кардіохірургія	365	0	47	8.0
981	Карипразин	27	0	6	1.0
982	Карл Вундерліх	4	0	2	0.0
983	Карл Йозеф Еберт	10	0	2	0.0
984	Карл фон Лібермейстер	1	0	1	0.0
985	Карл фон Рокітанські	46	0	7	1.0
986	Карлос Хуан Фінлей	8	0	2	0.0
987	Карлус Шагас	10	0	4	0.0
988	Кармустин	11	0	2	0.5
989	Каролінська університетська лікарня	34	0	17	0.0
990	Каротидний синус	184	0	20	5.0
991	Карфентаніл	112	0	10	3.5
992	Карциноїд	144	0	12	4.0
993	Карциноїдний синдром	125	0	10	4.0
994	Карцинома	4058	76	205	131.0
995	Каспофунгін	39	0	5	1.0
996	Катаракта	1455	19	73	47.5
997	Катастрофічний антифосфоліпідний синдром	51	0	13	1.0
998	Кафедра патологічної фізіології Національного медичного університету імені О. О. Богомольця	15	0	3	1.0
999	Кашель	1612	25	84	49.5
1000	Кашлюк	5238	95	250	156.5
1001	Кветіапін	259	3	15	8.0
1002	Квінаприл	28	0	4	1.0
1003	Келвін Леунг	1	0	1	0.0
1004	Кератит	976	4	66	29.5
1005	Кертіс Лестер Мендельсон	2	0	1	0.0
1006	Кесонна хвороба	767	10	52	20.5
1007	Кетоацидоз	425	3	31	12.0
1008	Кетоконазол	289	2	19	8.0
1009	Кетопрофен	296	2	19	9.0
1010	Кеторолак	293	3	16	9.5
1011	Кетотифен	345	2	25	10.5
1012	Київська міська психіатрична лікарня	555	6	32	15.0
1013	Київське обласне психіатрично-наркологічне медоб'єднання	222	2	22	6.0
1014	Київський міський клінічний госпіталь ветеранів війни	129	0	12	4.0
1015	Кила Шморля	931	15	52	27.5
1016	Кишенькова маска	55	0	7	1.0
1017	Кишечник	2381	45	115	68.5
1018	Кишкова непрохідність	3637	38	237	110.0
1019	Кільця Кайзера — Флайшера	92	0	9	2.0
1020	Кінезітерапія	745	11	42	21.0
1021	Кіоші Шига	14	0	3	1.0
1022	Кір	7592	89	337	242.5
1023	Кіркова речовина надниркової залози	443	2	36	13.5
1024	Кіста	1527	27	103	44.5
1025	Кіста зябрової дуги	28	0	5	1.0
1026	Кісточка (анатомія)	335	2	25	11.0
1027	Кітасато Сібасабуро	20	0	3	1.0
1028	Кіфоз	893	13	52	28.0
1029	Клавдій Гален	452	4	33	12.0
1030	Клавуланова кислота	263	4	19	8.0
1031	Кладрибін	16	0	3	1.0
1032	Кларитроміцин	679	3	38	21.0
1033	Класифікація кровотеч за Форестом	553	0	47	13.5
1034	Кластер захворювання	91	0	9	3.0
1035	Клемастин	71	0	8	2.0
1036	Кленбутерол	270	2	15	8.5
1037	Кліндаміцин	249	3	15	7.5
1038	Клініка (медичний заклад)	315	2	23	10.5
1039	Клінічна лікарня «Феофанія»	679	6	55	19.5
1040	Клінічна настанова	79	0	7	3.0
1041	Клінічний аналіз крові	1383	12	80	41.0
1042	Клінічний аналіз сечі	1806	9	103	52.5
1043	Кліщовий висипний тиф Північної Азії	49	0	9	1.0
1044	Кліщовий енцефаліт	2343	23	144	67.0
1045	Кліщовий пароксизмальний рикетсіоз	10	0	2	1.0
1046	Клозапін	132	1	9	4.0
1047	Клоксацилін	72	0	9	2.0
1048	Кломіпрамін	53	0	8	2.0
1049	Клоназепам	229	0	17	7.0
1050	Клонорхоз	125	0	10	3.0
1051	Клонус	134	0	14	3.0
1052	Клотримазол	643	10	33	19.0
1053	Клофазимін	69	0	6	2.0
1054	Ключиця	667	8	34	21.0
1055	Клятва Гіппократа	3269	27	242	84.5
1056	Коагулограма	1975	17	139	55.0
1057	Коагулопатія	384	2	28	12.0
1058	Козько Володимир Миколайович	47	0	6	2.0
1059	Коксиби	83	0	8	2.0
1060	Колапс (медицина)	3070	27	155	100.5
1061	Колінний суглоб	1353	18	70	40.0
1062	Колінчастий вузол	32	0	7	1.0
1063	Колістин	127	0	11	3.5
1064	Коліт	937	13	45	27.0
1065	Колоноскопія	983	13	53	30.0
1066	Колорадська кліщова гарячка	37	0	5	1.0
1067	Колоректальний рак	863	9	53	26.0
1068	Кома (медицина)	2563	28	128	72.0
1069	Комісаренко Ігор Васильович	152	0	19	3.0
1070	Конваллятоксин	24	0	5	1.0
1071	Конверсія (психологія)	82	0	12	2.0
1072	Контагіозність	1408	5	78	51.0
1073	Контактний механізм передачі інфекції	720	6	68	20.0
1074	Контрактура Дюпюїтрена	400	2	34	10.0
1075	Конча-Заспа (санаторій)	94	0	9	2.0
1076	Кора головного мозку	8813	36	608	260.0
1077	Корбініан Бродман	12	0	3	0.0
1078	Корглікон	297	0	22	8.5
1079	Коров'яча віспа	583	4	33	18.0
1080	Корона голівки члена	525	5	34	16.0
1081	Коронавірусна інфекція	12869	108	923	369.5
1082	Коронавірусна хвороба 2019	31702	240	1866	769.5
1083	Коронавірусна хвороба 2019 у Росії	2226	54	250	148.0
1084	Коронарна недостатність	580	2	73	16.5
1085	Короста	6080	104	314	192.5
1086	Короткозорість	5227	35	485	139.0
1087	Кортизол	2268	47	110	69.5
1088	Кортизон	489	6	57	11.0
1089	Кортикальний гомункулус	94	0	9	3.0
1090	Корчак-Чепурківський Овксентій Васильович	109	0	11	3.0
1091	Косоокість	1422	7	123	36.5
1092	Крайня капсула	37	0	9	1.0
1093	Крайня плоть	1183	23	50	38.5
1094	Краніофарингіома	88	0	9	2.5
1095	Краснуха	3363	46	166	109.0
1096	Крелін Юлій Зусманович	3	0	1	0.0
1097	Крим-Конго геморагічна гарячка	910	1	78	25.5
1098	Криптококоз	148	0	11	5.0
1099	Криптоспоридіоз	138	0	13	3.0
1100	Крістоф Вільгельм Гуфелянд	27	0	3	1.0
1101	Кров'яний тиск	1913	28	130	59.0
1102	Кронтовський Олексій Антонінович	17	0	6	1.0
1103	Кропив'янка (хвороба)	5181	89	251	160.0
1104	Круп	1794	23	113	56.0
1105	Ксантелазма	341	3	28	10.0
1106	Ксантома	415	2	22	13.0
1107	Ксипамід	16	0	2	1.0
1108	Ку-гарячка	550	1	51	14.0
1109	Кульшовий суглоб	793	10	43	22.5
1110	Курортологія	80	0	8	2.0
1111	Куру (хвороба)	559	3	36	16.0
1112	Куряча сліпота (хвороба)	2370	14	211	53.5
1113	Лабеталол	108	1	8	3.0
1114	Лагофтальм	197	0	19	6.0
1115	Лазарет	313	0	43	7.0
1116	Лакосамід	21	0	5	1.0
1117	Лакунарний інсульт	322	3	23	9.0
1118	Ламівудин	114	0	10	4.0
1119	Ламотригін	159	1	13	5.0
1120	Ланатозид C	51	0	8	1.0
1121	Лансопразол	100	1	9	3.0
1122	Ланцюг виживання	98	0	9	3.0
1123	Лапатиніб	33	0	5	1.0
1124	Лаппаконітину гідробромід	12	0	2	0.5
1125	Ларингіт	5672	97	237	177.5
1126	Ларингоспазм	774	9	42	23.5
1127	Латамоксеф	16	0	3	0.0
1128	Лауданум	95	0	9	3.0
1129	Лацидипін	17	0	2	1.0
1130	Левамізол	202	2	16	6.0
1131	Леветирацетам	86	0	8	2.0
1132	Леводопа	284	1	22	9.0
1133	Леводопа/карбідопа	39	0	5	1.5
1134	Левомепромазин	36	0	5	1.0
1135	Леворин	105	0	9	3.0
1136	Левотироксин	308	4	17	9.0
1137	Левофлоксацин	1256	18	69	37.0
1138	Левоцетиризин	297	2	22	9.0
1139	Легенева гіпертензія	1470	13	72	44.5
1140	Легеневе серце	1092	12	61	31.0
1141	Легіонельоз	620	5	33	20.0
1142	Ледіпасвір	45	0	6	1.0
1143	Лейкемічний провал	352	1	48	7.5
1144	Лейкоз	4889	78	239	145.0
1145	Лейкоцитарна формула	887	9	48	26.5
1146	Лейоміома	450	5	37	13.0
1147	Лейпрорелін	39	0	8	1.0
1148	Лейшманіози	1059	4	78	28.0
1149	Лектини С-типу	9	0	2	0.0
1150	Ленограстим	15	0	4	1.0
1151	Лепрозорій	486	7	28	14.5
1152	Лептин	295	1	23	10.0
1153	Лептоспіроз	4449	35	466	123.0
1154	Лерканідипін	84	0	10	2.0
1155	Летаргічний енцефаліт	313	1	34	6.5
1156	Летрозол	113	0	9	3.0
1157	Лефлуномід	48	0	4	1.0
1158	Леш Федір Олександрович	5	0	1	0.0
1159	Лихоманка	128	0	9	3.5
1160	Лицева артерія	402	1	50	8.5
1161	Лицевий нерв	1922	13	166	52.0
1162	Лікар	1149	17	84	34.0
1163	Лікар-ендокринолог	1368	11	99	35.0
1164	Лікарня	936	12	73	27.5
1165	Лікарня відновного лікування Міністерства внутрішніх справ України	145	0	12	4.0
1166	Лікарська рослина	2150	16	141	66.0
1167	Лікарський збірник	19	0	3	1.0
1168	Лікарські засоби	4028	49	208	122.0
1169	Ліктьовий суглоб	250	1	22	8.0
1170	Лімфангіт	374	2	29	11.0
1171	Лімфатичні філяріїдози	71	0	15	2.0
1172	Лімфогранулематоз	2474	17	122	78.5
1173	Лімфома	1147	15	133	31.5
1174	Лімфома Беркітта	423	2	37	13.0
1175	Лімфома щитоподібної залози	45	0	6	1.0
1176	Лімфорея	81	1	12	2.5
1177	Лімфостаз	471	4	28	12.5
1178	Лімфоцитарний хоріоменінгіт	82	0	13	2.0
1179	Лімфоцитоз	1089	8	62	33.5
1180	Ліндеман Володимир Карлович	23	0	7	1.0
1181	Лінезолід	166	0	12	5.0
1182	Лінкозаміди	134	1	11	3.5
1183	Лінкоміцин	1745	27	79	54.0
1184	Лістеріоз	420	3	36	11.0
1185	Літотрипсія	251	2	23	8.0
1186	Лоаоз	193	0	17	5.0
1187	Лобова частка (мозок)	3132	21	254	90.5
1188	Лобово-скронева деменція	37	0	4	1.0
1189	Ловастатин	73	0	11	1.5
1190	Локсапін	14	0	5	0.0
1191	Ломефлоксацин	34	0	7	1.0
1192	Лопатка	307	2	18	9.5
1193	Лоперамід	991	13	52	31.0
1194	Лопінавір	813	1	74	25.0
1195	Лопінавір/Ритонавір	2748	6	272	74.0
1196	Лоразепам	287	2	19	8.5
1197	Лорноксикам	75	0	8	2.0
1198	Луї Пастер	979	12	75	30.0
1199	Люмбальна пункція	2051	10	169	53.0
1200	Лямбліоз	1364	17	75	39.5
1201	М'язова атрофія	794	11	47	23.5
1202	М'який шанкр	241	3	15	7.0
1203	Магнітно-резонансна томографія	2924	31	147	83.5
1204	Майкл Елліс ДеБейкі	33	0	14	0.0
1205	Макроглобулінемія Вальденстрема	203	0	15	5.0
1206	Макроліди	3870	8	2549	39.0
1207	Малеїн	3	0	1	0.0
1208	Малогомілкова кістка	206	0	18	6.0
1209	Малярія	7956	55	525	235.5
1210	Мапротилін	24	0	6	1.0
1211	Маравірок	20	0	3	1.0
1212	Маревний паразитоз	119	0	10	4.0
1213	Марі Буавен	11	0	6	0.0
1214	Марк Фредерік Бойд	2	0	1	0.0
1215	Марсельська гарячка	182	0	34	4.0
1216	Масаж	2095	17	131	63.5
1217	Мастит	1778	24	114	49.5
1218	Мастоїдит	598	7	49	16.0
1219	Мастопатія	924	13	51	30.0
1220	Меатотомія	38	0	5	1.0
1221	Мебеверин	183	1	12	6.0
1222	Мебендазол	278	3	19	8.0
1223	Мебікар	488	6	30	15.0
1224	Мегестрол	56	0	6	1.5
1225	Медазепам	28	0	5	1.0
1226	Медаль Менсона	2	0	1	0.0
1227	Медицина	2724	32	136	84.0
1228	Медицина подорожей та хвороб мандрівників	75	0	9	2.0
1229	Медична акустика	368	2	28	10.0
1230	Медична діагностика	1390	7	94	39.0
1231	Медична маска	8701	15	754	309.5
1232	Медичне сортування	2348	10	270	59.0
1233	Медичне страхування	995	3	84	26.0
1234	Медичний факультет Київського імператорського університету Святого Володимира	86	0	9	2.0
1235	Медроксипрогестерон	38	0	4	2.0
1236	Медулярний рак щитоподібної залози	481	4	30	14.5
1237	Мексилетин	42	0	6	1.0
1238	Меланома	1492	26	73	47.0
1239	Мелатонін	2220	43	113	67.0
1240	Меліоїдоз	85	0	8	2.0
1241	Мелперон	33	0	6	1.0
1242	Мелфалан	16	0	5	0.5
1243	Мельдоній	808	14	62	22.0
1244	Менінгеальний синдром	491	1	32	14.5
1245	Менінгеальні симптоми	1186	8	65	41.0
1246	Менінгізм	226	1	36	5.5
1247	Менінгіт	5507	84	265	173.5
1248	Менінгокок	935	3	103	26.0
1249	Менінгококова інфекція	4600	20	377	129.5
1250	Меніск (анатомія)	1442	21	85	40.0
1251	Менопауза	1461	31	59	45.5
1252	Менструальні розлади	4145	91	176	126.0
1253	Меркаптопурин	97	0	12	3.0
1254	Меропенем	131	0	12	3.0
1255	Месна	19	0	4	1.0
1256	Метаболізм лікарських засобів	631	2	65	19.0
1257	Метагонімоз	54	0	7	1.0
1258	Метаквалон	255	1	14	8.0
1259	Метапневмовірусна інфекція	57	0	5	2.0
1260	Метастаз	912	16	44	28.0
1261	Метастронгільоз	33	0	4	1.0
1262	Метациклін	90	0	14	2.0
1263	Метилпреднізолон	304	1	22	9.5
1264	Метилфенідат	364	3	42	9.5
1265	Метицилін	101	0	13	3.0
1266	Метод Сельдінгера	330	2	34	9.0
1267	Метоклопрамід	773	11	49	24.0
1268	Метоксифлуран	53	0	7	2.0
1269	Метопролол	237	2	21	6.5
1270	Метотрексат	769	11	41	23.0
1271	Метформін	931	15	44	30.0
1272	Мефедрон	1549	19	77	50.0
1273	Мефлохін	512	0	196	2.0
1274	Механізм передачі інфекції	3558	17	290	96.0
1275	Механотерапія	295	1	23	8.5
1276	Мечников Ілля Ілліч	2605	36	126	80.0
1277	Мигдалики	2615	34	164	77.0
1278	Миготіння передсердь	907	8	53	26.0
1279	Миготіння шлуночків	309	3	24	9.0
1280	Миття рук	687	2	90	30.0
1281	Міансерин	80	0	7	3.0
1282	Мігрень	4097	76	180	131.5
1283	Мідазолам	112	0	13	3.0
1284	Мідекаміцин	71	0	8	2.0
1285	Мідріаз	686	7	37	20.5
1286	Мієліт	492	2	32	15.5
1287	Мієлодиспластичні синдроми	102	0	10	3.0
1288	Мієломна хвороба	1445	20	77	43.0
1289	Міжнародна класифікація функціонування, обмеження життєдіяльності та здоров’я (МКФ)	540	1	75	12.0
1290	Міжнародне агентство з дослідження раку	133	0	18	1.5
1291	Міжнародне нормалізоване відношення	1053	8	69	30.5
1292	Міжнародний класифікатор хвороб	2428	21	125	84.0
1293	Міжнародні медико-санітарні правила 2005 року	1110	2	82	36.5
1294	Міжхребцева кила	2529	49	136	74.0
1295	Міжхребцевий диск	456	4	24	15.0
1296	Мікафунгін	11	0	2	0.0
1297	Міконазол	107	0	12	3.0
1298	Мікоплазмоз урогенітальний	614	6	38	18.5
1299	Мікофенолова кислота	37	0	7	1.0
1300	Мікроцефалія	493	5	33	13.5
1301	Мікседема	1608	4	125	47.0
1302	Мілнаципран	16	0	3	1.0
1303	Мілько Василь Іванович	57	0	6	2.0
1304	Мінералокортикоїди	511	2	50	15.0
1305	Міноксидил	506	6	29	16.0
1306	Мінх Григорій Миколайович	39	0	5	1.0
1307	Мінцер Озар Петрович	57	0	7	1.0
1308	Міозит	1393	24	65	45.0
1309	Міома матки	1441	19	71	45.5
1310	Міопатія	961	6	55	29.5
1311	Міофасціальний больовий синдром	370	3	28	10.0
1312	Міртазапін	235	1	20	7.0
1313	Мітоксантрон	22	0	3	1.0
1314	Мітоміцин	14	0	2	1.0
1315	МКХ-10: Клас I. Деякі інфекційні та паразитарні хвороби (A)	604	1	50	18.0
1316	МКХ-10: Клас I. Деякі інфекційні та паразитарні хвороби (B)	867	4	49	28.0
1317	МКХ-10: Клас V. Розлади психіки та поведінки	3252	30	167	110.0
1318	МКХ-10: Клас VI. Хвороби нервової системи	2848	29	155	89.0
1319	МКХ-10: Клас VII. Хвороби ока та його придаткового апарату	1519	8	104	50.0
1320	МКХ-10: Клас VIII. Хвороби вуха та соскоподібного відростка	723	5	45	24.5
1321	МКХ-10: Клас XVI. Окремі стани, що виникають в перинатальному періоді	661	1	46	21.5
1322	МКХ-10: Клас XVII. Вроджені вади розвитку, деформації та хромосомні аномалії	1746	9	103	58.5
1323	Множинна ендокринна неоплазія	76	0	11	2.0
1324	Множинна ендокринна неоплазія тип 1	58	0	9	2.0
1325	Множинна ендокринна неоплазія тип 2А	23	0	6	1.0
1326	Множинна ендокринна неоплазія тип 2Б	21	0	4	1.0
1327	Мобільний армійський хірургічний шпиталь	14	0	2	1.0
1328	Модафініл	330	0	24	10.0
1329	Моексиприл	8	0	1	0.0
1330	Мозкова речовина надниркової залози	359	2	23	10.0
1331	Мозковий кровообіг	1582	12	96	42.0
1332	Мозолисте тіло	1797	13	139	46.5
1333	Моксифлоксацин	317	3	19	9.5
1334	Монобактами	119	0	12	3.5
1335	Монойодтирозин	9	0	2	0.0
1336	Моноклональні антитіла	992	5	80	23.0
1337	Монтелукаст	238	2	23	6.0
1338	Морацизин	48	0	5	1.0
1339	Морська хвороба	692	5	95	16.0
1340	Мосаприд	38	0	4	1.0
1341	Мочутковський Йосип Йосипович	18	0	3	1.0
1342	Моямоя	108	0	8	3.0
1343	Муковісцидоз	5479	69	303	147.0
1344	Мукормікоз	99	0	9	2.0
1345	Мупіроцин	74	0	7	2.0
1346	Мутизм	219	1	14	7.0
1347	Набряк	1420	19	84	39.5
1348	Набряк Квінке	3671	45	227	108.0
1349	Набряк легень	3784	42	208	113.5
1350	Набуметон	60	0	5	2.0
1351	Набутий імунітет	1294	5	130	39.0
1352	Надгортанник	498	1	58	12.0
1353	Надіфлоксацин	4	0	1	0.0
1354	Надлопаткова артерія	24	0	3	1.0
1355	Надлопаткова вена	9	0	4	0.0
1356	Надниркова залоза	3275	38	209	98.5
1357	Надолол	14	0	3	0.0
1358	Надп'яткова кістка	128	0	8	4.0
1359	Надп'ятково-гомілковий суглоб	620	7	33	19.0
1360	Надропарин	45	0	7	1.5
1361	Налбуфін	601	11	30	18.0
1362	Налідиксова кислота	113	0	12	3.0
1363	Налорфін	79	0	11	2.0
1364	Нанофієтоз	53	1	4	2.0
1365	Напроксен	319	2	20	9.5
1366	Наталізумаб	120	0	32	2.5
1367	Натаміцин	84	0	7	2.0
1368	Натан Едвін Брілл	6	0	1	0.0
1369	Натрію пікосульфат	53	0	5	2.0
1370	Натуральна віспа	15111	103	1610	432.5
1371	Науково-практичний центр профілактичної та клінічної медицини Державного управління справами	113	0	12	3.0
1372	Нафтифін	60	0	5	2.0
1373	Національна асоціація екстрених медичних техніків	87	0	13	2.0
1374	Національний інститут раку (Україна)	228	1	17	6.0
1375	Національний музей медицини України	91	0	8	3.0
1376	Національний реєстр екстрених медичних техніків (США)	6	0	2	0.0
1377	Небіволол	216	2	13	6.0
1378	Невірапін	13	0	3	0.5
1379	Неврит	1447	18	75	47.0
1380	Неврологічний розлад	402	6	23	12.0
1381	Неврома	53	0	6	2.0
1382	Негоджкінська лімфома	819	10	51	26.0
1383	Негоспітальна пневмонія	1361	10	147	37.0
1384	Нежить	5659	46	419	149.0
1385	Нейробластома	291	1	42	8.0
1386	Нейрогенний шок	44	1	11	2.0
1387	Нейродерміт	910	14	48	28.0
1388	Нейроендокринна пухлина	121	0	11	3.0
1389	Нейроінфекції	1010	14	84	30.5
1390	Нейропатія	652	6	41	20.0
1391	Нейрореабілітація	23	0	3	1.0
1392	Нейрофіброматоз	720	3	55	17.5
1393	Нейрофіброматоз І типу	315	1	28	9.0
1394	Нейрофіброматоз II типу	69	0	5	2.0
1395	Некробацильоз	35	0	7	1.0
1396	Некроз	1714	20	110	54.0
1397	Некротичний фасциїт	2	0	1	0.0
1398	Нелфінавір	28	0	3	1.0
1399	Немоноксацин	135	0	17	3.0
1400	Ненуклеозидні інгібітори зворотньої транскриптази	85	0	8	2.0
1401	Неоміцин	138	0	11	3.0
1402	Неостигмін	172	0	14	5.0
1403	Непарна щитоподібна артерія	79	0	10	3.0
1404	Нервова анорексія	814	17	38	26.0
1405	Нервова система	22380	88	1530	681.5
1406	Нервовий вузол	1046	5	79	32.5
1407	Нереверсивна маска	301	1	28	8.0
1408	Неспецифічний виразковий коліт	2223	30	121	67.0
1409	Несправжній суглоб	165	0	14	5.0
1410	Нетилміцин	15	0	4	1.0
1411	Нетупітант	2	0	1	0.0
1412	Нетупітант/палоносетрон	2	0	1	0.0
1413	Нефопам	46	0	7	2.0
1414	Нефротичний синдром	1314	9	134	34.5
1415	Нецукровий діабет	1328	9	79	41.5
1416	Нещадименко Марко Петрович	34	0	7	1.0
1417	Нижня щитоподібна артерія	114	0	14	3.0
1418	Нижня щитоподібна вена	16	0	3	0.0
1419	Низько-диференційований рак щитоподібної залози	74	0	11	2.0
1420	Нізатидин	8	0	2	0.0
1421	Нікардипін	18	0	4	0.0
1422	Нікетамід	51	0	5	1.0
1423	Ніклас Сальгрен	5	0	1	0.0
1424	Нікольський Петро Васильович	9	0	4	0.0
1425	Нікорандил	31	0	5	1.0
1426	Ніктурія	464	0	39	12.0
1427	Нілотиніб	12	0	3	0.0
1428	Нільс Алвалл	4	0	2	0.0
1429	Німесулід	901	14	51	29.0
1430	Німодипін	40	0	6	1.0
1431	Німоразол	24	0	4	1.0
1432	Німотузумаб	6	0	2	0.0
1433	Ністагм	798	12	42	24.5
1434	Нітразепам	144	0	13	4.0
1435	Нітрендипін	29	0	7	1.0
1436	Нітроксолін	648	8	38	21.0
1437	Нітрофурани	649	2	69	15.0
1438	Нітрофурантоїн	246	2	22	7.0
1439	Ніфедипін	398	4	28	11.5
1440	Ніфурател	95	0	6	3.0
1441	Ніфуроксазид	733	11	41	22.0
1442	Нобелівська премія з фізіології або медицини	341	3	26	10.5
1443	Новоутворення ендокринних залоз	96	0	12	2.0
1444	Нога людини	951	14	51	30.0
1445	Ножиці атравматичні	16	0	3	0.0
1446	Нозологія	624	1	38	19.0
1447	Нокардіоз	70	0	6	2.0
1448	Нома	201	1	18	5.0
1449	Норовірусна інфекція	389	1	38	10.0
1450	Норфлоксацин	243	1	16	8.0
1451	Носова канюля	144	1	11	4.0
1452	Носова кровотеча	709	5	39	25.0
1453	Нудота	596	5	37	17.0
1454	Нуклеозидні інгібітори зворотньої транскриптази	218	1	31	4.0
1455	Нюховий горбок	80	0	7	2.0
1456	О'ньйонг'ньйонг	16	0	2	1.0
1457	Обідкова частка	127	0	16	3.0
1458	Обінутузумаб	7	0	1	0.0
1459	Обличчя великої панди (ознака)	12	0	4	0.5
1460	Образцов Василь Парменович	101	0	10	3.0
1461	Обрамлене застереження	12	0	2	1.0
1462	Огорожа (анатомія)	30	0	5	1.0
1463	Одеська обласна клінічна лікарня	38	0	5	1.0
1464	Ожиріння в Україні	68	0	8	2.0
1465	Окоруховий нерв	982	3	85	25.0
1466	Оксаліплатин	58	0	8	1.0
1467	Оксацилін	312	1	61	5.5
1468	Оксибутинін	63	0	8	2.0
1469	Оксиками	54	0	6	2.0
1470	Оксикодон	611	5	47	18.0
1471	Оксиконазол	13	0	3	0.0
1472	Окситоцин	1930	36	92	59.0
1473	Окскарбазепін	39	0	6	1.0
1474	Окспренолол	29	0	5	1.0
1475	Оланзапін	187	1	18	5.0
1476	Олеандоміцин	55	0	11	1.5
1477	Олігурія	974	3	90	25.0
1478	Олмесартан	61	0	9	1.0
1479	Олопатадин	32	0	3	1.0
1480	Омалізумаб	57	0	5	2.0
1481	Омепразол	1399	27	68	44.0
1482	Омнопон	170	1	18	5.0
1483	Омоконазол	10	0	2	0.0
1484	Ондансетрон	189	0	14	5.5
1485	Онейроїд	177	1	13	5.0
1486	Оніхофагія	131	0	10	4.0
1487	Онкологія	948	11	61	28.0
1488	Онкоцит	39	0	4	2.0
1489	Онхоцеркоз	232	1	21	5.0
1490	Операція Бенталла	35	0	5	1.0
1491	Операція Крайля	137	0	17	2.5
1492	Оперізуючий герпес	8824	211	340	272.0
1493	Опікова хвороба	820	3	58	24.0
1494	Опіковий шок	1192	3	100	38.0
1495	Опісторхоз	1126	14	97	31.0
1496	Опортуністична інфекція	322	2	23	9.0
1497	Орієнтовний перелік основних лікарських засобів, розроблений ВООЗ	275	1	33	5.5
1498	Орнідазол	350	3	23	11.5
1499	Орнітоз	467	3	30	14.5
1500	Орхіт	507	5	38	14.5
1501	Орципреналін	95	0	14	3.0
1502	Остеопороз	1769	21	106	60.0
1503	Остеосинтез	243	0	34	6.0
1504	Острівцева кора	182	0	12	5.5
1505	Осьовий хребець	122	0	10	4.0
1506	Отопластика	217	2	19	7.0
1507	Отруєння	2188	22	157	64.5
1508	Отруєння грибами	436	3	32	12.0
1509	Отруєння етиловим спиртом	659	4	52	21.5
1510	Отто Обермаєр	2	0	2	0.0
1511	Офатумумаб	5	0	1	0.0
1512	Офлоксацин	632	5	42	19.0
1513	Офтальмологія	651	2	43	19.0
1514	Офтальмоплегія	120	0	21	2.5
1515	Очеревина	823	6	51	24.5
1516	Очерки гнойной хирургии	32	0	8	1.0
1517	Очна артерія	193	0	24	4.0
1518	Очна ямка	462	3	49	11.5
1519	П'єр Марі	14	0	13	1.0
1520	П'єр Фідель Бретонно	6	0	2	0.0
1521	П'єр-Шарль Александр Луї	5	0	2	0.0
1522	П'ята холерна пандемія	156	0	12	6.0
1523	П'яткова кістка	119	0	17	3.0
1524	Падалка Борис Якович	16	0	2	1.0
1525	Паклітаксел	101	1	9	3.0
1526	Паліперидон	23	0	5	1.0
1527	Палоносетрон	16	0	5	0.0
1528	Панарицій	1244	10	90	36.5
1529	Пандемія	86240	249	14401	1725.0
1530	Пандемія грипу H1N1 (2009)	26021	83	2149	762.0
1531	Пандемія коронавірусної хвороби 2019	113864	1137	8392	5215.0
1532	Пандемія хвороби, яку спричинює вірус Зіка	206	2	14	7.0
1533	Панкреатична нейроендокринна пухлина	44	0	4	1.0
1534	Пантопразол	558	8	28	16.5
1535	Панцитопенія	297	1	18	10.0
1536	Папілома	1595	26	75	45.0
1537	Папілярний рак щитоподібної залози	526	3	36	16.5
1538	Парааміносаліцилова кислота	50	0	6	1.0
1539	Парагангліома	40	0	5	1.0
1540	Парагонімоз	268	2	24	7.0
1541	Парагрип	1414	8	89	39.5
1542	Паразитарна інвазія	606	6	40	16.0
1543	Паразитарні хвороби	367	2	32	10.0
1544	Параліч	1209	13	81	33.5
1545	Парамедик	435	3	34	12.0
1546	Паранеопластичний синдром	197	1	14	6.0
1547	Парапроктит	2825	24	175	88.0
1548	Паратгормон	1473	16	96	46.5
1549	Паратиреоїдектомія	54	0	9	2.0
1550	Паратифи	785	6	49	21.5
1551	Паратонзилярний абсцес	2023	34	96	60.0
1552	Паращитоподібна залоза	929	5	60	30.5
1553	Парвовірус В19	417	3	24	13.0
1554	Парекоксиб	21	0	5	0.0
1555	Парентеральне введення	1799	22	111	55.5
1556	Пароксетин	291	1	19	9.0
1557	Пароксизм	389	5	34	11.0
1558	Пароксизмальна тахікардія	1843	22	114	57.5
1559	Паромоміцин	12	0	3	0.0
1560	Паротит	490	3	27	14.0
1561	Парфанович Софія	38	0	5	1.0
1562	Патісіран	10	0	3	0.0
1563	Патогенез	966	13	66	26.5
1564	Патогенез бічного аміотрофічного склерозу	19	0	4	0.5
1565	Патогномонічний симптом	247	1	23	7.0
1566	Патологічна анатомія	597	4	30	19.0
1567	Патрік Менсон (паразитолог)	7	0	2	0.0
1568	Пауль Лангерганс	16	0	3	0.0
1569	Пахвинна зв'язка	268	1	30	6.0
1570	Пахвинний канал	621	4	46	19.0
1571	Пахвова артерія	344	0	58	6.0
1572	Пахвова вена	83	0	6	2.0
1573	Пахова гранульома	211	1	14	6.0
1574	Пегільований інтерферон альфа-2а	154	0	13	4.0
1575	Пегільований інтерферон альфа-2b	128	0	15	3.0
1576	Пегфілграстим	14	0	4	0.5
1577	Педикульоз	1926	28	119	52.0
1578	Пелещук Анатолій Петрович	38	0	11	1.0
1579	Пембролізумаб	94	0	8	3.0
1580	Пеметрексед	45	0	4	1.0
1581	Пенетрація (медицина)	568	4	38	17.0
1582	Пеніцилін	3864	52	177	122.5
1583	Пентазоцин	47	0	6	1.0
1584	Пентамідин	54	0	9	1.0
1585	Пентобарбітал	261	3	23	7.0
1586	Пентоксифілін	284	2	22	8.0
1587	Пенцикловір	34	0	6	1.0
1588	Пептична виразка	2100	32	110	63.0
1589	Первинний амебний менінгоенцефаліт	51	0	7	2.0
1590	Передменструальний синдром	3603	66	187	111.5
1591	Передня мозкова артерія	222	0	21	7.5
1592	Передня яремна вена	190	0	22	4.0
1593	Передсердний натрійуретичний фактор	331	0	31	10.0
1594	Передчасна еякуляція	986	19	43	31.5
1595	Переливання крові	3187	31	251	98.0
1596	Перелік інфекційних хвороб людини	4427	43	259	144.5
1597	Перелік курсів екстреної медичної допомоги	20	0	3	0.5
1598	Перелік паразитарних хвороб людини	454	3	30	12.0
1599	Переломи кісток	5534	44	423	161.5
1600	Перикардит	1496	16	105	38.5
1601	Перитоніт	3282	42	221	95.5
1602	Періодонтоз	545	6	40	15.5
1603	Перкусія	633	2	42	17.5
1604	Пероральний прийом лікарських засобів	2191	33	117	64.0
1605	Перстнещитоподібна артерія	2	0	1	0.0
1606	Пертузумаб	23	0	5	1.0
1607	Перша холерна пандемія	1930	2	133	75.0
1608	Петер Крауснекер	5	0	1	0.0
1609	Петехія	519	3	62	14.0
1610	Пефлоксацин	30	0	5	1.0
1611	Печериста пазуха	244	1	20	6.0
1612	Печінка	5670	69	338	182.0
1613	Печінкова недостатність	1946	16	160	47.5
1614	Печія	1512	22	75	49.5
1615	Пирогов Микола Іванович	1804	22	92	60.5
1616	Півкулі головного мозку	5983	21	440	206.5
1617	Під'язикова артерія	26	0	6	1.0
1618	Підвисоцький Володимир Валеріанович	54	0	7	1.0
1619	Підвішуюча зв'язка щитоподібної залози	11	0	2	1.0
1620	Підключична артерія	1048	3	98	24.0
1621	Підключична вена	197	0	20	5.0
1622	Підотимод	22	0	4	1.0
1623	Підпід'язикова артерія	2	0	2	0.0
1624	Підшкірна ін'єкція	2027	23	143	60.5
1625	Підшкірний мансонельоз	57	0	6	2.0
1626	Підшкірні філяріїдози	57	0	7	1.0
1627	Пієлонефрит	3894	42	269	125.0
1628	Пілокарпін	163	0	13	4.5
1629	Пімозид	28	0	6	1.0
1630	Піндолол	32	0	6	1.0
1631	Пінеалобластома	4	0	1	0.0
1632	Пінеалома	25	0	3	1.0
1633	Пінта (хвороба)	75	1	6	2.5
1634	Піодермія	2154	24	223	57.5
1635	Піпемідова кислота	45	0	5	1.5
1636	Піперазин	228	1	15	7.0
1637	Піперацилін	44	0	6	1.0
1638	Піразинамід	126	0	26	3.0
1639	Пірамідна система	846	3	76	23.0
1640	Пірантел	372	6	24	10.0
1641	Пірензепін	176	0	44	3.0
1642	Пірибедил	13	0	3	0.5
1643	Піридостигмін	23	0	6	1.0
1644	Піріметамін	46	0	6	2.0
1645	Піріметамін/сульфадоксин	21	0	4	1.0
1646	Пірліндол	18	0	3	1.0
1647	Піроксикам	117	0	10	4.0
1648	Пітавастатин	36	0	15	1.0
1649	Пітуіцитома	27	0	4	1.0
1650	Плазмодій	1276	10	88	38.0
1651	Платифілін	525	6	29	16.5
1652	Плеврит	3803	38	214	117.0
1653	Плевромутилін	12	0	2	0.0
1654	Плечеголовна вена	160	1	25	4.0
1655	Плечоголовний стовбур	189	0	19	3.0
1656	Пліометрика	97	0	9	3.0
1657	Плоска бородавка	116	1	10	3.5
1658	Плоскоклітинна карцинома щитоподібної залози	41	0	6	1.5
1659	Пляма (висип)	350	3	31	10.0
1660	Плямиста гарячка Скелястих Гір	67	0	8	2.0
1661	Пневмоконіоз	883	4	79	23.0
1662	Пневмонія	36089	391	1810	1129.0
1663	Пневмоторакс	4454	32	298	125.5
1664	Пневмоцистна пневмонія	573	6	47	16.0
1665	Побічна дія (медицина)	7091	126	291	224.0
1666	Поверхнева скронева артерія	294	0	50	6.5
1667	Повільні інфекції	128	0	14	3.0
1668	Повітряно-крапельний механізм передачі інфекції	3520	16	996	74.5
1669	Поворотний тиф	419	0	25	13.5
1670	Подагра	6521	152	319	204.5
1671	Позаконазол	15	0	3	0.0
1672	ПоКіФоРо ІнРиКоЗ	68	0	8	2.0
1673	Поле Бродмана 4	22	0	3	1.0
1674	Поле Бродмана 5	15	0	2	1.0
1675	Поле Бродмана 6	24	0	3	0.0
1676	Поле Бродмана 7	10	0	3	0.0
1677	Поле Бродмана 8	8	0	2	0.0
1678	Поле Бродмана 9	6	0	2	0.0
1679	Поле Бродмана 10	21	0	3	1.0
1680	Поле Бродмана 11	5	0	1	0.0
1681	Поле Бродмана 12	5	0	1	0.0
1682	Поле Бродмана 13	6	0	2	0.0
1683	Поле Бродмана 14	3	0	1	0.0
1684	Поле Бродмана 15	2	0	1	0.0
1685	Поле Бродмана 16	1	0	1	0.0
1686	Поле Бродмана 20	15	0	4	0.0
1687	Поле Бродмана 21	6	0	1	0.0
1688	Поле Бродмана 22	12	0	2	0.0
1689	Поле Бродмана 23	5	0	2	0.0
1690	Поле Бродмана 24	6	0	2	0.0
1691	Поле Бродмана 25	13	0	3	0.0
1692	Поле Бродмана 26	1	0	1	0.0
1693	Поле Бродмана 27	3	0	1	0.0
1694	Поле Бродмана 28	4	0	2	0.0
1695	Поле Бродмана 29	4	0	1	0.0
1696	Поле Бродмана 30	3	0	2	0.0
1697	Поле Бродмана 31	5	0	2	0.0
1698	Поле Бродмана 32	5	0	2	0.0
1699	Поле Бродмана 33	52	0	8	1.0
1700	Поле Бродмана 34	4	0	2	0.0
1701	Поле Бродмана 35	2	0	1	0.0
1702	Поле Бродмана 36	9	0	3	0.0
1703	Поле Бродмана 37	5	0	3	0.0
1704	Поле Бродмана 38	16	0	7	0.0
1705	Поле Бродмана 39	12	0	4	0.0
1706	Поле Бродмана 40	22	0	3	1.0
1707	Поле Бродмана 43	12	0	3	0.0
1708	Поле Бродмана 44	9	0	3	0.0
1709	Поле Бродмана 45	16	0	4	0.0
1710	Поле Бродмана 46	12	0	2	0.0
1711	Поле Бродмана 47	3	0	1	0.0
1712	Поле Бродмана 48	0	0	0	0.0
1713	Поле Бродмана 49	4	0	1	0.0
1714	Поле Бродмана 52	4	0	1	0.0
1715	Поліартрит	975	10	52	30.5
1716	Полідипсія	308	0	23	7.5
1717	Полієнові антибіотики	231	1	32	6.0
1718	Полікістоз нирок	720	8	53	19.5
1719	Поліклініка № 1 Державного управління справами	168	0	17	5.0
1720	Поліневрит	478	6	31	15.0
1721	Поліноз	525	5	34	15.0
1722	Поліомієліт	7983	65	588	230.5
1723	Політравма	1553	5	155	39.5
1724	Поліфагія (симптом)	173	0	14	4.5
1725	Поля Бродмана	304	1	38	7.5
1726	Поля Бродмана 41 і 42	18	0	4	1.0
1727	Поперечна артерія шиї	56	0	7	1.0
1728	Постцентральна звивина	246	0	21	8.0
1729	Потилична артерія	90	0	11	2.0
1730	Потилична частка	3122	12	317	82.5
1731	Потрійний-А синдром	127	0	14	3.0
1732	Поясна кора	119	0	13	4.0
1733	Правастатин	18	0	2	1.0
1734	Правець	7106	63	950	191.5
1735	Правило Лібермейстера	54	0	6	2.0
1736	Правцева діагностична тріада	82	0	14	2.0
1737	Празиквантел	164	0	12	4.0
1738	Празозин	209	1	22	6.0
1739	Праміпексол	41	0	10	1.0
1740	Прамірацетам	33	0	4	1.0
1741	Прасугрель	24	0	5	1.0
1742	Прегабалін	851	9	38	27.5
1743	Преднізолон	2330	28	117	74.0
1744	Примак Федір Якович	16	0	5	0.0
1745	Пріонові хвороби	1538	9	131	46.0
1746	Проба Шелестюка	112	0	22	3.0
1747	Прогестерон	1898	36	83	58.5
1748	Прогормон	14	0	5	1.0
1749	Прогресивний параліч	83	0	10	2.0
1750	Продромальний період	296	1	20	8.0
1751	Прозектор	50	0	5	1.5
1752	Проказа	4477	88	241	143.0
1753	Прокаїн	592	2	54	17.0
1754	Прокаїнамід	75	0	10	2.0
1755	Проктит	849	14	42	25.0
1756	Пролактин	1734	22	97	53.0
1757	Пролактинома	265	2	18	8.0
1758	Променева терапія	955	11	52	30.0
1759	Променева хвороба	3294	16	222	105.0
1760	Променево-зап'ястковий суглоб	342	1	29	9.0
1761	Прометазин	171	1	12	5.0
1762	Пропафенон	43	0	5	1.0
1763	Пропілтіоурацил	24	0	2	1.0
1764	Пропранолол	453	4	33	13.0
1765	Пророксан	39	0	4	1.0
1766	Простагландини	1007	9	69	31.5
1767	Простатит	3099	56	151	98.5
1768	Протиглисні засоби	150	0	11	4.0
1769	Протипаркінсонічні препарати	169	0	15	4.0
1770	Протіонамід	11	0	2	0.0
1771	Протозойні хвороби	379	1	31	11.0
1772	Протопопов Віктор Павлович	45	0	4	1.0
1773	Протрузія міжхребцевого диска	617	5	40	17.0
1774	Професійні хвороби	630	2	46	20.0
1775	Прохлорперазин	28	0	6	1.0
1776	Псевдобульбарний синдром	702	7	48	19.5
1777	Псевдоефедрин	473	6	29	14.0
1778	Псевдотуберкульоз	914	6	88	23.0
1779	Психіатр	249	3	13	7.0
1780	Псоріаз	5661	117	280	160.5
1781	Пташиний грип	10070	53	701	255.0
1782	Пульпіт	1155	12	68	34.5
1783	Пульпозне ядро	29	0	4	1.5
1784	Пульс	6107	69	409	180.0
1785	Пульсометрія	147	0	23	4.0
1786	Пухир	320	2	20	9.5
1787	Пухлина головного мозку	1618	23	80	50.5
1788	Пухлинний маркер	242	1	18	6.0
1789	Рабдоміоліз	254	2	15	8.0
1790	Рабепразол	74	0	10	2.0
1791	Разагілін	6	0	1	0.0
1792	Рак легені	3648	56	203	118.0
1793	Рак молочної залози	1559	24	85	46.5
1794	Рак паращитоподібної залози	69	0	6	2.0
1795	Рак підшлункової залози	709	11	43	22.5
1796	Рак стравоходу	628	9	34	20.0
1797	Рак шийки матки	948	8	56	30.0
1798	Рак шкіри	1399	22	78	40.5
1799	Рак щитоподібної залози	1037	7	72	30.5
1800	Раково-ембріональний антиген	85	0	7	2.5
1801	Ралтегравір	14	0	4	0.0
1802	Рана	2099	10	166	60.5
1803	Рандомізоване контрольоване дослідження	258	1	19	8.0
1804	Ранолазин	57	0	5	2.0
1805	Рауль Бенсауд	2	0	1	0.0
1806	Рафаель Бланшар	6	0	2	0.0
1807	Рахіт	4193	47	270	129.5
1808	Реактивний артрит	1120	10	75	31.5
1809	Реакція Асколі	198	1	16	5.0
1810	Реакція пасивної гемаглютинації	327	1	29	7.0
1811	Реанімація (медицина)	3293	24	195	104.0
1812	Ребаміпід	94	0	10	3.0
1813	Реберношийний стовбур	32	0	5	1.0
1814	Ревматизм	7002	86	434	222.5
1815	Ревматологія	562	3	32	17.0
1816	Рейкі	237	1	15	8.0
1817	Ремдесивір	4057	80	457	227.0
1818	Рене Лаенек	53	0	9	1.0
1819	Ренін	464	3	32	14.0
1820	Реноваскулярна гіпертензія	502	3	27	18.0
1821	Реовіруси	188	0	20	5.0
1822	Реовірусна інфекція	60	0	7	1.0
1823	Респіраторний мікоплазмоз	280	3	25	7.0
1824	Респіраторно-синцитіальна інфекція	656	5	64	18.5
1825	Рестриктивна кардіоміопатія	46	0	8	1.0
1826	Ретапамулін	3	0	1	0.0
1827	Реформа швидкої (екстреної) медичної допомоги в Україні з 2016 року	134	0	15	3.0
1828	Рецидив (медицина)	936	13	48	27.5
1829	Рибавірин	925	7	61	28.0
1830	Ривароксабан	194	2	16	6.0
1831	Ривастигмін	15	0	2	0.0
1832	Ригідність потиличних м'язів	408	2	25	12.5
1833	Рикетсіози	342	1	29	10.5
1834	Рилузол	33	0	4	1.0
1835	Римантадин	1767	21	113	51.0
1836	Риновірусна інфекція	680	6	41	19.5
1837	Риноспоридіоз	123	0	10	4.0
1838	Рисперидон	265	0	16	7.5
1839	Ритонавір	755	3	66	21.5
1840	Ритуксимаб	136	0	9	4.0
1841	Рифабутин	10	0	2	0.5
1842	Рифаксимін	94	0	8	3.0
1843	Рифаміцин	44	0	6	1.0
1844	Рифапентин	4	0	1	0.0
1845	Рідкісна хвороба	1379	4	253	14.0
1846	Рілпівірин	5	0	2	0.0
1847	Роберт Кох	752	6	65	20.5
1848	Роберт Ноулз	3	0	1	0.0
1849	Роботизована хірургія	74	0	6	2.0
1850	Рогівка	3191	17	226	70.5
1851	Родимка	689	13	31	21.0
1852	Розлад особистості	535	6	30	15.5
1853	Розширена підтримка життя	68	0	7	2.0
1854	Роксатидин	7	0	2	0.0
1855	Рокситроміцин	60	0	5	2.0
1856	Рольфінг	28	0	4	1.0
1857	Романовський Дмитро Леонідович	12	0	4	0.0
1858	Ропінірол	12	0	2	0.0
1859	Ротавірусна інфекція	2813	44	134	87.0
1860	Ротиготин	10	0	2	0.5
1861	Рофекоксиб	78	0	8	2.0
1862	Рубець (медицина)	603	7	42	17.0
1863	Ручківський Сергій Никифорович	10	0	2	0.5
1864	С-клітина	47	0	6	2.0
1865	Савченко Іван Григорович	28	0	7	1.0
1866	Саймон Флекснер	8	0	2	0.0
1867	Саквінавір	45	0	6	1.0
1868	Сальбутамол	980	10	70	23.5
1869	Сальгренська Університетська Лікарня	41	0	28	0.0
1870	Сальметерол	117	0	8	3.5
1871	Сальмонельоз	6076	62	383	195.5
1872	Санація (медицина)	658	9	31	20.0
1873	Сап	311	1	18	9.5
1874	Сапроноз	304	1	30	9.0
1875	Саркоїдоз	1153	18	56	35.5
1876	Саркома	1393	19	69	43.5
1877	Саркома Капоші	1001	6	62	30.5
1878	Саркома Юїнга	517	5	29	14.5
1879	Саркоцистоз	45	0	7	2.0
1880	Свен Івар Сельдінгер	9	0	2	0.0
1881	Світлобоязнь	128	1	11	4.0
1882	Себастьяно Рівольта	10	0	2	0.0
1883	Севофлуран	110	0	10	3.0
1884	Сезонний афективний розлад	155	1	11	5.0
1885	Секнідазол	102	1	8	2.5
1886	Секретин	329	1	33	8.5
1887	Селегілін	36	0	5	1.0
1888	Сепсис	7355	56	615	207.5
1889	Септичний шок	2435	12	154	69.5
1890	Середньомозкове ядро трійчастого нерва	24	0	6	1.0
1891	Середня мозкова артерія	298	1	25	8.0
1892	Середня щитоподібна вена	15	0	4	1.0
1893	Серозні мансонельози	13	0	4	0.0
1894	Серозні філяріїдози	4	0	2	0.0
1895	Серотонін	2487	54	110	77.5
1896	Сертаконазол	40	0	5	1.0
1897	Сертиндол	17	0	3	0.5
1898	Сертралін	346	1	22	10.0
1899	Серце людини	8345	79	473	273.5
1900	Серцева недостатність	7300	91	423	236.0
1901	Серцево-судинні захворювання	3594	41	207	108.0
1902	Сехіфенадин	12	0	5	0.0
1903	Сечокам'яна хвороба	2422	31	169	75.0
1904	Сибірка	7190	58	445	206.5
1905	Силікоз	898	9	48	24.0
1906	Силодозин	56	0	10	2.0
1907	Симпатикотонія	132	0	12	4.0
1908	Симптом	1565	21	87	46.5
1909	Симптом Аарона	33	0	4	1.0
1910	Симптом Абаді	1	0	1	0.0
1911	Симптом Бабінскі	551	4	60	15.5
1912	Симптом блідого носогубного трикутника	178	1	12	5.0
1913	Симптом випорожнень по типу «рисового відвару»	117	1	12	3.0
1914	Симптом Вінтерботтома	9	0	3	0.0
1915	Симптом Гієна	40	0	6	2.0
1916	Симптом Годельє	706	8	47	18.5
1917	Симптом двобічного збільшення потиличних лімфатичних вузлів	156	1	12	4.0
1918	Симптом Добровольської-Ніколадоні	5	0	1	0.0
1919	Симптом каптура	21	0	3	1.0
1920	Симптом каптура (психіатрія)	41	0	5	1.0
1921	Симптом Керніга	319	2	22	8.5
1922	Симптом Кіарі	89	0	11	3.0
1923	Симптом Копліка	529	6	28	17.0
1924	Симптом Курвуазьє	701	3	49	19.5
1925	Симптом Левіна	10	0	1	0.0
1926	Симптом Лессажа	106	1	8	3.0
1927	Симптом малинового желе	305	3	22	10.0
1928	Симптом малинового язика	420	6	27	13.0
1929	Симптом Мюссе	276	2	25	6.0
1930	Симптом Нікольського	536	3	31	16.0
1931	Симптом Падалки	134	0	22	3.0
1932	Симптом Пастернацького	850	7	64	23.0
1933	Симптом Пастіа	78	0	11	2.0
1934	Симптом Піка	25	0	6	1.0
1935	Симптом Романьї	8	0	2	0.0
1936	Симптом рукавичок і шкарпеток	121	0	12	3.0
1937	Симптом Стімсона	13	0	3	0.0
1938	Симптом Стокса	44	0	5	1.0
1939	Симптом триніжка	156	0	13	3.0
1940	Симптом Фаже	42	0	7	1.0
1941	Симптом Феррарі	38	0	6	1.5
1942	Симптом Флатау	27	0	4	1.0
1943	Симптом Форчгеймера	29	0	5	1.0
1944	Симптом Щоткіна-Блюмберга	635	4	41	16.0
1945	Симптоми Брудзинського	269	2	22	8.5
1946	Симптоми Тауссіга	6	0	2	0.0
1947	Синдактилія	512	4	44	15.5
1948	Синдром	1400	20	78	43.5
1949	Синдром Аазе — Сміта	26	0	5	1.0
1950	Синдром Аарскога	174	1	19	4.0
1951	Синдром Абдалла — Девіса — Фарража	30	0	4	1.0
1952	Синдром Авелліса	27	0	6	1.0
1953	Синдром Адамса — Олівера	86	0	5	3.0
1954	Синдром Аді	114	1	9	3.0
1955	Синдром Аді — Крітчлі	4	0	1	0.0
1956	Синдром Аєрзи	117	0	14	3.5
1957	Синдром Акерманів	21	0	5	1.0
1958	Синдром Алажілля	141	1	15	3.0
1959	Синдром Аллана — Герндона — Дадлі	19	0	3	1.0
1960	Синдром Аллена — Гайнса	7	0	1	1.0
1961	Синдром Аллена — Мастерса	117	0	8	3.0
1962	Синдром Алстрема	96	0	19	2.0
1963	Синдром Альвареса	27	0	3	1.0
1964	Синдром Альпорта	267	1	25	7.0
1965	Синдром Андерманна	50	0	7	1.0
1966	Синдром Андерсен	76	0	11	2.0
1967	Синдром Антлі — Бікслера	50	0	6	1.5
1968	Синдром Аперта	178	1	20	3.0
1969	Синдром Аракава I	18	0	2	1.0
1970	Синдром Аракава II	11	0	2	0.0
1971	Синдром Аспергера	3331	54	250	86.0
1972	Синдром Ачора — Сміта	1	0	1	0.0
1973	Синдром Ашара	52	0	5	2.0
1974	Синдром Ашара — Тьєра	21	0	2	1.0
1975	Синдром Ашера	41	0	4	1.0
1976	Синдром Ашермана	205	0	19	5.0
1977	Синдром Бадда — Кіарі	391	2	24	11.5
1978	Синдром Бехчета	276	3	16	9.0
1979	Синдром Бруннера	180	0	16	5.0
1980	Синдром Вегенера	325	2	30	8.5
1981	Синдром відміни	1121	15	66	31.5
1982	Синдром Вільямса	610	5	35	19.0
1983	Синдром Вольфа — Паркінсона — Вайта	887	8	62	29.0
1984	Синдром Вотергауза — Фредеріксена	155	0	14	4.5
1985	Синдром Герстмана — Штройслера — Шейнкера	74	0	9	2.0
1986	Синдром Гієна — Барре	973	13	47	28.5
1987	Синдром гіпоплазії лівих відділів серця	92	1	8	3.0
1988	Синдром Горнера	812	8	53	27.0
1989	Синдром Гудпасчера	141	1	24	3.0
1990	Синдром Дабіна — Джонсона	130	0	17	2.5
1991	Синдром де Тоні — Дебре — Фанконі	259	0	27	6.5
1992	Синдром Денді — Вокера	207	2	21	5.0
1993	Синдром Джанотті — Крості	143	0	31	3.0
1994	Синдром Доріана Грея	105	0	12	2.0
1995	Синдром Дресслера	418	1	27	12.0
1996	Синдром Едвардса	2115	11	142	57.5
1997	Синдром Ейкарді	82	0	7	2.0
1998	Синдром Елліса — ван Кревельда	95	0	9	2.0
1999	Синдром Жильбера	1632	18	87	50.0
2000	Синдром зап'ястного каналу	1011	16	54	30.0
2001	Синдром Золлінгера — Еллісона	631	6	39	19.5
2002	Синдром Кавасакі	488	4	38	12.5
2003	Синдром Кейтеля	26	0	3	1.0
2004	Синдром китайського ресторану	44	0	5	2.0
2005	Синдром Клайнфельтера	2272	10	166	69.0
2006	Синдром Корсакова	520	4	45	15.0
2007	Синдром космічної адаптації	36	0	5	1.0
2008	Синдром Котара	323	1	49	9.0
2009	Синдром котячого крику	3185	9	217	95.0
2010	Синдром Криглера — Найяра	233	2	18	7.0
2011	Синдром Лаєлла	1390	14	90	45.5
2012	Синдром Ларона	44	0	5	1.5
2013	Синдром Лауна — Ґанонґа — Левайна	170	1	15	4.0
2014	Синдром Лея	102	0	11	3.0
2015	Синдром Маккюна — Олбрайта	142	1	12	4.0
2016	Синдром Марфана	2421	21	136	77.5
2017	Синдром Морганьї — Адамса — Стокса	403	1	28	13.0
2018	Синдром Морріса	403	3	24	12.0
2019	Синдром Неємія Ашерсона	34	0	3	1.0
2020	Синдром Неймеген	202	0	16	5.0
2021	Синдром Патау	2821	20	196	84.5
2022	Синдром Пейтца — Єгерса	129	0	12	3.0
2023	Синдром передчасного збудження шлуночків	127	0	15	3.5
2024	Синдром подразненого кишечника	1573	28	78	47.0
2025	Синдром порушення активності та уваги	1151	19	77	35.0
2026	Синдром раптової дитячої смерті	195	1	14	6.0
2027	Синдром Ретта	373	2	31	10.0
2028	Синдром Рея	901	8	177	21.5
2029	Синдром Ротора	99	0	10	2.5
2030	Синдром Сваєра	161	0	31	3.5
2031	Синдром системної запальної відповіді	426	2	34	12.5
2032	Синдром слабкості синусового вузла	660	7	48	19.5
2033	Синдром Стендаля	342	3	44	9.5
2034	Синдром Стівенса — Джонсона	1226	18	65	37.0
2035	Синдром струшеної дитини	497	6	25	15.5
2036	Синдром Такаясу	395	2	28	10.5
2037	Синдром Тернера	2966	20	164	97.0
2038	Синдром тривалої гарячки невідомого походження	436	1	39	10.5
2039	Синдром Ундіни	103	0	17	2.0
2040	Синдром хронічної втоми	978	15	61	27.0
2041	Синдром Шегрена	672	7	48	21.5
2042	Синостоз	101	0	14	2.0
2043	Синхондроз	81	0	11	3.0
2044	Сироваткова хвороба	493	1	47	12.5
2045	Сиролімус	69	0	9	2.0
2046	Система винагород	139	0	15	3.0
2047	Система груп крові AB0	1883	10	177	43.5
2048	Системна склеродермія	1482	20	82	48.5
2049	Системний бартонельоз	42	0	11	1.0
2050	Системний червоний вовчак	4088	73	339	109.0
2051	Сифіліс	11648	169	710	354.5
2052	Сім'яний канатик	452	3	30	13.5
2053	Сім'яні залози	1563	23	96	45.0
2054	Сінгамоз	26	0	4	1.0
2055	Сіра речовина	11080	34	699	347.5
2056	Сіріл Гарнем	4	0	1	0.0
2057	Сітківка	7416	24	734	183.5
2058	Сказ	4150	65	294	122.5
2059	Скальпована рана	222	1	21	6.0
2060	Скарлатина	6215	109	385	191.5
2061	Сколіоз	1582	13	99	48.5
2062	Скронева кістка	680	9	45	18.0
2063	Скронева частка	2937	13	287	72.0
2064	Скроневий м'яз	104	0	11	3.0
2065	Слоновість	273	3	20	8.0
2066	Смугасте тіло	321	2	22	10.0
2067	СНІД	15671	217	762	493.0
2068	Содоку	91	0	10	2.0
2069	Сокол Олександра Семенівна	14	0	3	1.0
2070	Соліфенацин	30	0	3	1.0
2071	Соматосенсорна система	118	0	9	3.0
2072	Соматостатин	262	1	19	8.0
2073	Соматостатинома	9	0	2	0.0
2074	Соматотропний гормон	1304	14	85	37.5
2075	Сонна хвороба	937	10	60	28.5
2076	Сорафеніб	32	0	4	1.0
2077	Соталол	25	0	2	1.0
2078	Софосбувір	247	1	17	8.0
2079	Сочевицеподібне ядро	106	0	10	3.0
2080	Спадкові захворювання	12611	36	898	441.0
2081	Спалах інфекційної хвороби	637	1	39	20.0
2082	Спарганоз	24	0	3	1.0
2083	Спарфлоксацин	16	0	4	0.0
2084	Спектиноміцин	33	0	6	1.0
2085	Спинномозкова рідина	2870	19	192	75.5
2086	Спинномозкове ядро трійчастого нерва	52	0	12	1.0
2087	Список лауреатів Нобелівської премії з фізіології або медицини	824	10	45	23.0
2088	Список спадкових хвороб	6563	17	439	185.5
2089	Спінальна анестезія	776	11	42	23.5
2090	Спіраміцин	140	1	12	4.0
2091	Спіраприл	9	0	2	0.0
2092	Спленомегалія	311	2	21	9.0
2093	Справжня поліцитемія	1372	18	83	46.0
2094	Стабілізатор мастоцитів	70	0	14	1.0
2095	Ставудин	8	0	1	0.0
2096	Станіслав фон Провасек	25	0	6	1.0
2097	Статини	1000	11	69	28.5
2098	Стафілокок	5585	70	269	179.5
2099	Стафілокок золотистий	2019	29	145	65.0
2100	Стафілококова інфекція	3436	58	170	110.5
2101	Стеноз	458	6	28	13.5
2102	Стеноз мітрального клапана	895	5	83	23.0
2103	Стефанський В'ячеслав Карлович	10	0	2	0.0
2104	Стравохід	2582	21	183	73.5
2105	Стрептобацильоз	25	0	4	1.0
2106	Стрептококовий фарингіт	2899	55	146	89.0
2107	Стригучий лишай	291	3	16	9.0
2108	Стрічка Брозлоу для екстреної педіатричної допомоги	15	0	6	1.0
2109	Стронгілоїдоз	743	4	49	20.0
2110	Строфантин	272	1	19	8.0
2111	Стьожак	610	4	42	17.5
2112	Субарахноїдальний крововилив	1054	9	75	34.0
2113	Субдуральна гематома	738	10	45	21.5
2114	Субталамічне ядро	81	0	8	2.0
2115	Суглоб	2136	25	119	61.0
2116	Сулодексид	60	0	6	2.0
2117	Сульбактам	252	1	20	6.5
2118	Сульпірид	320	2	20	10.0
2119	Сульфадиметоксин	220	1	15	6.0
2120	Сульфадимідин	59	0	8	1.0
2121	Сульфадіазин	54	0	8	2.0
2122	Сульфадоксин	69	0	8	2.0
2123	Сульфаметоксазол	97	1	8	3.0
2124	Сульфаметоксазол/триметоприм	522	3	35	14.0
2125	Сульфаметрол	16	0	5	1.0
2126	Сульфаніламід	868	5	76	26.0
2127	Сульфасалазин	271	2	24	7.0
2128	Сульфацетамід	181	1	14	5.5
2129	Сунітиніб	39	0	11	1.0
2130	Суперечка щодо насичених жирів	3	0	1	0.0
2131	СХ614	5	0	3	0.0
2132	Східний енцефаломієліт коней	43	0	4	1.0
2133	Сьома холерна пандемія	1461	3	118	51.5
2134	Т-клітинна терапія лейкозу	34	0	7	1.0
2135	Таблетки, що розпадаються в ротовій порожнині	93	0	6	4.0
2136	Таксани	31	0	4	1.0
2137	Таласемія	1212	7	360	25.0
2138	Талінолол	36	0	7	1.0
2139	Тамоксифен	207	2	13	6.0
2140	Тамсулозин	127	0	11	4.0
2141	Тегасерод	31	0	4	1.0
2142	Тегафур	16	0	3	1.0
2143	Тедизолід	20	0	2	1.0
2144	Теїксобактин	22	0	3	1.0
2145	Тейкопланін	68	0	7	2.0
2146	Телапревір	11	0	2	0.5
2147	Телбівудин	9	0	2	0.0
2148	Телемедицина	576	2	56	16.0
2149	Телітроміцин	19	0	3	0.5
2150	Телмісартан	85	0	8	3.0
2151	Темозоломід	30	0	4	1.0
2152	Тендовагініт	508	2	30	16.5
2153	Теніази	96	0	12	3.0
2154	Теніаринхоз	433	3	46	11.5
2155	Теніоз	686	4	47	16.5
2156	Теноксикам	31	0	4	1.0
2157	Тенонітрозол	13	0	2	0.0
2158	Тенофовір	184	1	17	6.0
2159	Тенофовір/Емтрицитабін	71	0	7	2.0
2160	Теобальд Сміт	12	0	2	0.0
2161	Тепловий удар	1039	8	85	28.5
2162	Теразозин	28	0	2	1.0
2163	Тератома	710	6	75	20.0
2164	Тербінафін	130	1	10	4.0
2165	Тербуталін	20	0	3	1.0
2166	Теризидон	10	0	3	0.0
2167	Термінальний нерв	33	0	5	1.0
2168	Терфенадин	67	0	7	2.0
2169	Тестостерон	1870	28	87	57.0
2170	Тетраплегія	209	1	18	6.0
2171	Тизанідин	73	0	7	2.0
2172	Тикагрелор	79	0	7	2.0
2173	Тикарцилін	56	0	9	1.5
2174	Тиклопідин	124	0	14	3.0
2175	Тимолол	30	0	3	1.0
2176	Тинзапарин	5	0	2	0.0
2177	Тинідазол	182	2	12	5.0
2178	Типранавір	10	0	1	1.0
2179	Тиреоглобулін	570	2	38	17.0
2180	Тиреоїдектомія	571	6	34	17.0
2181	Тиреоїдит Хашимото	2082	24	127	57.0
2182	Тиреопероксидаза	121	1	16	4.0
2183	Тиреотропний гормон	2308	19	171	61.5
2184	Тироксин	1290	13	89	40.0
2185	Тиротрицин	568	2	111	14.5
2186	Тиф	3877	28	232	133.0
2187	Тіамазол	101	0	9	3.0
2188	Тіамфенікол	27	0	5	1.0
2189	Тіанептин	47	0	6	1.0
2190	Тіаприд	21	0	3	0.0
2191	Тігециклін	62	0	5	2.0
2192	Тім'яна частка	2339	8	228	63.5
2193	Тіогуанін	6	0	2	0.0
2194	Тіопентал натрію	379	3	21	10.0
2195	Тіоридазин	80	0	8	2.0
2196	Тіотриазолін	682	9	44	21.0
2197	Тіотропію бромід	102	0	16	2.5
2198	Тітов Михайло Борисович	31	0	7	1.0
2199	Тобраміцин	148	1	12	4.0
2200	Токсичний багатовузловий зоб	203	1	15	5.5
2201	Токсокароз	1543	16	92	45.5
2202	Токсоплазмоз	3354	46	184	95.5
2203	Толперизон	79	0	7	3.0
2204	Толтеродин	22	0	3	1.0
2205	Томас Сиденгам	13	0	3	0.0
2206	Томас Спенсер Кобболд	2	0	1	0.0
2207	Тонкоголкова аспіраційна пункційна біопсія	215	2	16	7.0
2208	Топотекан	14	0	3	0.0
2209	Тореміфен	43	0	8	1.0
2210	Тоцилізумаб	2869	1	755	48.0
2211	Травма спинного мозку	1583	5	135	43.0
2212	Трандолаприл	6	0	2	0.0
2213	Трансмісивний механізм передачі інфекції	1165	8	107	32.5
2214	Трансплантат	126	0	12	4.0
2215	Трансплантація	2764	13	233	70.5
2216	Трансплантація печінки	254	2	18	8.0
2217	Трансплантологія	321	0	30	9.0
2218	Трапецієподібний м'яз	434	5	29	13.0
2219	Трастузумаб	89	0	9	2.0
2220	Трахеїт	2280	19	110	71.0
2221	Трахома	447	5	28	13.5
2222	Трематодози	105	0	7	3.0
2223	Третиноїн	89	0	8	4.0
2224	Третій шлуночок	239	1	19	7.0
2225	Третя пандемія чуми	3599	16	206	126.5
2226	Третя холерна пандемія	179	0	18	7.0
2227	Триамцинолон	122	0	10	4.0
2228	Тригексифенідил	124	0	10	3.0
2229	Трийодтиронін	355	1	24	11.5
2230	Трикутник Пирогова	296	1	27	8.0
2231	Тримебутин	92	0	11	2.0
2232	Тримеперидин	182	0	21	5.0
2233	Триметазидин	128	0	13	3.5
2234	Триметоприм	131	0	10	3.5
2235	Трипаносомози	221	0	17	7.0
2236	Трипторелін	61	0	8	2.0
2237	Трифлузал	22	0	7	1.0
2238	Трифлуоперазин	81	0	8	2.0
2239	Трихінельоз	1054	7	112	30.5
2240	Трихомоноз	3323	53	170	104.0
2241	Трихоцефальоз	806	5	63	21.0
2242	Трициклічні антидепресанти	425	6	29	13.0
2243	Тріада Гатчінсона	209	0	19	4.0
2244	Трійчастий вузол	154	1	16	4.0
2245	Трійчастий нерв	2673	32	241	74.0
2246	Тровафлоксацин	22	0	3	1.0
2247	Тромбоемболія легеневої артерії	3357	40	178	96.0
2248	Тромбоз	1264	19	67	38.5
2249	Тромбоз глибоких вен	855	9	49	26.5
2250	Тромбофлебіт	1363	18	83	42.0
2251	Тромбоцитопенія	1689	17	101	52.0
2252	Тропісетрон	18	0	3	0.0
2253	Тропічна медицина	50	0	6	1.0
2254	Тропічні хвороби	145	1	10	5.0
2255	Троподифен	22	0	4	1.0
2256	Тропонін	479	4	34	11.5
2257	Туберкульоз	22020	276	1211	683.0
2258	Туберозний склероз	123	0	8	5.0
2259	Туляремія	2246	18	186	64.0
2260	Тулярин	55	0	8	1.0
2261	Тяжкий гострий респіраторний синдром	15764	103	1454	472.5
2262	Увеїт	702	5	47	20.5
2263	Ударний об'єм	314	3	25	8.5
2264	Українська військово-медична академія	332	3	26	9.0
2265	Українська спілка психотерапевтів	63	0	6	2.0
2266	Український лепрозорій	243	1	16	7.0
2267	Ундециленова кислота	18	0	3	1.0
2268	Урапідил	56	0	8	2.0
2269	Уремія	1102	12	120	29.0
2270	Уропепсин	26	0	5	1.0
2271	Устекінумаб	24	0	3	1.0
2272	Фабомотизол	79	0	8	3.0
2273	Фавіпіравір	19291	16	5043	175.5
2274	Фамотидин	114	0	9	3.0
2275	Фамцикловір	47	0	6	1.0
2276	Фарбування гематоксиліном-еозином	151	0	11	4.0
2277	Фарбування за ван Гізоном	47	0	6	1.5
2278	Фарбування за Романовським—Гімзою	321	1	35	9.5
2279	Фарбування за Цілем — Нільсеном	322	0	31	8.0
2280	Фарингіт	6543	92	314	201.5
2281	Фармацевтика	291	3	24	9.0
2282	Фармація	461	5	34	13.5
2283	Фасціолопсидоз	12	0	3	0.5
2284	Фасціольоз	787	7	55	24.5
2285	Фасція (анатомія)	641	8	43	18.0
2286	Фатальне сімейне безсоння	458	5	31	14.0
2287	Фекально-оральний механізм	1658	13	111	53.5
2288	Фексофенадин	122	1	10	4.0
2289	Фелодипін	59	0	11	2.0
2290	Фенетилін	97	0	15	2.0
2291	Фенілбутазон	75	0	10	2.0
2292	Фенілкетонурія	4746	34	287	159.5
2293	Феніндіон	48	0	7	1.0
2294	Фенітоїн	121	0	11	3.0
2295	Феноксиметилпеніцилін	90	0	13	2.0
2296	Фенотерол	224	1	22	6.5
2297	Фенспірид	166	0	19	4.0
2298	Фентиконазол	20	0	3	1.0
2299	Фентоламін	255	1	18	7.0
2300	Феохромоцитома	897	6	62	28.0
2301	Фердинанд фон Гебра	32	0	19	0.0
2302	Фердинанд Штехер	9	0	2	0.0
2303	Фібриляція	445	4	28	13.0
2304	Фіброгастродуоденоскопія	325	3	31	9.5
2305	Фіброзне кільце	63	0	7	3.0
2306	Філатов Володимир Петрович	933	5	76	24.5
2307	Філграстим	98	0	19	2.5
2308	Філіппо Пачіні	18	0	6	0.0
2309	Філяріїдози	327	1	27	8.5
2310	Фінастерид	117	1	8	3.0
2311	Фінголімод	48	0	6	2.0
2312	Флегмона	1564	18	117	47.0
2313	Флекаїнід	49	0	7	1.5
2314	Флувастатин	9	0	2	0.0
2315	Флувоксамін	30	0	5	1.0
2316	Флударабін	19	0	4	1.0
2317	Флуконазол	782	12	45	23.0
2318	Флуоксетин	689	9	38	21.0
2319	Флупіртин	21	0	5	1.0
2320	Флурбіпрофен	151	1	10	4.5
2321	Флутамід	80	1	7	2.5
2322	Флуфеназин	56	0	9	2.0
2323	Флуцитозин	17	0	4	0.0
2324	Флюоресцентна гібридизація in situ	294	0	28	8.0
2325	Флюпентиксол	44	0	4	1.0
2326	Фозиноприл	33	0	4	1.0
2327	Фолікулярна клітина	142	0	10	4.0
2328	Фолікулярний рак щитоподібної залози	205	1	19	6.0
2329	Фондапаринукс	21	0	3	0.5
2330	Формотерол	66	0	6	2.0
2331	Фосампренавір	8	0	2	0.0
2332	Фоскарнет	79	0	9	2.0
2333	Фосфазид	3	0	1	0.0
2334	Фосфоміцин	238	1	14	8.0
2335	Фотемустин	5	0	4	0.0
2336	Фрамбезія	203	3	16	6.0
2337	Фраміцетин	40	0	6	1.5
2338	Франц Бабель де Фронсберґ	5	0	1	0.0
2339	Франц де Пауля Нойгаузер	4	0	1	0.0
2340	Франц Ніссль	14	0	6	1.0
2341	Фрідріх Гаас	20	0	6	0.0
2342	Фрідріх Фюллеборн	6	0	2	0.0
2343	Фріц Шаудін	6	0	2	0.0
2344	Фталилсульфатіазол	90	0	17	2.0
2345	Фтивазид	117	0	12	3.0
2346	Фторлак	15	0	2	1.0
2347	Фторхінолони	1270	7	79	34.0
2348	Фузафунгін	44	0	5	1.0
2349	Фузидова кислота	78	0	9	3.0
2350	Фузоспірохетозний фарингіт	288	2	15	9.5
2351	Фульвестрант	23	0	3	1.0
2352	Фуразидин	170	1	13	5.0
2353	Фуразолідон	317	2	26	9.0
2354	Фурункульоз	3577	74	197	108.5
2355	Хантавірусний легеневий синдром	5240	0	4294	3.0
2356	Харчові отруєння	2436	22	170	73.0
2357	Хасімото Хакару	2	0	1	0.0
2358	Хвороба «рука-нога-рот»	257	1	15	8.0
2359	Хвороба Альцгеймера	6374	131	254	205.5
2360	Хвороба Андерсен	60	0	7	2.0
2361	Хвороба Боуена	260	1	18	8.0
2362	Хвороба Верльгофа	2002	10	147	53.0
2363	Хвороба Вільсона	1279	13	68	42.5
2364	Хвороба Вільяма Александера	134	0	13	3.5
2365	Хвороба Гантінгтона	1309	12	76	40.5
2366	Хвороба Гюнтера	145	1	16	3.5
2367	Хвороба Іценка — Кушинга	1990	16	218	52.0
2368	Хвороба К'ясанурського лісу	18	0	3	0.0
2369	Хвороба Канавана	350	1	32	9.5
2370	Хвороба Каслмена	94	0	9	3.0
2371	Хвороба котячих подряпин	902	10	62	26.0
2372	Хвороба Кройцфельда — Якоба	640	5	53	18.5
2373	Хвороба Лайма	6427	103	624	164.0
2374	Хвороба Менкеса	55	0	6	2.0
2375	Хвороба Паркінсона	5332	85	234	161.0
2376	Хвороба Пейроні	175	1	14	5.0
2377	Хвороба Пертеса	386	2	28	10.5
2378	Хвороба Пламмера	1	0	1	0.0
2379	Хвороба Рандю — Ослера	264	2	22	7.0
2380	Хвороба Рейно	1892	31	105	57.0
2381	Хвороба Росаі — Дорфман	8	0	2	0.0
2382	Хвороба Тея — Сакса	1004	7	72	28.5
2383	Хвороба Фарбера	63	0	8	2.0
2384	Хвороба Шагаса	363	5	21	10.5
2385	Хвороба Шамберга	101	1	9	2.5
2386	Хвороба, яку спричинює багатокамерний ехінокок	151	1	10	5.0
2387	Хвороба, яку спричинює вірус Ебола	11316	107	604	371.5
2388	Хвороба, яку спричинює вірус Зіка	567	6	36	17.0
2389	Хвороба, яку спричинює вірус Марбург	2025	3	952	24.0
2390	Хвороба, яку спричинює вірус Ніпах	163	0	14	4.5
2391	Хвороба, яку спричинює вірус Хендра	66	0	13	1.5
2392	Хвороби, що передаються статевим шляхом	6948	58	439	189.0
2393	Хвостате ядро	139	0	11	5.0
2394	Хидей Ногучі	10	0	1	0.0
2395	Хілоторакс	204	0	27	5.0
2396	Хілурія	80	0	6	2.0
2397	Хінідин	107	0	11	3.0
2398	Хінолони	315	1	34	7.0
2399	Хірургічна операція	1993	11	145	53.5
2400	Хірургія	716	7	42	20.5
2401	Хіфенадин	39	0	6	2.0
2402	Хламідійна лімфогранульома	603	5	47	15.5
2403	Хламідіоз	4205	82	229	125.5
2404	Хлорамбуцил	39	0	5	1.0
2405	Хлорамфенікол	733	6	41	20.5
2406	Хлордіазепоксид	67	0	7	2.0
2407	Хлоропірамін	202	1	14	6.0
2408	Хлорохін	5134	7	356	182.0
2409	Хлорфенамін	573	4	119	11.0
2410	Хлорхінальдол	33	0	5	1.0
2411	Холангіт	713	4	52	18.0
2412	Холера	16191	82	1206	565.0
2413	Холерний вібріон	975	8	77	25.0
2414	Холестатичний синдром	1065	12	89	30.0
2415	Холецистектомія	415	0	29	13.5
2416	Хоменко Григорій Гнатович	17	0	3	1.0
2417	Хондрит (хвороба)	19	0	2	1.0
2418	Хоріонічний гонадотропін	1649	28	82	50.5
2419	Хоріосклероз	84	0	10	3.0
2420	Хржонщевський Никанор Адамович	45	0	5	1.0
2421	Хромафінні клітини	37	0	5	1.0
2422	Хромомікоз	32	0	3	1.0
2423	Хронічна ниркова недостатність	1238	5	145	32.5
2424	Хронічний гастрит	1126	10	69	33.0
2425	Хронічний гепатит	936	3	62	23.0
2426	Хронічний лімфолейкоз	311	1	22	10.0
2427	Хронічний мієлоцитарний лейкоз	262	1	26	7.0
2428	Хронічний панкреатит	811	8	54	22.5
2429	Цві Ларон	2	0	1	0.0
2430	Целекоксиб	253	1	20	7.0
2431	Целіакія	1391	17	66	40.5
2432	Центральний госпіталь Міністерства внутрішніх справ України	458	3	27	13.0
2433	Центральний госпіталь Служби безпеки України	343	2	21	10.5
2434	Центральний клінічний госпіталь Державної прикордонної служби України	237	1	16	6.5
2435	Ценуроз	134	0	16	3.0
2436	Церивастатин	13	0	3	0.0
2437	Цетиризин	369	5	21	11.0
2438	Цетуксимаб	26	0	3	1.0
2439	Цефадроксил	46	0	6	1.0
2440	Цефазолін	215	1	21	7.0
2441	Цефаклор	58	0	6	1.0
2442	Цефалексин	227	1	33	6.0
2443	Цефалоспорини	1587	14	105	44.5
2444	Цефалотин	94	0	42	1.0
2445	Цефамандол	22	0	4	1.0
2446	Цефепім	197	1	20	6.0
2447	Цефіксим	347	3	21	11.0
2448	Цефоперазон	121	0	11	3.0
2449	Цефотаксим	326	1	22	9.0
2450	Цефпірамід	14	0	3	1.0
2451	Цефпіром	87	0	21	2.0
2452	Цефподоксим	298	3	18	8.0
2453	Цефпрозил	27	0	4	1.0
2454	Цефрадин	12	0	3	0.0
2455	Цефтазидим	126	1	10	3.0
2456	Цефтаролін	130	0	15	3.5
2457	Цефтібутен	20	0	4	1.0
2458	Цефтізоксим	14	0	3	0.0
2459	Цефтобіпрол	95	0	10	2.0
2460	Цефтріаксон	1934	36	88	59.5
2461	Цефуроксим	329	3	18	10.0
2462	Цеце	554	5	46	15.0
2463	Цидофовір	38	0	11	1.0
2464	Цизаприд	67	0	9	2.0
2465	Циклосерин	40	0	7	1.0
2466	Циклоспорин	354	2	27	11.5
2467	Циклоспороз	15	0	3	0.0
2468	Циклофосфамід	129	0	12	4.0
2469	Цилазаприл	8	0	2	0.0
2470	Цилостазол	50	0	5	1.0
2471	Циметидин	75	0	7	2.0
2472	Цинаризин	381	2	27	12.0
2473	Ципрогептадин	116	0	9	3.0
2474	Ципротерон	64	0	6	2.0
2475	Ципрофлоксацин	1278	19	73	38.5
2476	Цироз печінки	3408	57	170	103.0
2477	Цисплатин	96	0	6	3.0
2478	Цистит	2759	48	160	79.0
2479	Цистицеркоз	702	8	40	21.0
2480	Циталопрам	85	0	5	3.0
2481	Цитарабін	57	0	7	2.0
2482	Цитиколін	194	1	20	5.5
2483	Цитомегаловірус	1652	23	82	49.0
2484	Цитомегаловірусна інфекція	1478	15	81	44.0
2485	Ціп'як бичачий	1869	22	134	54.5
2486	Ціп'як свинячий	1574	10	130	50.5
2487	Ціп'як собачий	96	0	7	3.0
2488	Цукровий діабет	10581	125	763	340.0
2489	Цукровий діабет тип 1	823	10	49	24.5
2490	Цукровий діабет тип 2	3358	52	181	105.5
2491	Цуцугамуші	74	0	10	2.0
2492	Чарльз Донован	6	0	3	0.0
2493	Червоне ядро	206	0	16	5.0
2494	Черевний тиф	6339	65	453	190.0
2495	Черепні нерви	6914	40	442	229.0
2496	Черепно-мозкова травма	2544	25	164	84.0
2497	Чернов Василь Єгорович	14	0	2	1.0
2498	Четверта холерна пандемія	125	0	11	5.0
2499	Четвертий шлуночок	501	4	39	12.0
2500	Чікунгунья	140	1	10	4.0
2501	Чоловіча статева система	6872	158	262	219.5
2502	Чорна речовина	263	1	18	8.0
2503	Чорна смерть	24327	123	1467	906.0
2504	Чорна Тамара Трохимівна	4	0	3	0.0
2505	Чума	56396	343	3099	2066.0
2506	Чума Юстиніана	3599	18	328	106.5
2507	Чумна паличка	799	2	54	26.0
2508	Шагома	12	0	4	0.0
2509	Шарлотта Кліверлі-Бісман	54	0	5	2.0
2510	Шарль Манту	171	0	27	1.0
2511	Шевчук Віктор Григорович	22	0	3	1.0
2512	Шигела Бойда	24	0	4	1.0
2513	Шигела Зонне	82	0	10	2.0
2514	Шигела Флекснера	56	0	18	1.0
2515	Шигельоз	4008	21	249	121.5
2516	Шизофренія	10599	223	458	316.5
2517	Шийний відділ хребта	1544	15	102	41.5
2518	Шина (медицина)	709	1	59	22.5
2519	Шистосомози	358	3	28	10.0
2520	Шия	514	7	32	15.0
2521	Шкала Франкеля	106	0	19	3.0
2522	Шкурба Андрій Вікторович	81	0	7	2.0
2523	Шлунково-кишкова кровотеча	4094	42	316	117.0
2524	Шлунок	4448	52	285	122.0
2525	Шок (медицина)	3648	21	210	102.5
2526	Шоста холерна пандемія	219	0	17	8.0
2527	Шпательний тест	17	0	3	1.0
2528	Шпиталь	388	4	27	11.0
2529	Щербак Юрій Миколайович	381	2	30	10.0
2530	Щитоподібна залоза	6314	68	311	199.0
2531	Щитоподібний хрящ	153	1	14	4.0
2532	Щитошийний стовбур	89	0	8	2.0
2533	Щока	152	0	11	4.0
2534	Юкстагломерулярний апарат	171	0	12	5.0
2535	Юстинус Кернер	7	0	3	0.0
2536	Яворовський Олександр Петрович	12	0	3	1.0
2537	Ядро Едінгера-Вестфаля	73	0	7	2.0
2538	Ядро лицевого нерва	100	0	23	3.0
2539	Ядро одинокого шляху	137	0	13	3.0
2540	Ядро окорухового нерва	121	0	17	2.5
2541	Язикова артерія	235	0	28	7.0
2542	Язикова вена	30	0	4	1.0
2543	Яйцеклітина	8852	32	641	250.0
2544	Ящур	1240	12	70	41.0
2545	Aedes albopictus	41	0	10	1.0
2546	Anoplura	67	0	6	2.0
2547	ATC код A	38	0	7	1.0
2548	ATC код B	34	0	7	1.0
2549	ATC код C	34	0	3	1.0
2550	ATC код G	22	0	6	0.5
2551	ATC код H	16	0	4	0.0
2552	ATC код J	44	0	9	0.5
2553	ATC код L	26	0	6	1.0
2554	ATC код N	21	0	5	0.0
2555	ATC код P	19	0	5	1.0
2556	ATC код S	6	0	2	0.0
2557	BMJ	63	0	13	1.0
2558	BRCA1	64	0	7	2.0
2559	Chlamydophila psittaci	40	0	7	1.0
2560	Clostridium botulinum	707	1	70	17.0
2561	D-димер	858	9	49	28.0
2562	Déviation conjuguée	16	0	3	1.0
2563	Ebolavirus	1976	0	212	84.0
2564	Echinococcus multilocularis	205	0	23	5.0
2565	Francisella tularensis	81	0	9	3.0
2566	G-клітина	30	0	4	1.0
2567	H5N1	1711	11	121	44.5
2568	Helicobacter pylori	2105	31	111	66.5
2569	HeRAMS	12	0	2	0.0
2570	International Trauma Life Support	14	0	3	0.0
2571	Medscape	46	0	7	2.0
2572	Mycobacterium ulcerans	19	0	3	1.0
2573	OMIM	111	1	8	3.0
2574	Plasmodium falciparum	231	1	20	6.5
2575	Plasmodium knowlesi	15	0	2	1.0
2576	Plasmodium malariae	367	1	67	11.0
2577	Plasmodium ovale	144	0	17	4.0
2578	Plasmodium vivax	270	0	32	6.0
2579	PubMed	395	4	30	11.0
2580	SAMPLE	727	1	209	5.0
2581	Shigella dysenteriae	118	0	18	3.0
2582	Tc-99m-MIBI	21	0	3	1.0
2583	Terminologia Anatomica	23	0	4	1.0
2584	The Lancet	155	0	21	3.5
2585	Torch-інфекції	1730	21	103	45.5
2586	UniProt	32	0	6	1.0
2587	Whonamedit?	4	0	1	0.0
2588	Yersinia enterocolitica	201	1	17	5.0
2589	Yersinia pseudotuberculosis	83	0	8	2.0
2590	ZMapp	62	0	8	2.0
