1	Абія виблискуюча	71	1	8	2.0
2	Аврора біла	159	0	16	4.0
3	Аґапантіїні	2	0	1	0.0
4	Аґапантія	19	0	14	0.0
5	Акантоліда жовтоголова	1	0	1	0.0
6	Акантоліда сланцева	1	0	1	0.0
7	Акарапідоз	19	0	3	1.0
8	Акариформні кліщі	80	0	18	2.0
9	Акарициди	191	1	15	6.0
10	Акарологія	78	0	7	2.0
11	Американський білий метелик	107	0	10	2.0
12	Амофіла сарептська	48	0	11	1.0
13	Анадримадуза Ретовського	35	0	3	1.0
14	Анатомія комах	1415	9	138	39.0
15	Андрена велика	26	0	4	1.0
16	Андрена золотонога	33	0	4	1.0
17	Андрена ошатна	16	0	3	1.0
18	Андрена степова	14	0	3	0.5
19	Андрена червоноплямиста	9	0	3	0.0
20	Андреніди	17	0	4	0.0
21	Аністиди	7	0	2	0.0
22	Аноплій самарський	55	0	5	2.0
23	Антени (біологія)	111	0	15	3.0
24	Антофора коренаста	15	0	3	1.0
25	Антофора чорновійчаста	9	0	2	0.0
26	Апростема Карпентера	2	0	1	0.0
27	Апростема Пелетьє	1	0	1	0.0
28	Аранеоморфні	24	0	4	1.0
29	Арахнологія	98	0	7	3.0
30	Аргасові кліщі	265	0	26	6.0
31	Арге Беккера	22	0	3	1.0
32	Арге Фрівальдського	0	0	0	0.0
33	Аргіопа тигрова	667	11	39	19.5
34	Аргірестіїди	6	0	4	0.0
35	Артроплевра	41	0	4	1.0
36	Архіметаболія	16	0	3	0.0
37	Архостемати	3	0	1	0.0
38	Асеміни	1	0	1	0.0
39	Асеміні	0	0	0	0.0
40	Аскалаф строкатий	34	0	5	1.0
41	Аскалафові	11	0	5	0.0
42	Афелінус	3	0	2	0.0
43	Африканізована бджола	85	0	13	2.0
44	Бабка перев'язана	161	1	17	4.0
45	Бабки	1179	14	64	38.0
46	Багатозв'яз гірський український	34	0	5	1.0
47	Барвниця грушева	19	0	2	1.0
48	Бджола (геральдика)	20	0	5	0.5
49	Бджола (рід)	294	1	30	7.0
50	Бджола велика	47	0	9	1.0
51	Бджола східна	26	0	5	1.0
52	Бджола-муляр Лефебвра	10	0	2	1.0
53	Бджоли	3233	38	203	100.0
54	Бджолині	81	0	12	2.0
55	Бджоловидка	19	0	5	0.0
56	Бджоловидка звичайна	25	0	5	1.0
57	Бджоловидка лісова	1	0	1	0.0
58	Безвусикові	17	0	3	1.0
59	Бей-Бієнко Григорій Якович	18	0	4	1.0
60	Білан брукв'яний	28	0	3	1.0
61	Білан гірський	6	0	1	0.0
62	Білан жилкуватий	33	0	4	1.0
63	Білан капустяний	607	3	68	16.5
64	Білан ріпаковий	17	0	3	1.0
65	Біланові	59	0	6	1.5
66	Білокрилки	26	0	3	1.0
67	Білюх ріпаковий	14	0	3	0.0
68	Білюх степовий	8	0	2	0.0
69	Білюшок гірчичник	8	0	2	0.0
70	Білюшок Дюпоншеля	6	0	1	0.0
71	Білюшок Морзе	5	0	1	1.0
72	Бірманський бурштин	134	0	48	1.0
73	Бірроїдні	3	0	2	0.0
74	Бластобазиди	6	0	3	0.0
75	Блискітники	3	0	2	0.0
76	Блідий луговий метелик	2	0	1	0.0
77	Блідонога садова мурашка	19	0	5	1.0
78	Блішка бурякова звичайна	27	0	3	1.0
79	Блішка бурякова південна	12	0	5	1.0
80	Блішка льонова синя	27	0	8	1.0
81	Блішка смугаста хлібна	26	0	4	1.0
82	Блішки лляні	2	0	1	0.0
83	Блохи	1116	19	65	34.5
84	Блощиця постільна	243	5	24	10.0
85	Богомол звичайний	621	10	33	18.5
86	Богомоли	540	6	43	14.0
87	Богомольчик Гельдрейха	5	0	1	0.0
88	Богомольчик кримський	25	0	4	1.0
89	Боліварія короткокрила	35	0	5	1.0
90	Больбелязм однорогий	32	0	7	1.0
91	Бородін Дмитро Миколайович	6	0	2	0.0
92	Борошнистий червець	16	0	3	0.0
93	Борошнисті червеці	38	0	7	1.0
94	Борошняний кліщ	98	0	23	2.0
95	Бражник дубовий	108	0	11	3.0
96	Бражник карликовий	12	0	3	0.0
97	Бражник Комарова	2	0	1	0.0
98	Бражник Маака	1	0	1	0.0
99	Бражник мертва голова	479	3	55	12.0
100	Бражник олеандровий	27	0	4	1.0
101	Бражник очкастий	24	0	4	1.0
102	Бражник південний молочайний	13	0	3	0.0
103	Бражник підмаренниковий	7	0	3	0.0
104	Бражник прозерпіна	52	0	6	1.5
105	Бражник скабіозовий	33	0	3	1.0
106	Бражник тополевий	19	0	4	1.0
107	Бражник тютюновий	12	0	3	0.0
108	Бражник хорватський	15	0	3	1.0
109	Бражникові	304	0	33	8.5
110	Браконіди	16	0	4	1.0
111	Брахіцерус зморшкуватий	4	0	1	0.0
112	Бренівкові	36	0	6	1.0
113	Бронзівка волохата	110	0	15	2.0
114	Бронзівка гладка	40	0	7	1.0
115	Бронзівка мармурова	16	0	3	1.0
116	Бронзівка особлива	15	0	2	1.0
117	Бронзівки	47	0	4	1.0
118	Бронтоскорпіо	8	0	1	0.0
119	Букарка	40	0	9	1.0
120	Бупрестоїдні	4	0	3	0.0
121	Буравниця борщевична	7	0	2	0.0
122	Буряковий довгоносик-стеблоїд	35	0	5	1.0
123	Ванесса чорно-руда	44	0	10	1.0
124	Ведмедиці	40	0	6	1.0
125	Ведмедиця велика	118	0	12	4.0
126	Ведмедиця Геба	14	0	2	1.0
127	Ведмедиця Гера	34	0	6	1.0
128	Ведмедиця кайя	31	0	3	1.0
129	Ведмедиця-господиня	92	0	10	2.0
130	Велетенський мурашиний лев західний	36	0	3	2.0
131	Великий в'язовий заболонник	29	0	4	1.0
132	Великокрильці	14	0	2	1.0
133	Веслокрилі	18	0	5	0.0
134	Веснянка велика	54	0	5	1.0
135	Веснянки (комахи)	233	1	13	8.0
136	Віллі Хенніг	6	0	1	0.0
137	Вільгельм Фердинанд Еріхсон	0	0	0	0.0
138	Віялокрилі	24	0	4	1.0
139	Віялокрилки	6	0	3	0.0
140	Вовчок звичайний	716	9	45	20.0
141	Вогнівка акацієва	4	0	2	0.0
142	Вогнівка інжирна	15	0	3	1.0
143	Вогнівка яблунева	12	0	2	0.0
144	Вогнівки	31	0	5	1.0
145	Вогнівки-трав'янки	6	0	2	0.0
146	Водомірки	344	1	30	10.0
147	Водяні скорпіони	60	0	9	1.0
148	Волохокрилець звичайний	11	0	4	0.0
149	Волохокрильці	145	0	11	4.5
150	Воші	1718	32	86	49.0
151	Всеїдні жуки	30	0	4	1.0
152	Вузьконадкрил	3	0	2	0.0
153	Вузьконадкрил рудий	0	0	0	0.0
154	Вусач дубовий	19	0	3	1.0
155	Вусач дубовий великий західний	48	0	7	2.0
156	Вусач дубовий малий	26	0	4	1.0
157	Вусач земляний Мокржецького	2	0	1	0.0
158	Вусач ліщиновий	26	0	5	1.0
159	Вусач пахучий	4	0	2	0.0
160	Вусач пахучий мускусний	31	0	5	1.0
161	Вусач сірий кленовий	36	0	5	1.0
162	Вусач-булавоніг	7	0	5	0.0
163	Вусач-булавоніг кленовий угорський	3	0	1	0.0
164	Вусач-булавоніг пиловусий	2	0	1	0.0
165	Вусач-булавоніг рогатий	2	0	1	0.0
166	Вусач-булавоніг червононогий	1	0	1	0.0
167	Вусач-булавоніг чорний	5	0	1	0.5
168	Вусач-великозуб оленерогий	2	0	1	0.0
169	Вусач-коренеїд	33	0	22	0.0
170	Вусач-коренеїд елегантний	13	0	3	0.0
171	Вусач-коренеїд кримський	5	0	3	0.0
172	Вусач-коренеїд хрестоносець	27	0	4	1.0
173	Вусач-пурпуронадкрил Келера	10	0	4	1.0
174	Вусач-стенокор дубовий	0	0	0	0.0
175	Вусач-титан	1	0	1	0.0
176	Вусач-титан велетенський	46	0	5	1.0
177	Вусач-товстун	3	0	2	0.0
178	Вусач-товстун вербовий	4	0	2	0.0
179	Вусачик-акмеопс	1	0	1	0.0
180	Вусачик-акмеопс семикрапковий	7	0	3	0.0
181	Вусачі	252	0	17	7.0
182	Вусачі Українських Карпат	26	0	5	1.0
183	Вуховертка звичайна	214	0	15	7.0
184	Вуховертки	78	0	8	2.0
185	Гал (біологія)	164	0	26	4.0
186	Галеруцини	7	0	3	0.0
187	Галиці	22	0	3	1.0
188	Галиця виноградна	9	0	2	0.0
189	Галиця вічкова	31	0	18	0.5
190	Галиця пагонова смородинова	6	0	2	0.0
191	Галиця плодова грушева	5	0	3	0.0
192	Гармонія азійська	102	0	11	3.0
193	Гарячка паппатачі	186	0	32	5.0
194	Гемолімфа	359	2	28	9.0
195	Гемоціанін	145	0	8	5.0
196	Генрі Стентон	5	0	2	0.0
197	Георг Вольфганг Франц Панцер	8	0	3	0.0
198	Гігантський азійський шершень	100	0	8	3.0
199	Гілл-топпінг	10	0	2	0.0
200	Гіляров Меркурій Сергійович	33	0	5	1.0
201	Гіперметаморфоз	5	0	1	1.0
202	Гірняк Евриала	4	0	1	0.0
203	Гірняк ефіоп	5	0	2	0.5
204	Гірняк полонинець	5	0	1	0.0
205	Гірняк Проноя	2	0	1	0.0
206	Гірняк темнорудий	2	0	1	0.0
207	Гниди	447	9	24	13.0
208	Гнойовик звичайний	186	0	13	5.5
209	Гнус	170	0	13	5.5
210	Голова комах	126	0	18	3.0
211	Головогруди	33	0	5	1.0
212	Головотрубка	5	0	1	0.0
213	Головчак Актеон	4	0	2	0.0
214	Головчак Андромеда	3	0	2	0.0
215	Головчак великий рожаний	10	0	3	0.0
216	Головчак ґратчастий	0	0	0	0.0
217	Головчак жилкуватий	1	0	1	0.0
218	Головчак карчоховий	1	0	1	0.0
219	Головчак кома	7	0	1	0.0
220	Головчак крокісовий	4	0	1	0.0
221	Головчак кружало	3	0	2	0.0
222	Головчак лісовий	6	0	2	0.0
223	Головчак мальвовий	3	0	1	0.0
224	Головчак мозаїчний	3	0	1	0.0
225	Головчак Морфей	8	0	4	0.0
226	Головчак Палемон	3	0	1	0.0
227	Головчак поцяткований	10	0	2	0.5
228	Головчак Прото	1	0	1	0.0
229	Головчак серпійний	2	0	1	0.0
230	Головчак сида	1	0	1	0.0
231	Головчак строкатий	6	0	2	0.0
232	Головчак східний	5	0	2	0.0
233	Головчак Таґес	2	0	1	0.0
234	Головчак тире	7	0	3	0.0
235	Головчак французький	0	0	0	0.0
236	Головчак чистецевий	2	0	1	0.0
237	Головчак-лісовик	2	0	1	0.0
238	Головчаки	14	0	3	0.0
239	Голометабола	17	0	3	0.0
240	Горіхотворка дубова	28	0	5	1.0
241	Горохова попелиця	37	0	5	1.0
242	Гребенников Віктор Степанович	52	0	11	1.0
243	Грезе Микола Самуїлович	7	0	5	0.0
244	Грибоподібні тіла	23	0	4	1.0
245	Грилоблатиди	4	0	3	0.0
246	Гроссгейм Микола Альфонсович	4	0	2	0.0
247	Груди комах	110	0	15	3.0
248	Губоногі	103	0	9	3.0
249	Гусениця	763	7	56	22.5
250	Густав Майр	0	0	0	0.0
251	Ґедзеві	811	10	48	23.0
252	Ґедзь бичачий	48	0	5	1.0
253	Давньокрилі	29	0	8	1.0
254	Данаєць Хрисипп	8	0	2	0.0
255	Данилевський Олександр Сергійович	14	0	2	0.5
256	Двокрилі	450	3	34	11.5
257	Двопарноногі багатоніжки	59	0	6	1.0
258	Двопорі	7	0	3	0.0
259	Дендрометріни	1	0	1	0.0
260	Деревинник дубовий	22	0	5	1.0
261	Деревний богомол закавказький	9	0	1	0.0
262	Деревоточець осиковий	22	0	22	11.0
263	Дерновинні молі	3	0	2	0.0
264	Джміль	1644	21	106	50.0
265	Джміль альпійський	3	0	1	0.0
266	Джміль вересовищний	1	0	1	0.0
267	Джміль вірменський	23	0	5	1.0
268	Джміль Вурфлена	9	0	2	0.0
269	Джміль Герштеккера	1	0	1	0.0
270	Джміль гірський	1	0	1	0.0
271	Джміль глинистий	76	0	6	2.0
272	Джміль земляний	44	0	9	1.0
273	Джміль золотисто-підперезаний	1	0	1	0.0
274	Джміль кам'яний	20	0	5	0.0
275	Джміль кінський	5	0	2	0.0
276	Джміль лезус	19	0	4	0.0
277	Джміль луговий	8	0	1	0.0
278	Джміль мінливий	9	0	2	0.0
279	Джміль міський	13	0	4	0.0
280	Джміль моховий	184	1	16	5.0
281	Джміль незвичайний	11	0	3	0.0
282	Джміль норовий	9	0	2	0.0
283	Джміль оперезаний	14	0	3	1.0
284	Джміль пахучий	58	0	7	2.0
285	Джміль північний	0	0	0	0.0
286	Джміль підземний	64	0	4	2.0
287	Джміль піренейський	1	0	1	0.0
288	Джміль пластинчастозубий	8	0	1	0.0
289	Джміль польовий	15	0	3	0.5
290	Джміль полярний	2	0	1	0.0
291	Джміль садовий	14	0	3	0.0
292	Джміль Семенова-Тян-Шанського	2	0	1	0.0
293	Джміль угорський	0	0	0	0.0
294	Джміль червонуватий	33	0	4	1.0
295	Джміль яскравий	38	0	4	1.0
296	Джміль-зозуля білозадий	8	0	1	0.0
297	Джміль-зозуля бородатий	6	0	2	0.0
298	Джміль-чесальник	5	0	1	0.0
299	Джон Обадія Вествуд	8	0	2	0.0
300	Джордж Генрі Горн	3	0	2	0.0
301	Дзвінцеві	40	0	4	1.0
302	Дзюрчалки	165	0	15	5.0
303	Дибка степова	96	0	11	2.0
304	Династес	12	0	8	0.0
305	Династес Мая	1	0	1	0.0
306	Династес титис	3	0	1	0.0
307	Дихальце	36	0	6	1.0
308	Діапауза	203	0	24	4.0
309	Діаприїди	8	0	4	0.0
310	Діляри	5	0	3	0.0
311	Довговус	10	0	3	0.0
312	Довговусі	19	0	4	1.0
313	Довговусі прямокрилі	8	0	3	0.0
314	Довговуска білоплямиста	2	0	1	0.0
315	Довгоніжка шкідлива	17	0	3	1.0
316	Довгоносик бульбочковий смугастий	58	0	7	1.0
317	Довгоносик бульбочковий щетинистий	10	0	4	0.0
318	Довгоносик буряковий звичайний	84	0	7	2.0
319	Довгоносик візерунковий	11	0	3	1.0
320	Довгоносик грушевий	20	0	4	1.0
321	Довгоносик двокільовий	7	0	1	0.5
322	Довгоносик землистий	11	0	3	0.0
323	Довгоносик комірний	126	0	8	3.5
324	Довгоносик конюшиновий стебловий	8	0	2	0.0
325	Довгоносик ліщиновий	48	0	6	2.0
326	Довгоносик малинний	35	0	4	1.0
327	Довгоносик рисовий	28	0	4	1.0
328	Довгоносик сірий бруньковий	37	0	7	1.0
329	Довгоносик сірий буряковий	25	0	3	1.0
330	Довгоносики	293	2	25	9.0
331	Довгоносикоподібні	32	0	4	1.0
332	Дозорець-імператор	75	0	10	2.0
333	Домашній чорний павук	344	1	30	9.0
334	Дріофториди	9	0	2	0.5
335	Дрозофіла чорночерева	123	0	9	3.0
336	Дрозофіли	1331	4	85	39.0
337	Дукачик блакитнуватий	9	0	2	0.0
338	Дукачик бурий	4	0	2	0.0
339	Дукачик ватрак	8	0	2	0.0
340	Дукачик грянець	6	0	2	0.0
341	Дукачик непарний	15	0	2	1.0
342	Дукачик обочень	11	0	4	0.0
343	Дукачик Терсамон	2	0	1	0.0
344	Дукачик фіялковий	4	0	1	0.0
345	Дядечко Микола Платонович	16	0	5	1.0
346	Евцера вірменська	5	0	2	0.0
347	Евцера далматська	3	0	2	0.0
348	Ейлія іржава	9	0	2	0.0
349	Екдізон	11	0	3	0.0
350	Екологія комах	138	0	13	4.0
351	Елія гостроголова	229	2	26	6.0
352	Ембії	3	0	2	0.0
353	Емпуза	24	0	10	1.0
354	Емпуза піщана	45	0	5	2.0
355	Емпуза смугаста	53	0	6	1.5
356	Емпузові	10	0	5	0.0
357	Ентомологічна зброя	71	0	12	1.5
358	Ентомологічний музей Томаса Вітта	0	0	0	0.0
359	Ентомологічний сачок	10	0	2	1.0
360	Ентомологія	374	1	22	12.0
361	Ентомохорія	23	0	4	1.0
362	Ентоцид (Метаризин)	168	1	13	5.0
363	Еребіди	10	0	2	0.0
364	Ернст Людвиг Ташенберг	5	0	2	0.0
365	Євген Йоганн Крістоф Еспер	4	0	2	0.0
366	Жалібниця	173	1	20	4.0
367	Жало (тварин)	177	0	15	5.0
368	Жан Анрі Фабр	14	0	3	0.0
369	Жан Гійом Авдінет-Сервіль	4	0	2	0.0
370	Жирове тіло	184	1	13	6.0
371	Життєвий цикл комах	2521	8	169	65.0
372	Жовтюх	27	0	19	0.0
373	Жовтюх альфакарець	7	0	2	0.0
374	Жовтюх Ерато	5	0	2	0.0
375	Жовтюх осьмак	7	0	2	0.0
376	Жовтюх помаранчик	6	0	2	0.0
377	Жовтюх торфовищний	27	0	3	1.0
378	Жовтюх Хрисотеміда	7	0	2	0.0
379	Жовтюх шапранець	2	0	1	0.0
380	Жужелиця дама	8	0	3	0.0
381	Жужелиця Шеврола	4	0	1	0.0
382	Жук малиновий	50	0	6	1.0
383	Жук музейний	32	0	4	1.0
384	Жук хлібний	85	0	5	3.0
385	Жук-Геркулес	103	0	13	2.0
386	Жук-носоріг європейський	227	2	15	7.0
387	Жук-олень	1448	10	120	43.5
388	Жук-самітник	44	0	8	1.0
389	Жуки-бомбардири	108	0	9	3.0
390	Жуки-гнойовики	520	4	39	15.5
391	Жуки-горбатки	26	0	23	0.0
392	Жуки-точильники	233	2	17	6.0
393	Жуки-хижаки	90	0	9	3.0
394	Заболонник	16	0	3	1.0
395	Заболонник грабовий	21	0	4	1.0
396	Загуляєв Олексій Костянтинович	2	0	2	0.0
397	Захаренко Всеволод Борисович	26	0	14	1.0
398	Західна бурякова муха	5	0	1	0.0
399	Західний квітковий трипс	71	0	16	2.0
400	Зегрис Евфема	23	0	3	1.0
401	Зелена цитрусова попелиця	2	0	1	0.0
402	Зеленоочка	17	0	3	1.0
403	Земледухи	298	3	21	9.0
404	Зернова міль	35	0	4	1.0
405	Зерноїд бобовий	2	0	1	0.0
406	Зерноїд гороховий	26	0	3	1.0
407	Златка блискуча	17	0	3	1.0
408	Златка бронзова дубова	18	0	2	1.0
409	Златка смородинова вузькотіла	18	0	4	1.0
410	Златка чорна	29	0	6	1.0
411	Златки	74	0	15	1.0
412	Знаменський Олександр Васильович	7	0	6	0.0
413	Знойко Дмитро Васильович	12	0	2	0.0
414	Золотогуз	58	0	7	1.5
415	Золотоочки	207	2	17	6.0
416	Зораптери	17	0	6	0.0
417	Зоряниця Аврора	41	0	15	1.0
418	Зубарик стегнуватий	5	0	1	0.0
419	Зубарик чорнолапий	11	0	2	0.0
420	Іксодові кліщі	1315	23	63	41.0
421	Імаго	564	2	39	17.0
422	Інсектициди	943	8	60	27.5
423	Ірис плямистий	49	0	5	1.0
424	Історія диптерології	9	0	3	0.0
425	Їздці	123	0	9	4.0
426	Їздці-іхневмоніди	24	0	4	1.0
427	Йоганн Гайнріх Гохгут	1	0	1	0.0
428	Йоганн Зігфрід Гуфнагель	2	0	2	0.0
429	Йоганн Ігнац Шіффермюллер	4	0	2	0.0
430	Йоганн Карл Вільгельм Іллігер	6	0	2	0.0
431	Йоганн Каспар Фюсслі	4	0	2	0.0
432	Йоганн Фрідріх Вільгельм Гербст	3	0	2	0.0
433	Казарка (комаха)	39	0	3	1.0
434	Каламеута жовта	4	0	2	0.0
435	Каліфориди	51	0	7	2.0
436	Каптурники	8	0	2	0.0
437	Карадрина	5	0	1	0.0
438	Каракурт	2215	14	146	63.0
439	Карл Йоган Шенгерр	15	0	5	1.0
440	Карл Пенеке	6	0	2	0.0
441	Касти комах	35	0	6	1.0
442	Катаптерикс кримський	8	0	2	1.0
443	Квіткоїд грушевий	16	0	6	1.0
444	Квіткоїд ріпаковий	16	0	3	1.0
445	Квіткоїд яблуневий	32	0	6	1.0
446	Кененії	23	0	3	1.0
447	Кератофаги	22	0	6	1.0
448	Кержнер Ізяслав Мойсейович	8	0	2	0.0
449	Кириченко Олександр Миколайович	8	0	2	0.0
450	Ківсяки	96	0	15	2.0
451	Кістянки	48	0	5	1.0
452	Клітра	27	0	19	0.0
453	Клітрини	6	0	2	0.0
454	Кліщ собачий	522	6	28	16.5
455	Кліщі	3079	64	159	92.5
456	Клоп грушевий	10	0	3	0.0
457	Клоп маврський	7	0	2	0.0
458	Клоп шкідлива черепашка	144	1	13	3.5
459	Клоп щавлевий	7	0	2	0.0
460	Клоп-арлекін	5	0	2	0.0
461	Клопи	758	9	41	24.0
462	Книжковий скорпіон	120	0	41	2.0
463	Кобилка (Прямокрилі)	15	0	4	0.0
464	Кобилка хрестова	11	0	2	1.0
465	Ковалик смугастий	35	0	4	1.0
466	Ковалики	198	1	21	5.5
467	Коконопряди	24	0	11	0.0
468	Коконопрядоподібні	4	0	3	0.0
469	Колемболи	101	0	13	2.0
470	Колорадський жук	1293	15	84	37.5
471	Кольпа Клюге	2	0	1	0.0
472	Комар блискучий	11	0	7	0.0
473	Комар звичайний	384	2	31	11.5
474	Комарик черенковий	17	0	3	0.5
475	Комарі	1438	20	89	42.0
476	Комарівкові	5	0	3	0.0
477	Комахи	9280	75	538	309.5
478	Комахи в культурі	300	2	19	8.5
479	Комахозапилення	2138	9	171	55.0
480	Коник блакитнокрилий	12	0	4	0.0
481	Коник зелений	1005	10	102	28.0
482	Кордулегастер кільчастий	15	0	2	1.0
483	Коренегриз звичайний	18	0	3	1.0
484	Коретра	11	0	2	1.0
485	Корнєєв Валерій Олексійович	29	0	8	1.0
486	Корнумутілія	1	0	1	0.0
487	Корнумутілія чотирисмуга	9	0	1	1.0
488	Короїд	345	2	27	8.0
489	Короїд зморшкуватий	23	0	4	1.0
490	Короїд непарний багатоїдний	27	0	3	1.0
491	Короїд непарний західний	49	0	6	1.0
492	Короїди	150	0	15	4.0
493	Коромисла	39	0	9	1.0
494	Коромисло (рід)	28	0	4	1.0
495	Коротковусі двокрилі	18	0	2	1.0
496	Коротковусі прямокрилі	20	0	3	0.0
497	Кортодера волохата	1	0	1	0.0
498	Коршунов Юрій Петрович	4	0	1	0.0
499	Косарики (ентомологія)	262	2	26	6.0
500	Косатцеві	39	0	9	1.0
501	Косатці	6	0	3	0.0
502	Косатцюваті	11	0	3	0.0
503	Костянтин Гормузакі	10	0	2	0.0
504	Краброніди	13	0	4	0.5
505	Кравчик-головач	121	0	8	4.0
506	Красновуска Маккара	6	0	1	1.0
507	Красотіл пахучий	76	0	7	2.0
508	Красуня блискуча кримська	16	0	3	1.0
509	Красуня діва	68	0	8	2.0
510	Кривовусі крихітки-молі	10	0	2	0.0
511	Крила комах	567	2	50	15.5
512	Крилаті комахи	98	0	12	3.0
513	Криптохіл червонуватий	2	0	1	0.0
514	Кровососка оленяча	23	0	3	1.0
515	Круглошовні мухи	5	0	2	0.0
516	Круліковський Леонід Костянтинович	6	0	1	0.0
517	Крупноголови	7	0	7	0.0
518	Ксєнжопольський Антон Владиславович	6	0	1	0.0
519	Ксилокопа	57	0	25	1.0
520	Ксилокопа звичайна	106	1	8	3.0
521	Ксилокопа райдужна	16	0	3	1.0
522	Ксилокопа фіолетова	42	0	5	1.0
523	Ктир велетенський	31	0	4	1.0
524	Ктир шершенеподібний	26	0	5	1.0
525	Ктирі	56	0	5	2.0
526	Кубіталія чорна	8	0	2	0.5
527	Кукуїформні	1	0	1	0.0
528	Кукуйоїдні	5	0	3	0.0
529	Кутикула безхребетних	377	1	32	10.5
530	Левкоринія білолоба	6	0	1	0.0
531	Легіт березовий	8	0	1	0.0
532	Легіт дубовий	4	0	1	0.0
533	Лептура	6	0	2	0.0
534	Лептура етіопка	1	0	1	0.0
535	Лептура золотиста	10	0	2	0.0
536	Лептура кривонога	3	0	1	0.0
537	Лептура червоноспинкова	0	0	0	0.0
538	Лептура чотирисмуга	2	0	1	0.0
539	Лептура-коримбія	19	0	10	0.0
540	Лептурини	3	0	1	0.0
541	Листоблішка грушева	34	0	4	1.0
542	Листоблішка зонтична	8	0	2	0.0
543	Листоблішка яблунева	28	0	6	1.0
544	Листоблішки	31	0	7	1.0
545	Листоїд в'язовий	35	0	7	1.0
546	Листоїд рудий	1	0	1	0.0
547	Листоїд фіолетовий вільховий	15	0	2	1.0
548	Листоїди	107	0	17	2.0
549	Листокрутка брунькова	17	0	4	0.0
550	Листокрутка вербова кривовуса	10	0	2	0.0
551	Листокрутка виноградна	14	0	3	0.0
552	Листокрутка вишнева	9	0	1	1.0
553	Листокрутка кривовуса ліщинова	9	0	2	0.0
554	Листокрутка кривовуса смородинова	5	0	1	0.0
555	Листокрутка полохлива	8	0	2	0.0
556	Листокрутка різноколірна плодова	4	0	2	0.0
557	Листокрутка розанова	17	0	3	0.0
558	Листокрутка свинцевосмугаста	3	0	1	0.0
559	Листокрутка сітчаста	10	0	2	1.0
560	Листокрутка строкато-золотиста	3	0	2	0.0
561	Листокрутка сунична	9	0	2	0.0
562	Лівшиц Іссахар Зельманович	12	0	2	0.0
563	Ліксус катрановий	7	0	1	0.5
564	Лімнефіліди	5	0	3	0.0
565	Лубоїд пістрявий ясеновий	17	0	4	1.0
566	Лук'янович Федір Костянтинович	7	0	1	0.0
567	Лунка срібляста	9	0	3	0.0
568	Луски	939	5	69	27.0
569	Лускокрилі	2366	26	136	76.0
570	Лускокрилі на поштових марках СРСР	152	0	16	2.0
571	Лусочниця звичайна	278	0	39	6.5
572	Людвіг Гангльбауер	2	0	2	0.0
573	Людовико ді Капоріакко	9	0	4	0.0
574	Лялечка	361	2	31	8.0
575	Ляміїні	2	0	1	0.0
576	Лярра анафемська	26	0	12	1.0
577	М'якотілки	36	0	6	1.0
578	Макрофія тевтонська	0	0	0	0.0
579	Максили	68	0	9	2.0
580	Мальпігієві судини	834	2	96	19.0
581	Малярійні комарі	175	2	18	4.0
582	Мандибули	80	0	11	2.0
583	Мантиспові	6	0	3	0.0
584	Мариковський Павло Іустинович	38	0	4	1.0
585	Маріо Бецці	0	0	0	0.0
586	Матка (бджільництво)	244	1	18	8.0
587	Махаон (комаха)	947	2	70	26.0
588	Мацумура Шенен	2	0	1	0.0
589	Мегалара гаруда	2	0	1	0.0
590	Мегасекоптери	28	0	16	0.0
591	Мегахілиди	13	0	3	0.0
592	Медові мурашки	0	0	0	0.0
593	Мей Беренбаум	8	0	2	0.0
594	Мереживниця Галатея	9	0	2	0.0
595	Мереживниця російська	3	0	1	0.0
596	Мертвоїди	35	0	4	1.0
597	Метелівкові	21	0	6	0.5
598	Мікангій	10	0	2	0.0
599	Міксофаги	0	0	0	0.0
600	Міль бурякова мінуюча	16	0	4	1.0
601	Міль деревоточцева	6	0	1	0.0
602	Міль довговуса зелена	18	0	6	0.5
603	Міль довговуса фіолетова	2	0	1	0.0
604	Міль зонтична	6	0	3	0.0
605	Міль капустяна	17	0	3	0.0
606	Міль листкова	2	0	1	0.0
607	Міль плодова	27	0	5	1.0
608	Міль серпокрила персикова	11	0	2	1.0
609	Міль цибулева	9	0	2	0.0
610	Міль яблунева	32	0	3	1.0
611	Мінери	11	0	2	0.0
612	Мінливець великий	51	0	8	1.0
613	Мінливець малий	13	0	3	1.0
614	Мінливець Метис	6	0	2	0.0
615	Мокреці	37	0	5	1.0
616	Мокржецький Сигізмунд Олександрович	17	0	3	0.0
617	Молі довговусі	5	0	2	0.0
618	Молі-строкатки	11	0	3	0.0
619	Мольорх малий	0	0	0	0.0
620	Монарх (метелик)	767	6	50	23.5
621	Морімус	3	0	1	0.0
622	Морімус блакитний	13	0	3	0.0
623	Морімус справжній	8	0	2	0.0
624	Морфо	91	0	7	3.0
625	Москіт	85	0	17	2.0
626	Москіти	82	0	6	3.0
627	Мотиль	267	2	17	8.0
628	Мурашиний лев звичайний	77	0	8	2.0
629	Мурашині леви	66	0	7	1.5
630	Мурашки	3010	34	184	93.5
631	Муха вишнева	35	0	5	1.0
632	Муха гессенська	25	0	4	1.0
633	Муха капустяна весняна	19	0	3	1.0
634	Муха кімнатна	1444	11	84	43.0
635	Муха морквяна	9	0	1	0.0
636	Мухи	784	10	43	24.0
637	Мухи-стрічкокрилки	22	0	6	1.0
638	Мухоловка звичайна	843	8	55	24.0
639	Надкрила	156	0	16	4.0
640	Наличник (біологія)	6	0	3	0.0
641	Настінні павуки-краби	5	0	4	0.0
642	Неместриніди	2	0	2	0.0
643	Непарний шовкопряд	134	0	27	3.0
644	Неуротома фауста	0	0	0	0.0
645	Нівелія кров'янистонадкрила	6	0	1	1.0
646	Німфа (біологія)	228	0	16	7.0
647	Новокрилі	69	0	10	1.0
648	Ноги комах	587	5	42	18.5
649	Нозематоз бджіл	137	0	9	4.0
650	Ноліди	8	0	3	0.0
651	Носатки	6	0	3	0.0
652	Носачка-листовидка	29	0	3	1.0
653	Носачки	7	0	3	0.0
654	Нотум	11	0	2	1.0
655	Образцов Микола Сергійович	2	0	1	0.0
656	Оводи	450	3	38	13.5
657	Оглоблін Дмитро Олексійович	4	0	2	0.0
658	Оглоблін Олександр Олексійович	11	0	1	0.5
659	Одноденки	258	2	15	8.0
660	Однопорі	7	0	3	0.0
661	Оксамитниця аретуса	4	0	3	0.0
662	Оксамитниця Тарпея	4	0	2	0.0
663	Оксамитниця Ютта	5	0	2	0.0
664	Оліготоміди	4	0	2	0.0
665	Оматидій	41	0	4	1.0
666	Онтофаг	18	0	7	0.0
667	Опариш	341	1	31	7.0
668	Опістосома	19	0	5	1.0
669	Опостегіди	6	0	2	0.0
670	Орусус паразитичний	4	0	2	0.0
671	Орхідейний богомол	52	0	6	2.0
672	Оса	1030	16	62	28.5
673	Осадець білозір	6	0	1	0.0
674	Осадець великий	3	0	1	0.0
675	Осадець Егерія	8	0	2	0.0
676	Осадець Мегера	3	0	1	0.0
677	Осичнюк Ганна Захарівна	4	0	3	0.0
678	Осмилоїди	4	0	3	0.0
679	Осмія руда	86	1	15	2.0
680	Очняк вовчок	7	0	2	0.0
681	Очняк волове око	12	0	4	0.0
682	Очняк жовтогарячий	6	0	1	0.0
683	Очняк квітковий	5	0	1	0.0
684	Очняк Лікаон	6	0	2	0.0
685	Очняк ферульний	3	0	2	0.0
686	П'явиця синя	27	0	4	1.0
687	П'ядун аґрусовий	9	0	2	0.0
688	П'ядун березовий	137	0	10	4.0
689	П'ядун зимовий	40	0	6	1.0
690	П'ядун обведений	4	0	1	0.0
691	П'ядун щавлевий	4	0	2	0.0
692	П'ядуни	84	0	13	2.0
693	Павук жовтий	281	1	15	8.5
694	Павук-краб	15	0	4	0.0
695	Павук-сріблянка	460	3	51	13.0
696	Павук-хрестовик	1500	14	93	43.0
697	Павуки	3226	40	203	103.5
698	Павуки роду Argiope	2	0	1	0.0
699	Павуки-краби	88	0	8	2.5
700	Павуки-тенетники	55	0	11	1.5
701	Павуки-шовкопряди	23	0	4	1.0
702	Павукоподібні	2645	22	191	80.0
703	Павутинні кліщі	83	0	15	2.0
704	Панцирні кліщі	42	0	7	1.0
705	Паперові оси	70	0	21	2.0
706	Паразитоформні кліщі	89	0	8	2.5
707	Пасманець Сапфо	3	0	1	0.0
708	Пасманець струмковий	2	0	1	0.0
709	Пауроподи	28	0	4	1.0
710	Пахіта	0	0	0	0.0
711	Пахіта смугаста	0	0	0	0.0
712	Пахіта чотириплямиста	0	0	0	0.0
713	Пацюкова блоха	57	0	6	1.0
714	Педикульоз	1926	28	119	52.0
715	Пелекоцера широколоба	2	0	1	0.0
716	Первиннобезкрилі комахи	85	0	7	3.0
717	Передньоспинка	7	0	2	0.0
718	Перетинчастокрилі	407	4	26	11.5
719	Періодичні цикади	75	0	7	2.0
720	Перлівець Геката	3	0	1	0.0
721	Перлівець Дафна	4	0	2	0.0
722	Перлівець Евномія	3	0	2	0.0
723	Перлівець Єфросина	6	0	1	0.0
724	Перлівець Іно	3	0	1	0.0
725	Перлівець малий	6	0	2	0.0
726	Перлівець північний	5	0	1	0.0
727	Перлівець Селена	4	0	1	0.0
728	Перлівець Титанія	4	0	1	0.0
729	Петрункевич Олександр Іванович	7	0	2	0.0
730	Печерний коник кавказький	1	0	1	0.0
731	Пилкоротиця південна	2	0	1	0.0
732	Пилкохвіст	25	0	20	0.0
733	Пилкохвіст Болдирева	10	0	2	0.0
734	Пилкохвіст український	18	0	3	1.0
735	Пилові кліщі	284	2	16	9.0
736	Пильщик березовий	3	0	1	0.0
737	Пильщики	93	0	15	2.0
738	Північна бурякова муха	9	0	2	0.0
739	Піґулочники	4	0	3	0.0
740	Підглотковий ганглій	5	0	3	0.0
741	Підсрібник Адиппа	5	0	1	0.0
742	Підсрібник великий	10	0	3	0.0
743	Підсрібник габовий	3	0	1	0.0
744	Підсрібник Лаодіка	4	0	1	0.0
745	Підсрібник Латонія	8	0	2	0.0
746	Підсрібник Ніобея	4	0	2	0.0
747	Підсрібник Пандора	8	0	3	0.0
748	Плавунець облямований	159	0	14	5.0
749	Плавунець широкий	23	0	5	1.0
750	Плавунцеві	561	3	38	18.5
751	Плавунці	16	0	2	0.5
752	Пластинчастовусі	211	1	18	6.0
753	Платтяна воша	353	5	26	10.0
754	Плішивий шершень	17	0	3	1.0
755	Плодожерка яблунева	100	0	7	3.0
756	Плоский червоний кліщ	19	0	3	1.0
757	Плоскотілка червона	21	0	6	0.0
758	Плоскотілки	14	0	2	1.0
759	Плоскоходи	15	0	3	1.0
760	Політ комах	84	0	14	2.0
761	Пономаренко Олександр Георгійович	3	0	2	0.0
762	Попелиці	1096	7	94	34.5
763	Попелиця баштанна	21	0	3	1.0
764	Порчинський Йосип Алоїзович	10	0	2	1.0
765	Примарові	202	0	16	6.0
766	Принц Яків Іванович	0	0	0	0.0
767	Прихованохоботник стебловий капустяний	37	0	4	1.5
768	Прихованощелепні	35	0	6	1.0
769	Проноцера вузькотіла	8	0	2	1.0
770	Просте око у безхребетних	166	0	14	5.0
771	Прочанок	28	0	13	0.0
772	Прочанок Арканія	4	0	1	0.0
773	Прочанок болотяний	6	0	3	0.0
774	Прочанок Глікеріон	5	0	1	0.0
775	Прочанок Едип	4	0	2	0.0
776	Прочанок Леандр	2	0	1	0.0
777	Прочанок памфіл	19	0	5	1.0
778	Прус італійський	32	0	6	1.0
779	Прусак	103	1	9	3.0
780	Прусак рудий	318	3	31	9.5
781	Прямокрилі	302	1	32	9.0
782	Псарус черевастий	2	0	1	0.0
783	Псевдоскорпіони	86	0	8	3.0
784	Псевдофаенопс Якобсона	4	0	2	0.0
785	Псевдощитівки	17	0	3	1.0
786	Птахокрилка королеви Олександри	29	0	6	1.0
787	Птеростих	14	0	7	0.0
788	Пухоїди	42	0	4	1.0
789	Ранатра звичайна	15	0	3	1.0
790	Рафідофориди	7	0	3	0.0
791	Редувіїди	30	0	4	1.0
792	Рицинулеї	15	0	6	1.0
793	Рівнокрилі	100	0	9	3.0
794	Рівнокрилі бабки	59	0	5	2.0
795	Різнокрилі	42	0	5	1.0
796	Ріодініди	10	0	4	0.0
797	Рогач малий	31	0	5	1.0
798	Рогачі	48	0	7	1.0
799	Рогохвіст-авгур	5	0	1	0.0
800	Рогохвости	12	0	4	0.0
801	Родендорф Борис Борисович	2	0	2	0.0
802	Розкішні вузькокрилі молі	28	0	21	0.0
803	Ротовий апарат комах	778	2	54	23.5
804	Руднєв Дмитро Федорович	2	0	1	0.0
805	Рябець Аврелія	5	0	3	0.0
806	Рябець Авринія	6	0	3	0.0
807	Рябець арденнський	2	0	1	0.0
808	Рябець Аталія	7	0	3	0.0
809	Рябець Бритомартида	2	0	1	0.0
810	Рябець великий	9	0	2	0.5
811	Рябець діаміна	2	0	1	0.0
812	Рябець звичайний	5	0	3	0.0
813	Рябець рудий	6	0	2	0.0
814	Рябець Феба	3	0	2	0.0
815	Рябець червоний	10	0	2	0.5
816	Сарана	615	9	37	18.0
817	Сарана марокська	17	0	2	1.0
818	Сарана перелітна	363	1	35	9.0
819	Саранові	31	0	3	1.0
820	Саркофагіди	22	0	4	1.0
821	Сатир боровий	2	0	1	0.0
822	Сатир боровий південний	2	0	1	0.0
823	Сатир Брісеїда	2	0	1	0.0
824	Сатир буковий	4	0	1	0.0
825	Сатир Герміона	4	0	1	0.0
826	Сатир Дріада	3	0	2	0.0
827	Сатир Персефона	4	0	2	0.0
828	Сатир Цирцея	14	0	4	0.0
829	Сатурнієві	29	0	6	1.0
830	Сатурнія (метелик)	43	0	19	0.0
831	Сатурнія велика	112	1	8	3.0
832	Світлякові	262	2	16	8.0
833	Сидячечеревні	16	0	4	0.0
834	Сизириди	7	0	5	0.0
835	Симфіли	33	0	4	1.0
836	Синдром руйнування колоній	44	0	10	1.0
837	Синявець Алькон	8	0	1	0.0
838	Синявець Альцет	2	0	1	0.0
839	Синявець Антерос	3	0	1	0.0
840	Синявець Аргирогномон	6	0	3	0.0
841	Синявець Аргіад	8	0	2	0.0
842	Синявець Аргус	6	0	2	0.0
843	Синявець Аріон	13	0	8	0.0
844	Синявець вицвілий	2	0	2	0.0
845	Синявець Вікрама	5	0	1	0.0
846	Синявець голуб'як	5	0	2	0.0
847	Синявець гороховий	7	0	2	0.0
848	Синявець Дамон	3	0	1	0.0
849	Синявець Дамоне	1	0	1	0.0
850	Синявець евмедон	1	0	1	0.0
851	Синявець Ідас	6	0	2	0.0
852	Синявець Ікар	23	0	5	1.0
853	Синявець карликовий	2	0	1	0.0
854	Синявець конюшиновий	7	0	2	0.0
855	Синявець Коридон	2	0	1	0.0
856	Синявець кримський	1	0	1	0.0
857	Синявець крушиновий	2	0	1	0.0
858	Синявець Мелеагр	8	0	1	0.5
859	Синявець Озиріс	1	0	1	0.0
860	Синявець Оріон	2	0	1	0.0
861	Синявець Піритой	1	0	1	0.0
862	Синявець приязний	3	0	2	0.0
863	Синявець Рипарта	0	0	0	0.0
864	Синявець Телей	6	0	2	0.0
865	Синявець темно-синій	7	0	2	0.5
866	Синявець Терсит	4	0	2	0.0
867	Синявець торфовищний	3	0	2	0.0
868	Синявець туркусовий	2	0	1	0.0
869	Синявець хазарський	1	0	1	0.0
870	Синявець чорнуватий	5	0	2	0.0
871	Синявцеві	30	0	4	1.0
872	Сирф перев'язаний	8	0	3	0.0
873	Система Комстока-Нідема	3	0	2	0.0
874	Систематичний перелік родин жуків світу	36	0	5	1.0
875	Сінниця Геро	14	0	3	0.0
876	Сіноїди	24	0	5	1.0
877	Сітчастокрилі	72	0	7	2.0
878	Скарабей	69	0	6	2.0
879	Скарабей священний	717	6	43	20.5
880	Сколія-гігант	75	0	10	2.0
881	Сколопендра	564	9	32	16.5
882	Сколопендра гігантська	110	0	14	3.0
883	Сколопендра кільчаста	79	0	16	1.0
884	Сколопендра товста	7	0	1	0.0
885	Скорпіон кримський	161	0	19	4.0
886	Скорпіони	1512	16	81	48.5
887	Скорпіонові мухи	38	0	4	1.0
888	Слимакоїд кримський	41	0	5	1.0
889	Сліпняк буряковий	6	0	2	0.0
890	Сліпняк люцерновий	19	0	2	1.0
891	Слоник люцерновий	16	0	3	1.0
892	Совинський Вадим Васильович	1	0	1	0.0
893	Совка Агриппіна	16	0	4	0.0
894	Совка капустяна	19	0	2	1.0
895	Совка озима	82	0	11	2.0
896	Совка пірамідальна	10	0	2	0.0
897	Совка соснова	52	0	14	1.0
898	Совка-гамма	32	0	4	1.0
899	Совки	139	1	14	4.0
900	Совки-п'ядуни	5	0	4	0.0
901	Сольпуга звичайна	70	0	6	2.0
902	Сольпуги	248	1	21	7.0
903	Соміти	154	0	15	4.0
904	Сонечка	3191	48	159	105.5
905	Сонечко двокрапкове	165	1	13	4.0
906	Сонечко семикрапкове	879	6	48	27.5
907	Сонцевик адмірал	87	0	8	3.0
908	Сонцевик будяковий	98	0	12	3.0
909	Сонцевик кропив'яний	226	0	17	6.0
910	Сонцевик павиче око	367	3	29	10.0
911	Сонцевик фау-біле	14	0	5	1.0
912	Сонцевики	112	0	12	3.0
913	Сонцевичок змінний	19	0	4	0.0
914	Список аністид України	5	0	1	0.0
915	Список бабок Польщі	9	0	4	0.0
916	Список бабок Росії	1	0	1	0.0
917	Список бабок України	99	0	8	3.0
918	Список богомолів Алжиру	4	0	1	0.0
919	Список богомолів В'єтнаму	2	0	1	0.0
920	Список богомолів Європи	7	0	2	0.0
921	Список богомолів Непалу	3	0	1	0.0
922	Список богомолів Північної Македонії	2	0	1	0.0
923	Список богомолів України	93	0	8	3.0
924	Список богомолів Шрі-Ланки	4	0	1	0.0
925	Список видів бджіл Ізраїлю	4	0	1	0.0
926	Список видів бджіл Швеції	6	0	2	0.5
927	Список видів джмелів України	87	0	8	3.0
928	Список видів мурашок Грузії	0	0	0	0.0
929	Список видів мурашок Данії	0	0	0	0.0
930	Список видів мурашок Польщі	0	0	0	0.0
931	Список видів мурашок роду Camponotus	0	0	0	0.0
932	Список видів мурашок роду Crematogaster	0	0	0	0.0
933	Список видів мурашок Росії	0	0	0	0.0
934	Список видів мурашок України	0	0	0	0.0
935	Список видів мурашок Швеції	0	0	0	0.0
936	Список видів мурашок Шрі-Ланки	0	0	0	0.0
937	Список видів мурашок Індії	0	0	0	0.0
938	Список видів роду джміль	5	0	1	0.0
939	Список видів роду Aedes	0	0	0	0.0
940	Список видів роду Cicindela	1	0	1	0.0
941	Список вимерлих комах	11	0	6	0.0
942	Список вуховерток України	21	0	2	1.0
943	Список двокрилих Польщі	19	0	4	0.5
944	Список денних метеликів Азербайджану	3	0	1	0.0
945	Список денних метеликів Алжиру	3	0	1	0.0
946	Список денних метеликів Вірменії	5	0	2	0.0
947	Список денних метеликів Ірану	2	0	1	0.0
948	Список денних метеликів Намібії	3	0	2	0.0
949	Список денних метеликів Російської Федерації	8	0	4	0.0
950	Список денних метеликів Санкт-Петербурга і Ленінградської області	2	0	1	0.0
951	Список денних метеликів Туреччини	5	0	1	0.0
952	Список денних метеликів України	1223	8	95	39.0
953	Список денних метеликів Швеції	3	0	1	0.0
954	Список клопів України	56	0	50	0.0
955	Список комах, занесених до Червоної книги України	619	3	58	17.0
956	Список лускокрилих Австрії	7	0	4	0.0
957	Список лускокрилих Албанії	6	0	4	0.0
958	Список лускокрилих Андорри	5	0	3	0.0
959	Список лускокрилих Бахрейну	1	0	1	0.0
960	Список лускокрилих Бельгії	5	0	3	0.0
961	Список лускокрилих Білорусі	5	0	3	0.0
962	Список лускокрилих Болгарії	5	0	4	0.0
963	Список лускокрилих Боснії і Герцеговини	5	0	3	0.0
964	Список лускокрилих Греції	8	0	4	0.0
965	Список лускокрилих Данії	7	0	3	0.0
966	Список лускокрилих Естонії	6	0	4	0.0
967	Список лускокрилих Ірану	6	0	2	0.0
968	Список лускокрилих Кенії	4	0	1	0.0
969	Список лускокрилих Кіпру	6	0	4	0.0
970	Список лускокрилих Латвії	8	0	5	0.0
971	Список лускокрилих Литви	7	0	5	0.0
972	Список лускокрилих Ліхтенштейну	7	0	5	0.0
973	Список лускокрилих Люксембургу	14	0	9	0.0
974	Список лускокрилих Мадейри	90	0	87	1.0
975	Список лускокрилих Молдови	10	0	5	0.0
976	Список лускокрилих Намібії	2	0	1	0.0
977	Список лускокрилих Норвегії	15	0	5	0.0
978	Список лускокрилих Острова Пасхи	2	0	1	0.0
979	Список лускокрилих Островів Святої Єлени, Вознесіння і Тристан-да-Кунья	1	0	1	0.0
980	Список лускокрилих Північної Македонії	8	0	5	0.0
981	Список лускокрилих Польщі	7	0	5	0.0
982	Список лускокрилих Російської Федерації	13	0	3	0.0
983	Список лускокрилих Румунії	8	0	5	0.0
984	Список лускокрилих Сербії, Чорногорії та Косова	6	0	5	0.0
985	Список лускокрилих Словаччини	7	0	5	0.0
986	Список лускокрилих Танзанії	14	0	5	0.5
987	Список лускокрилих Угорщини	9	0	5	0.0
988	Список лускокрилих України	105	0	38	2.0
989	Список лускокрилих Фінляндії	7	0	4	0.0
990	Список лускокрилих Хорватії	10	0	4	0.0
991	Список лускокрилих Чехії	7	0	4	0.0
992	Список лускокрилих Швеції	10	0	5	0.0
993	Список лускокрилих Шрі-Ланки	7	0	1	0.0
994	Список метеликів родини Coleophoridae Туреччини	0	0	0	0.0
995	Список молей Туреччини	3	0	1	0.0
996	Список павуків Польщі	95	0	36	2.0
997	Список павуків Шрі-Ланки	3	0	1	0.0
998	Список прямокрилих України	29	0	5	1.0
999	Список скорпіонів Шрі-Ланки	1	0	1	0.0
1000	Список совок Туреччини	0	0	0	0.0
1001	Список тарганів Польщі	3	0	1	0.0
1002	Список турунів Білорусі	1	0	1	0.0
1003	Список турунів Естонії	4	0	1	0.0
1004	Список турунів Молдови	2	0	1	0.0
1005	Справжні ківсяки	10	0	3	0.0
1006	Справжні клопи	182	1	12	5.0
1007	Справжні коники	687	13	38	17.5
1008	Справжні оси	42	0	11	1.0
1009	Справжні попелиці	134	0	14	3.0
1010	Справжні цвіркуни	108	0	8	3.0
1011	Стафілін волохатий	13	0	3	0.0
1012	Стафілін пахучий	29	0	4	1.0
1013	Стебельчасточеревні	37	0	15	1.0
1014	Стенідея Ґенея	1	0	1	0.0
1015	Стенурелла	4	0	2	0.0
1016	Стерніт	52	0	6	1.0
1017	Странгалія	6	0	3	0.0
1018	Странґаліна вузькотіла	6	0	2	0.0
1019	Стрибуни	8	0	2	0.5
1020	Стрілка (бабка)	8	0	2	0.0
1021	Стрілка Ліндена	9	0	3	0.0
1022	Стрілка Меркурія	12	0	2	0.5
1023	Стрілки (родина)	20	0	6	0.0
1024	Стрільчатка псі	6	0	2	0.0
1025	Стрільчатка тризубець	3	0	1	0.0
1026	Стрільчатка щавлева	2	0	1	0.0
1027	Стрічкарка диз'юнктивна	3	0	1	0.0
1028	Стрічкарка Камілла	2	0	1	0.0
1029	Стрічкарка орденська малинова	19	0	5	1.0
1030	Стрічкарка тополева	21	0	5	1.0
1031	Стрічкарка червоно-жовта	2	0	1	0.0
1032	Стрічкарки	13	0	7	0.0
1033	Строкатки (метелики)	128	0	21	2.0
1034	Строкатокрилки	28	0	7	1.0
1035	Судова ентомологія	8	0	3	0.0
1036	Тагма	15	0	2	1.0
1037	Тарантул	1371	17	81	46.0
1038	Тарантул південноруський	631	7	51	17.0
1039	Тарган чорний	209	2	12	6.0
1040	Таргани	1070	16	63	32.0
1041	Тарганові перегони	14	0	4	0.0
1042	Тарганоподібні	28	0	7	1.0
1043	Твердокрилі	1246	14	76	41.0
1044	Теленга Микола Абрамович	12	0	2	0.0
1045	Тельсон	26	0	4	1.0
1046	Тенебріоноїдні	8	0	6	0.0
1047	Теодор Генрі Фрісон	0	0	0	0.0
1048	Тер-Мінасян Маргарита Єрвандівна	4	0	2	0.0
1049	Тергіт	40	0	4	1.0
1050	Терміти	415	3	23	12.5
1051	Тетригіди	11	0	5	0.0
1052	Товкунчикові	4	0	3	0.0
1053	Томарес Каллімах	3	0	1	0.0
1054	Томас Волластон	3	0	2	0.0
1055	Тонкі ківсяки	6	0	2	0.0
1056	Тонкопряди	8	0	3	0.0
1057	Тонкочеревець Фонсколомба	6	0	3	0.0
1058	Торакс (зоологія)	31	0	3	1.0
1059	Трахеї	537	0	50	16.5
1060	Трахейнодишні	67	0	8	1.0
1061	Триктенотоміди	4	0	3	0.0
1062	Трипси	105	0	17	2.5
1063	Тріскачка ширококрила	11	0	2	1.0
1064	Тромбідіформні кліщі	89	0	57	1.0
1065	Трубкокрут березовий	15	0	4	0.0
1066	Трубкокрут глодовий	11	0	3	0.0
1067	Трубкокрут дубовий	9	0	2	0.0
1068	Трубкокрут ліщиновий	6	0	2	0.0
1069	Трубкокрут мідний	8	0	2	0.0
1070	Трубкокрути	8	0	3	0.0
1071	Трубконосики	2	0	1	0.0
1072	Трутень	603	11	34	17.5
1073	Турун	359	2	38	8.5
1074	Турун бесарабський	6	0	1	1.0
1075	Турун Менетріє	8	0	3	0.0
1076	Турун печерний Дублянського	5	0	2	0.0
1077	Турун угорський	11	0	2	0.5
1078	Турун Фабра	1	0	1	0.0
1079	Турун Фабра український	44	0	5	2.0
1080	Турун хлібний	46	0	5	1.0
1081	Турун Щеглова	8	0	2	0.0
1082	Туруни	346	1	29	10.0
1083	Туруноїдні	7	0	5	0.0
1084	Уваров Борис Петрович	14	0	3	0.5
1085	Фасеткове око	841	1	79	23.0
1086	Філіпп Христоф Целлер	14	0	3	0.0
1087	Філоксера виноградна	118	0	12	3.0
1088	Фредерік Мур	1	0	1	0.0
1089	Френсіс Песко	13	0	3	0.0
1090	Хвостюшки	7	0	3	0.0
1091	Хвостюшок акацієвий	2	0	1	0.0
1092	Хвостюшок в'язовий	3	0	2	0.0
1093	Хвостюшок падубник	2	0	1	0.0
1094	Хвостюшок підзелень	9	0	4	0.0
1095	Хвостюшок сливовий	5	0	2	0.0
1096	Хвостюшок терновий	6	0	1	0.0
1097	Хижі жуки	164	0	22	4.0
1098	Хітин	1219	11	97	32.5
1099	Хоботкові метелики	11	0	2	0.0
1100	Хореутиди	8	0	5	0.0
1101	Хребтоплав звичайний	17	0	3	1.0
1102	Хризоліна	21	0	11	0.0
1103	Хризомеліни	3	0	3	0.0
1104	Хрущ	2151	14	141	60.5
1105	Хрущ волохатий	77	0	7	2.0
1106	Хрущ мармуровий	149	0	12	4.0
1107	Хрущ травневий	8680	58	723	258.0
1108	Хрущак борошняний	96	0	12	2.0
1109	Хрущі	234	2	24	6.0
1110	Царічкова Діана Борисівна	3	0	2	0.0
1111	Цвіркун польовий	192	0	15	5.5
1112	Цвіркуни	212	0	24	6.0
1113	Целонітес абревіатус кримський	1	0	1	0.0
1114	Церамбікоїдні	2	0	1	0.0
1115	Цератофій багаторогий	18	0	4	1.0
1116	Цеце	554	5	46	15.0
1117	Цикади	336	3	20	10.0
1118	Цикадки	43	0	4	1.0
1119	Чарльз Ротшильд	11	0	3	0.0
1120	Чекініола пластисцелідина	6	0	1	1.0
1121	Червеці	27	0	4	1.0
1122	Червець	180	1	17	5.0
1123	Червиця пахуча	35	0	14	1.0
1124	Червневий хрущ	49	0	5	1.0
1125	Червоноклоп червоний	3779	17	960	50.0
1126	Червонолоб	6	0	4	0.0
1127	Червчик Комстока	9	0	2	0.0
1128	Черевце	96	1	7	3.0
1129	Черевце комах	97	0	8	2.5
1130	Чорнотілки	74	0	9	2.0
1131	Чохликові молі	5	0	3	0.0
1132	Чубатка пишновуса	4	0	2	0.0
1133	Шапіро Дора Самійлівна	4	0	1	0.0
1134	Шведські мухи	28	0	4	1.0
1135	Шелюжко Лев Андрійович	30	0	4	1.0
1136	Шершень	711	8	41	21.0
1137	Шершень звичайний	201	1	31	5.0
1138	Шершень східний	20	0	4	0.5
1139	Шизоміди	20	0	5	1.0
1140	Шкіроїди	93	1	6	3.0
1141	Шовкопряд салатний	4	0	1	0.0
1142	Шовкопряд шовковичний	1542	11	95	47.5
1143	Шовкопряди	28	0	4	1.0
1144	Шовкопряди похідні	9	0	3	0.0
1145	Щербатка c-біле	25	0	3	1.0
1146	Щетинкохвості	24	0	3	1.0
1147	Щитівки	78	0	10	2.0
1148	Щитники	47	0	13	1.0
1149	Щупальця	66	0	7	2.0
1150	Явище флюоресценції у скорпіонів	7	0	2	1.0
1151	Яйцеклад	80	0	12	2.0
1152	Яцентковський Олексій Володимирович	4	0	3	0.0
1153	Aaaba	4	0	2	0.0
1154	Aaata finchi	6	0	2	0.0
1155	Abax	11	0	3	0.0
1156	Abiromorphus anceyi	5	0	4	0.0
1157	Ableptina	1	0	1	0.0
1158	Acalyptratae	2	0	1	0.0
1159	Acanthaeschna victoria	6	0	4	0.0
1160	Acantholycosa	1	0	1	0.0
1161	Acanthopsychops triaina	9	0	5	0.0
1162	Acanthopteroctetidae	6	0	3	0.0
1163	Aconurella	1	0	1	0.0
1164	Acorius	2	0	1	0.0
1165	Acostemminae	2	0	1	0.0
1166	Acraea horta	1	0	1	0.0
1167	Acromyrmex	4	0	2	0.0
1168	Acronicta	4	0	2	0.0
1169	Actenicerus	2	0	1	0.0
1170	Actenicerus alternatus	0	0	0	0.0
1171	Adela croesella	2	0	1	0.0
1172	Adela cuprella	1	0	1	0.0
1173	Adelomyrmex	2	0	2	0.0
1174	Adelowalkeria	1	0	1	0.0
1175	Adelpholeon lithophorus	9	0	5	0.0
1176	Adosomus	8	0	2	0.0
1177	Adosomus roridus	4	0	1	0.0
1178	Adrapsa	2	0	1	0.0
1179	Adrapsoides	1	0	1	0.0
1180	Aedes	40	0	5	1.0
1181	Aedes aegypti	27	0	4	1.0
1182	Aedes albopictus	41	0	10	1.0
1183	Aedes dorsalis	0	0	0	0.0
1184	Aedes nigromaculis	1	0	1	0.0
1185	Aenictus	1	0	1	0.0
1186	Aethiocarenus burmanicus	6	0	3	0.0
1187	Afghanocleonus	4	0	2	0.0
1188	Afrolarinus	3	0	2	0.0
1189	Agabinae	3	0	1	0.0
1190	Agapanthia amicula	0	0	0	0.0
1191	Agapanthia angelicae	0	0	0	0.0
1192	Agapanthia annularis	0	0	0	0.0
1193	Agapanthia asphodeli	0	0	0	0.0
1194	Agapanthia detrita	0	0	0	0.0
1195	Agapanthia pesarinii	1	0	1	0.0
1196	Agelenidae	12	0	3	0.0
1197	Agelenoidea	1	0	1	0.0
1198	Ageleradix	7	0	7	0.0
1199	Ageleradix cymbiforma	0	0	0	0.0
1200	Ageleradix otiforma	0	0	0	0.0
1201	Agonum	11	0	8	0.0
1202	Agonum dolens	0	0	0	0.0
1203	Agonum ericeti	1	0	1	0.0
1204	Agonum gracilipes	0	0	0	0.0
1205	Agonum lugens	0	0	0	0.0
1206	Agonum sexpunctatum	0	0	0	0.0
1207	Agonum versutum	0	0	0	0.0
1208	Agraeciini	4	0	3	0.0
1209	Agraulis vanillae	3	0	1	0.0
1210	Agrilus	2	0	1	0.0
1211	Aguriahana	1	0	1	0.0
1212	Albicostella	1	0	1	0.0
1213	Alcidion	1	0	1	0.0
1214	Alebra	2	0	1	0.0
1215	Alelimma	1	0	1	0.0
1216	Aleocharinae	4	0	1	0.0
1217	Allantinae	1	0	1	0.0
1218	Allolarinus	4	0	2	0.0
1219	Alobaldia	1	0	1	0.0
1220	Alpigenobombus	2	0	1	0.0
1221	Alucita budashkini	16	0	15	0.5
1222	Alucita bulgaria	2	0	1	0.0
1223	Alucita desmodactyla	2	0	1	0.0
1224	Alucita karadagica	1	0	1	0.0
1225	Alucita pliginskii	1	0	1	0.0
1226	Alysiinae	0	0	0	0.0
1227	Amarixys	3	0	2	0.0
1228	Amarixys gracilis	0	0	0	0.0
1229	Ameles	8	0	2	0.0
1230	Ameles assoi	0	0	0	0.0
1231	Ameles decolor	1	0	1	0.0
1232	Ameles fasciipennis	9	0	5	0.0
1233	Ameles gracilis	0	0	0	0.0
1234	Ameles limbata	1	0	1	0.0
1235	Ameles spallanzania	1	0	1	0.0
1236	Amelinae	2	0	1	0.0
1237	Amelini	3	0	1	0.0
1238	Amimenus	2	0	1	0.0
1239	Ammocleonus	3	0	2	0.0
1240	Amselina cedestiella	1	0	1	0.0
1241	Analgoidea	2	0	1	0.0
1242	Anaplectoides	3	0	1	0.0
1243	Anapoma	3	0	2	0.0
1244	Anareolatae	2	0	1	0.0
1245	Aneuretus simoni	5	0	1	0.0
1246	Anomala binotata	0	0	0	0.0
1247	Anomaloninae	2	0	1	0.0
1248	Anopheles	154	0	17	4.0
1249	Anopheles (підрід)	6	0	2	0.0
1250	Anopheles freeborni	6	0	2	0.0
1251	Anopheles minor	6	0	2	0.0
1252	Anoplognathini	1	0	1	0.0
1253	Anoplura	67	0	6	2.0
1254	Anthobiodes	2	0	1	0.0
1255	Anthophila abhasica	2	0	1	0.0
1256	Anthrenus	7	0	2	0.0
1257	Apamea	12	0	9	0.0
1258	Apamea barbara	0	0	0	0.0
1259	Apamea glenura	2	0	1	0.0
1260	Apameini	1	0	1	0.0
1261	Aparotopus	1	0	1	0.0
1262	Aphelinidae	4	0	1	0.0
1263	Aphidiinae	4	0	2	0.0
1264	Aphidoletes	5	0	3	0.0
1265	Aphis	3	0	3	0.0
1266	Aphis baccharicola	1	0	1	0.0
1267	Aphonopelma bacadehuachi	6	0	2	0.0
1268	Aphthartopsychops scutatus	9	0	5	0.0
1269	Aphthona herbigrada	0	0	0	0.0
1270	Aphthona melancholica	1	0	1	0.0
1271	Aplesilus	1	0	1	0.0
1272	Apleurus	1	0	1	0.0
1273	Apoditrysia	1	0	1	0.0
1274	Apoidea	39	0	10	1.0
1275	Aprosthema	9	0	5	0.0
1276	Aptenoperissus	8	0	7	0.0
1277	Aptenoperissus etius	4	0	2	0.0
1278	Aptenoperissus magnifemoris	6	0	4	0.0
1279	Aptenoperissus pusillus	3	0	2	0.0
1280	Apteromantis	2	0	1	0.0
1281	Apteromantis aptera	3	0	2	0.0
1282	Apteropeda	1	0	1	0.0
1283	Araneoidea	3	0	1	0.0
1284	Arbelana	1	0	1	0.0
1285	Arboridia	1	0	1	0.0
1286	Archaeocercus schuvachinae	5	0	5	0.0
1287	Archaeolepis mane	5	0	4	0.0
1288	Archiearinae	1	0	1	0.0
1289	Archiinocellia oligoneura	4	0	4	0.0
1290	Architendipedidae	2	0	1	0.0
1291	Archizelmiridae	2	0	1	0.0
1292	Archocyrtus	4	0	3	0.0
1293	Archocyrtus kovalevi	3	0	1	0.0
1294	Arctiinae	4	0	1	0.0
1295	Arctoperlaria	1	0	1	0.0
1296	Arge pallidinervis	0	0	0	0.0
1297	Argema	3	0	2	0.0
1298	Argema mittrei	14	0	5	0.0
1299	Argiope	59	0	10	1.0
1300	Argiope aemula	4	0	1	0.0
1301	Argiope aetheroides	1	0	1	0.0
1302	Argiope amoena	2	0	1	0.0
1303	Argiope anasuja	2	0	1	0.0
1304	Argiope argentata	5	0	2	0.0
1305	Argiope aurantia	8	0	2	0.0
1306	Argiope boesenbergi	2	0	1	0.0
1307	Argiope catenulata	1	0	1	0.0
1308	Argiope chloreis	1	0	1	0.0
1309	Argiope dang	2	0	1	0.0
1310	Argiope doleschalli	1	0	1	0.0
1311	Argiope hoiseni	4	0	2	0.0
1312	Argiope lobata	174	1	15	5.0
1313	Argiope mangal	1	0	1	0.0
1314	Argiope minuta	2	0	1	0.0
1315	Argiope modesta	1	0	1	0.0
1316	Argiope ocula	1	0	1	0.0
1317	Argiope perforata	1	0	1	0.0
1318	Argiope picta	2	0	1	0.0
1319	Argiope pulchella	10	0	6	0.0
1320	Argiope reinwardti	1	0	1	0.0
1321	Argiope trifasciata	2	0	1	0.0
1322	Argynnini	2	0	1	0.0
1323	Argyresthia albistria	1	0	1	0.0
1324	Argyresthia bergiella	2	0	1	0.0
1325	Argyresthia bonnetella	2	0	1	0.0
1326	Argyresthia brockeella	1	0	1	0.0
1327	Argyresthia conjugella	2	0	1	0.0
1328	Argyresthia fundella	4	0	1	0.0
1329	Argyresthia glabratella	1	0	1	0.0
1330	Argyresthia goedartella	4	0	1	0.0
1331	Argyresthia illuminatella	1	0	1	0.0
1332	Argyresthia ivella	1	0	1	0.0
1333	Argyresthia laevigatella	3	0	2	0.0
1334	Argyresthia praecocella	2	0	1	0.0
1335	Argyresthia pruniella	1	0	1	0.0
1336	Argyresthia pygmaeella	2	0	1	0.0
1337	Argyresthia retinella	2	0	1	0.0
1338	Argyresthia semifusca	3	0	1	0.0
1339	Argyresthia sorbiella	2	0	1	0.0
1340	Argyrotaenia brimuncus	0	0	0	0.0
1341	Aricia artaxerxes	4	0	2	0.0
1342	Arractocetus	1	0	1	0.0
1343	Aruena apicimaculata	4	0	2	0.0
1344	Ascalenia viviparella	1	0	1	0.0
1345	Ascouracaridae	1	0	1	0.0
1346	Asiarge	6	0	5	0.0
1347	Asiarge centralis	3	0	1	0.0
1348	Asiarge regeli	1	0	1	0.0
1349	Asinocleonus	1	0	1	0.0
1350	Asiochaoboridae	2	0	1	0.0
1351	Asphondylia	1	0	1	0.0
1352	Aspidiotinae	4	0	2	0.0
1353	Asproparthenis	6	0	1	0.0
1354	Atactogaster	1	0	1	0.0
1355	Atherigoninae	1	0	1	0.0
1356	Athysanella	1	0	1	0.0
1357	Athysanopsis	1	0	1	0.0
1358	Athysanus	1	0	1	0.0
1359	Atolmis rubricollis	1	0	1	0.0
1360	Atrax sutherlandi	0	0	0	0.0
1361	Atta	14	0	5	0.0
1362	Atta cephalotes	4	0	1	0.0
1363	Atta colombica	4	0	3	0.0
1364	Atta texana	3	0	1	0.0
1365	Atta vollenweideri	7	0	4	0.0
1366	Attacus atlas	64	0	8	2.0
1367	Attercopus fimbriunguis	7	0	4	0.0
1368	Austroasca	1	0	1	0.0
1369	Austroplatypus incompertus	3	0	1	0.0
1370	Autostichidae	3	0	1	0.0
1371	Azteca alfari	2	0	1	0.0
1372	Aztecarpalus	3	0	1	0.0
1373	Balclutha	1	0	1	0.0
1374	Balinskycercella	6	0	2	0.0
1375	Bambusana	1	0	1	0.0
1376	Bangasternus	1	0	1	0.0
1377	Baranowskiella ehnstromi	5	0	4	0.0
1378	Barbitistes constrictus	5	0	1	0.0
1379	Barbitistini	3	0	1	0.0
1380	Bathyphlebia	1	0	1	0.0
1381	Batrachedra pinicolella	1	0	1	0.0
1382	Batrachedra praeangusta	1	0	1	0.0
1383	Batrachedridae	2	0	1	0.0
1384	Batrisini	1	0	1	0.0
1385	Bedellia	1	0	1	0.0
1386	Belgica antarctica	30	0	5	1.0
1387	Bellinympha	5	0	2	0.0
1388	Besuchetiella	1	0	1	0.0
1389	Blaberidae	8	0	1	0.0
1390	Blastobasis phycidella	2	0	1	0.0
1391	Blastobasis ponticella	1	0	1	0.0
1392	Blattellidae	7	0	2	0.0
1393	Blattuloidea	5	0	2	0.0
1394	Blepharodinae	4	0	2	0.0
1395	Blepharopsis mendica	7	0	4	0.0
1396	Bobacella	1	0	1	0.0
1397	Bocana	5	0	4	0.0
1398	Bodemeyeria	1	0	1	0.0
1399	Boganiidae	3	0	1	0.0
1400	Boletobiinae	2	0	1	0.0
1401	Bolivaria	9	0	3	0.0
1402	Bombus melanopygus	0	0	0	0.0
1403	Bombus sylvarum	9	0	3	0.0
1404	Bombus transversalis	0	0	0	0.0
1405	Bombus tricornis	0	0	0	0.0
1406	Bombus trinominatus	0	0	0	0.0
1407	Bombus unicus	2	0	1	0.0
1408	Bothriurus olaen	0	0	0	0.0
1409	Bothrogonia	2	0	1	0.0
1410	Bothynoderes	6	0	2	0.0
1411	Brachodes pumila	1	0	1	0.0
1412	Brachyceridae	2	0	1	0.0
1413	Brachycerinae	2	0	1	0.0
1414	Brachycerini	1	0	1	0.0
1415	Brachycerus	9	0	2	0.0
1416	Brachycleonus	3	0	2	0.0
1417	Brachysternus	9	0	9	0.0
1418	Brachysternus angustus	1	0	1	0.0
1419	Brachysternus germaini	0	0	0	0.0
1420	Brachysternus marginatus	0	0	0	0.0
1421	Brachysternus patagoniensis	1	0	1	0.0
1422	Brachysternus prasinus	0	0	0	0.0
1423	Brachysternus solier	0	0	0	0.0
1424	Brachysternus spectabilis	0	0	0	0.0
1425	Bracon hebetor	8	0	3	0.0
1426	Broconius	5	0	1	0.0
1427	Bryodemella	4	0	2	0.0
1428	Bubas bubalus	2	0	1	0.0
1429	Bubopsis agrionoides	1	0	1	0.0
1430	Buccinatormyia	11	0	5	0.0
1431	Bucculatrix albedinella	2	0	1	0.0
1432	Bucculatrix anthemidella	1	0	1	0.0
1433	Bucculatrix argentisignella	15	0	14	0.0
1434	Bucculatrix artemisiella	3	0	1	0.0
1435	Bucculatrix bechsteinella	2	0	1	0.0
1436	Bucculatrix cidarella	19	0	18	0.0
1437	Bucculatrix demaryella	14	1	13	7.0
1438	Bucculatrix frangutella	1	0	1	0.0
1439	Bucculatrix gnaphaliella	1	0	1	0.0
1440	Bucculatrix infans	1	0	1	0.0
1441	Bucculatrix maritima	2	0	1	0.0
1442	Bucculatrix nigricomella	1	0	1	0.0
1443	Bucculatrix noltei	3	0	1	0.0
1444	Bucculatrix paliuricola	1	0	1	0.0
1445	Bucculatrix thoracella	3	0	1	0.5
1446	Bucculatrix ulmella	1	0	1	0.0
1447	Bucculatrix ulmicola	1	0	1	0.0
1448	Bucculatrix ulmifoliae	1	0	1	0.0
1449	Bulbitermes	2	0	1	0.0
1450	Buprestinae	1	0	1	0.0
1451	Buprestis	2	0	1	0.0
1452	Buratina truncata	10	0	5	0.0
1453	Burmanopetalum inexpectatum	19	0	8	0.0
1454	Burmocorynus jarzembowski	11	0	5	0.0
1455	Burmogramma liui	7	0	4	0.0
1456	Burmomacer kirejtshuki	9	0	5	0.0
1457	Burmopsychops	4	0	1	0.0
1458	Cacopsylla	12	0	6	0.0
1459	Cacopsylla costalis	1	0	1	0.0
1460	Cacopsylla crataegi	0	0	0	0.0
1461	Cacopsylla cretica	0	0	0	0.0
1462	Cacopsylla curta	0	0	0	0.0
1463	Cacopsylla difficilis	0	0	0	0.0
1464	Cacopsylla dilonchi	0	0	0	0.0
1465	Cacopsylla elegantula	0	0	0	0.0
1466	Cacopsylla exima	0	0	0	0.0
1467	Calamoceratidae	1	0	1	0.0
1468	Caligula	12	0	4	0.0
1469	Callistolixus	3	0	1	0.0
1470	Calodemas	2	0	1	0.0
1471	Calopterygoidea	2	0	2	0.0
1472	Calyptratae	2	0	1	0.0
1473	Camponotus	40	0	12	1.0
1474	Camponotus rufoglaucus	2	0	1	0.0
1475	Camponotus vagus	28	0	3	1.0
1476	Camptopterohelea odora	4	0	4	0.0
1477	Carabinae	8	0	3	0.0
1478	Carparachne	2	0	1	0.0
1479	Carparachne aureoflava	2	0	1	0.0
1480	Catocalini	5	0	1	0.0
1481	Cauchas fibulella	1	0	1	0.0
1482	Cecidomyiinae	4	0	1	0.0
1483	Centrocleonus	1	0	1	0.0
1484	Cerambyx welensii	0	0	0	0.0
1485	Ceratocampinae	1	0	1	0.0
1486	Chalcophora mariana	7	0	1	0.0
1487	Charaxes candiope	3	0	2	0.0
1488	Chauliognathus pensylvanicus	2	0	2	0.0
1489	Cheiracanthium inclusum	9	0	2	0.0
1490	Chilocorus bipustulatus	1	0	1	0.0
1491	Chilognatha	3	0	1	0.0
1492	Chimerarachne yingi	7	0	4	0.0
1493	Chironomoidea	2	0	1	0.0
1494	Chlidanotinae	1	0	1	0.0
1495	Chorthippus dorsatus	0	0	0	0.0
1496	Chromonotus	3	0	1	0.0
1497	Chromosomus	2	0	1	0.0
1498	Chrysididae	19	0	4	0.0
1499	Chrysidoidea	6	0	1	0.0
1500	Chrysis comparata	0	0	0	0.0
1501	Chrysis fulgida	1	0	1	0.0
1502	Chrysis pulchella	0	0	0	0.0
1503	Chrysis zetterstedti	0	0	0	0.0
1504	Chrysolina (підрід)	0	0	0	0.0
1505	Chrysops	31	0	10	1.0
1506	Chthonioidea	2	0	1	0.0
1507	Cicadula	1	0	1	0.0
1508	Cicindela	7	0	2	0.0
1509	Cicindela hybrida	5	0	1	0.0
1510	Cicindelina	1	0	1	0.0
1511	Cicindelinae	8	0	2	0.0
1512	Cicindelini	1	0	1	0.0
1513	Cimicoidea	2	0	1	0.0
1514	Cimicomorpha	3	0	1	0.0
1515	Citheronia	3	0	1	0.0
1516	Citioica	1	0	1	0.0
1517	Cladofer huangi	10	0	5	0.0
1518	Cleonini	17	0	15	0.0
1519	Cleonis	5	0	2	0.0
1520	Cleonolithus	7	0	2	1.0
1521	Cleridae	10	0	3	0.0
1522	Clistopyga crassicaudata	1	0	1	0.0
1523	Clitumninae	3	0	2	0.0
1524	Clytra appendicina	0	0	0	0.0
1525	Clytra atraphaxidis	1	0	1	0.0
1526	Cnemodontus	2	0	1	0.0
1527	Coccidulinae	5	0	2	0.0
1528	Coccinellinae	5	0	1	0.0
1529	Coccophagus	6	0	4	0.0
1530	Coccophagus lycimnia	0	0	0	0.0
1531	Coccophagus maculipennis	2	0	1	0.0
1532	Coccophagus malthusi	0	0	0	0.0
1533	Coccophagus margaritatus	3	0	1	0.0
1534	Coelidiinae	4	0	1	0.0
1535	Coenagrionoidea	1	0	1	0.0
1536	Colacus rubrofemoratus	14	14	14	14.0
1537	Coleophora adjunctella	1	0	1	0.0
1538	Coleophora adspersella	2	0	1	0.0
1539	Coleophora albicans	3	0	1	0.0
1540	Coleophora alcyonipennella	5	0	2	0.0
1541	Coleophora alticolella	2	0	1	0.0
1542	Coleophora argentula	3	0	1	0.0
1543	Coleophora armeniae	2	0	1	0.0
1544	Coleophora astragalella	0	0	0	0.0
1545	Coleophora atriplicis	2	0	1	0.0
1546	Coleophora bagorella	3	0	1	0.0
1547	Coleophora berdjanski	4	0	1	0.0
1548	Coleophora binotapennella	2	0	1	0.0
1549	Coleophora cartilaginella	1	0	1	0.0
1550	Coleophora changaica	1	0	1	0.0
1551	Coleophora cracella	1	0	1	0.0
1552	Coleophora granulatella	4	0	1	0.0
1553	Coleophora halophilella	2	0	1	0.0
1554	Coleophora klimeschiella	1	0	1	0.0
1555	Coleophora nomgona	1	0	1	0.0
1556	Coleophora occatella	1	0	1	0.0
1557	Coleophora ochroflava	1	0	1	0.0
1558	Coleophora parenthella	2	0	1	0.0
1559	Coleophora peribenanderi	11	0	11	0.0
1560	Coleophora potentillae	2	0	1	0.0
1561	Coleophora preisseckeri	1	0	1	0.0
1562	Coleophora pseudociconiella	1	0	1	0.0
1563	Coleophora pseudodianthi	2	0	1	0.0
1564	Coleophora pseudoditella	11	0	9	1.0
1565	Coleophora pseudorepentis	16	0	13	0.0
1566	Coleophora salicorniae	2	0	1	0.0
1567	Coleophora salinella	1	0	1	0.0
1568	Coleophora saxicolella	4	0	2	0.0
1569	Coleophora squalorella	6	0	3	0.0
1570	Coleophora therinella	17	0	14	0.0
1571	Coleophora versurella	18	0	15	0.0
1572	Coleophora vestianella	9	0	8	0.0
1573	Coleophora vibicella	15	0	12	0.0
1574	Coleophora vicinella	2	0	1	0.0
1575	Colladonus	1	0	1	0.0
1576	Compsolixus	4	0	1	0.0
1577	Coniocleonus	4	0	1	0.0
1578	Conocephalinae	5	0	1	0.0
1579	Conorhynchus	4	0	1	0.0
1580	Coptera anka	12	0	5	0.0
1581	Coreana raphaelis	6	0	2	0.0
1582	Coreoidea	4	0	1	0.0
1583	Cornupalpatum burmanicum	9	0	4	0.0
1584	Cosmogaster	1	0	1	0.0
1585	Cosmophasis bitaeniata	1	0	1	0.0
1586	Cosmopterix zieglerella	2	0	1	0.0
1587	Cotesia glomerata	4	0	2	0.0
1588	Coulinus	1	0	1	0.0
1589	Cratomyia	4	0	2	0.0
1590	Creatonotos gangis	54	0	5	1.0
1591	Crematogaster	9	0	3	0.0
1592	Crematogaster schmidti	19	0	4	1.0
1593	Creobroter	4	0	1	0.0
1594	Creoleon lugdunensis	3	0	1	0.0
1595	Cretanallachius magnificus	7	0	5	0.0
1596	Cretogramma engeli	8	0	5	0.0
1597	Cretoparacucujus cycadophilus	9	0	5	0.0
1598	Cryphopus	2	0	1	0.0
1599	Ctenurella	2	0	1	0.0
1600	Cuculliinae	2	0	1	0.0
1601	Culex quinquefasciatus	6	0	1	0.0
1602	Culicomorpha	9	0	4	0.0
1603	Cupiennius	7	0	2	0.0
1604	Cupiennius salei	9	0	2	0.0
1605	Curculioididae	2	0	1	0.0
1606	Curculioninae	4	0	1	0.0
1607	Curculionites	6	0	3	0.0
1608	Cybister lateralimarginalis	19	0	4	1.0
1609	Cylindera	10	0	3	0.0
1610	Cylindera germanica	0	0	0	0.0
1611	Cylindera glabra	1	0	1	0.0
1612	Cymothoe sangaris	0	0	0	0.0
1613	Cynthia	4	0	2	0.0
1614	Cyphocleonus	4	0	2	0.0
1615	Danainae	17	0	5	0.0
1616	Daphnusa	4	0	2	0.0
1617	Daphnusa ailanti	0	0	0	0.0
1618	Daphnusa sinocontinentalis	1	0	1	0.0
1619	Darwinylus marcosi	8	0	5	0.0
1620	Dasineura	1	0	1	0.0
1621	Dasystoma salicella	1	0	1	0.0
1622	Deinocroton draculi	8	0	7	0.0
1623	Deltocephalus	1	0	1	0.0
1624	Demodex cyonis	1	0	1	0.0
1625	Dermationidae	1	0	1	0.0
1626	Desis	3	0	1	0.0
1627	Desis bobmarleyi	0	0	0	0.0
1628	Diaea	7	0	6	0.0
1629	Diaea dorsata	5	0	2	0.0
1630	Diaea ergandros	1	0	1	0.0
1631	Diaea evanida	0	0	0	0.0
1632	Diaea giltayi	1	0	1	0.0
1633	Diaeini	6	0	2	0.0
1634	Dicopomorpha echmepterygis	3	0	1	0.0
1635	Dikraneura	1	0	1	0.0
1636	Dilixellus	4	0	1	0.0
1637	Diodontognathus papillatus	9	0	5	0.0
1638	Dipteromantispidae	3	0	2	0.0
1639	Dolichopoda	24	0	22	0.0
1640	Dolichopoda geniculata	0	0	0	0.0
1641	Dolichopoda graeca	0	0	0	0.0
1642	Dolichopoda hussoni	0	0	0	0.0
1643	Dolichopoda makrykapa	0	0	0	0.0
1644	Dolomedes	7	0	1	0.0
1645	Donacia semicuprea	2	0	2	0.0
1646	Doratura	1	0	1	0.0
1647	Dorcadion cinerarium	2	0	1	0.0
1648	Dorcadion fuliginator	1	0	1	0.0
1649	Dorcadion mokrzeckii	3	0	1	0.0
1650	Dorcadion pedestre	1	0	1	0.0
1651	Dorcadion sareptanum	0	0	0	0.0
1652	Drasteria	24	0	23	0.0
1653	Dryocampa	1	0	1	0.0
1654	Dryops	3	0	1	0.0
1655	Dysaphis	2	0	1	0.0
1656	Eacles	4	0	3	0.0
1657	Eacles barnesi	1	0	1	0.0
1658	Eacles oslari	0	0	0	0.0
1659	Echmepteryx hageni	1	0	1	0.0
1660	Eciton	5	0	1	0.0
1661	Ecitophya	1	0	1	0.0
1662	Ectinogonia buqueti	0	0	0	0.0
1663	Ederranus	1	0	1	0.0
1664	Edessena	1	0	1	0.0
1665	Eduardoxenus unicus	8	0	5	0.0
1666	Edwardsiana	1	0	1	0.0
1667	Elaea	1	0	1	0.0
1668	Elaterinae	3	0	3	0.0
1669	Electrocaptivus xui	9	0	5	0.0
1670	Elymana	1	0	1	0.0
1671	Emblemasoma erro	2	0	1	0.0
1672	Empoa	1	0	1	0.0
1673	Empoasca	4	0	3	0.0
1674	Empusa guttula	4	0	2	0.0
1675	Empusa hedenborgii	1	0	1	0.0
1676	Empusa longicollis	1	0	1	0.0
1677	Empusa pennata	8	0	3	0.0
1678	Empusa uvarovi	0	0	0	0.0
1679	Endoxyla cinereus	2	0	1	0.0
1680	Entiminae	6	0	2	0.0
1681	Entymetopus	2	0	1	0.0
1682	Eocleonus	4	0	2	0.0
1683	Eogeometer vadens	27	0	15	0.0
1684	Eophyllium messelensis	5	0	5	0.0
1685	Epaphroditidae	11	0	8	0.0
1686	Epexochus	1	0	1	0.0
1687	Ephimeronotus	1	0	1	0.0
1688	Epiacanthus	1	0	1	0.0
1689	Epidermoptidae	4	0	2	0.0
1690	Epimeces	3	0	1	0.0
1691	Epiocheirata	3	0	1	0.0
1692	Episyrphus balteatus	6	0	3	0.0
1693	Eremiaphila	2	0	1	0.0
1694	Eremiaphilidae	3	0	1	0.0
1695	Eremoplana	2	0	1	0.0
1696	Eriovixia gryffindori	1	0	1	0.0
1697	Eristalis bardus	0	0	0	0.0
1698	Erythracarinae	2	0	1	0.0
1699	Erythromma	6	0	2	0.0
1700	Euacanthellinae	4	0	2	0.0
1701	Eugeniodecus	2	0	1	0.0
1702	Euhypnorna grata	5	0	4	0.0
1703	Eukoenenia	3	0	2	0.0
1704	Eukoenenia christiani	0	0	0	0.0
1705	Eukoenenia strinatii	0	0	0	0.0
1706	Eukoeneniidae	2	0	1	0.0
1707	Eulixus	6	0	2	0.0
1708	Eumecops	4	0	2	0.0
1709	Eumesocampa	1	0	1	0.0
1710	Euophrys omnisuperstes	0	0	0	0.0
1711	Eupelix	1	0	1	0.0
1712	Euphydryas iduna	2	0	1	0.0
1713	Eupithecia basurmanca	1	0	1	0.0
1714	Eupteryx	1	0	1	0.0
1715	Eurhadina	1	0	1	0.0
1716	Eurycleonus	6	0	3	0.0
1717	Eurythyrea	2	0	2	0.0
1718	Euscelis	2	0	1	0.0
1719	Euscorpius beroni	0	0	0	0.0
1720	Eusparassus dufouri	0	0	0	0.0
1721	Eustenopus	5	0	3	0.0
1722	Eutulomatus	1	0	1	0.0
1723	Evacanthus	1	0	1	0.0
1724	Extatosoma tiaratum	13	0	3	0.5
1725	Extraordinarius	1	0	1	0.0
1726	Fagina silvatica	4	0	4	0.0
1727	Fallomyrma	6	0	5	0.0
1728	Fallomyrma anodonta	1	0	1	0.0
1729	Fallomyrma marginata	1	0	1	0.0
1730	Fallomyrma robusta	1	0	1	0.0
1731	Fideliinae	2	0	1	0.0
1732	Filistata maguirei	0	0	0	0.0
1733	Forcipata	1	0	1	0.0
1734	Formiciinae	11	0	2	1.0
1735	Formicini	3	0	1	0.0
1736	Furcantenna yangi	0	0	0	0.0
1737	Gabuciniidae	1	0	1	0.0
1738	Gasteroclisus	4	0	2	0.0
1739	Gastrophysa	3	0	1	0.0
1740	Geomantis	3	0	2	0.0
1741	Geomantis larvoides	2	0	1	0.0
1742	Georginus	2	0	1	0.0
1743	Girtesma	1	0	1	0.0
1744	Glaphyrosoma stephanosoltis	6	0	6	0.0
1745	Glebius	1	0	1	0.0
1746	Gluphisia	7	0	5	0.0
1747	Gluphisia crenata	2	0	1	0.0
1748	Gluphisia lintneri	0	0	0	0.0
1749	Gluphisia oxiana	1	0	1	0.0
1750	Goliathus regius	2	0	1	0.0
1751	Gondwanascorpio emzantsiensis	16	0	2	1.0
1752	Gonioctena	1	0	1	0.0
1753	Gonocleonus	1	0	1	0.0
1754	Gonometa postica	2	0	1	0.0
1755	Grant viridifluvius	2	0	1	0.0
1756	Gromphadorhina portentosa	88	0	10	3.0
1757	Gynacantha vargasi	1	0	1	0.0
1758	Gyranusoidea iranica	0	0	0	0.0
1759	Habralictus	3	0	1	0.0
1760	Hadeninae	3	0	1	0.0
1761	Halter halteratus	1	0	1	0.0
1762	Halteriomantispa grimaldii	8	0	5	0.0
1763	Haplocampa wagnelli	1	0	1	0.0
1764	Haplopelma schmidti	1	0	1	0.0
1765	Harmonia (комаха)	19	0	6	0.0
1766	Harpalinae	4	0	2	0.0
1767	Hedychrum nobile	4	0	3	0.0
1768	Helaeomyia petrolei	3	0	2	0.0
1769	Helichus ussuriensis	0	0	0	0.0
1770	Heliconiinae	7	0	1	0.0
1771	Heliconius erato	0	0	0	0.0
1772	Helicoverpa zea	16	0	2	1.0
1773	Heliozona	2	0	1	0.0
1774	Helminthomorpha	2	0	1	0.0
1775	Hemerobiiformia	3	0	1	0.0
1776	Hepsidera	1	0	1	0.0
1777	Hermatobates lingyangjiaoensis	1	0	1	0.0
1778	Hermetia illucens	73	0	7	3.0
1779	Heterocleonus	1	0	1	0.0
1780	Heterogramma	1	0	1	0.0
1781	Heteropterinae	2	0	1	0.0
1782	Hexarthrius	2	0	1	0.0
1783	Hierodula	7	0	2	0.0
1784	Hispa atra	0	0	0	0.0
1785	Holaptilon	2	0	1	0.0
1786	Holaptilon pusillulum	0	0	0	0.0
1787	Holcopogon bubulcellus	1	0	1	0.0
1788	Hololixus	1	0	1	0.0
1789	Homalictus	3	0	3	0.0
1790	Homalictus achrostus	0	0	0	0.0
1791	Homalictus terminalis	1	0	1	0.0
1792	Hormisa	2	0	1	0.0
1793	Hovalarinus	1	0	1	0.0
1794	Hybomitra	5	0	3	0.0
1795	Hybomitra altaica	0	0	0	0.0
1796	Hybomitra alticola	0	0	0	0.0
1797	Hydrillodes	1	0	1	0.0
1798	Hyles	3	0	3	0.0
1799	Hylobius abietis	21	0	4	1.0
1800	Hymenopodidae	5	0	2	0.0
1801	Hypatopa binotella	1	0	1	0.0
1802	Hypatopa inunctella	1	0	1	0.0
1803	Hypatopa segnella	1	0	1	0.0
1804	Hypenula	1	0	1	0.0
1805	Hypoechana fuliginosa	8	0	4	0.0
1806	Hypogastruroidea	2	0	2	0.0
1807	Hypolixus	1	0	1	0.0
1808	Hyponeuma	1	0	1	0.0
1809	Hypsicorypha gracilis	9	0	4	0.5
1810	Idia	2	0	1	0.0
1811	Idolomantis diabolica	9	0	5	0.0
1812	Ileomus	3	0	1	0.0
1813	Ilybius	1	0	1	0.0
1814	Insolentipalpus	2	0	1	0.0
1815	Integripalpia	4	0	2	0.0
1816	Iolana iolas	2	0	1	0.0
1817	Iris	44	0	8	1.0
1818	Iris oratoria	3	0	1	0.0
1819	Ischnocolus vanandelae	5	0	2	0.0
1820	Isomerops	1	0	1	0.0
1821	Isotogastrura	6	0	5	0.0
1822	Isotomidae	2	0	1	0.0
1823	Ixodida	168	1	13	5.0
1824	Julodinae	1	0	1	0.0
1825	Junonia coenia	3	0	1	0.0
1826	Junonia lemonias	2	0	1	0.0
1827	Kalligramma	3	0	3	0.0
1828	Kalligramma paradoxum	3	0	1	0.0
1829	Kalligrammatidae	2	0	1	0.0
1830	Kallima inachus	10	0	5	0.0
1831	Katarinia	1	0	1	0.0
1832	Katha	14	0	11	0.0
1833	Katha depressa	1	0	1	0.0
1834	Katha laevis	0	0	0	0.0
1835	Katha magnata	0	0	0	0.0
1836	Katha moorei	0	0	0	0.0
1837	Katha nankunshanica	0	0	0	0.0
1838	Katha nigropoda	0	0	0	0.0
1839	Katha prabana	0	0	0	0.0
1840	Katha suffusa	0	0	0	0.0
1841	Kekveus jason	7	0	4	0.0
1842	Khobotun elephantinus	9	0	4	0.0
1843	Klassius	1	0	1	0.0
1844	Knemidokoptes	6	0	2	0.0
1845	Koenigius	1	0	1	0.0
1846	Kyneria	1	0	1	0.0
1847	Labidura riparia	5	0	2	0.0
1848	Lachnaeus	5	0	1	0.0
1849	Lachnaia	14	0	13	0.0
1850	Lagonomegopidae	2	0	1	0.0
1851	Lambula	9	0	4	0.0
1852	Lambula aethalocis	1	0	1	0.0
1853	Lambula agraphia	0	0	0	0.0
1854	Lambula aroa	0	0	0	0.0
1855	Lambula bilineata	2	0	1	0.0
1856	Lambula bivittata	0	0	0	0.0
1857	Lambula buergersi	1	0	1	0.0
1858	Laothoe	3	0	2	0.0
1859	Larentiinae	3	0	1	0.0
1860	Larinodontes	1	0	1	0.0
1861	Larinomesius	5	0	1	0.0
1862	Larinus	9	0	3	0.0
1863	Larinus (підрід)	6	0	1	0.0
1864	Larinus turbinatus	3	0	2	0.0
1865	Larinus vulpes	3	0	1	0.0
1866	Lascoria	6	0	5	0.0
1867	Lasiocampinae	4	0	3	0.0
1868	Lasiommata	5	0	3	0.0
1869	Lasiommata maerula	0	0	0	0.0
1870	Latrodectinae	2	0	1	0.0
1871	Lepismachilis eocaenica	2	0	1	0.0
1872	Leptopodomorpha	3	0	1	0.0
1873	Lestremiinae	2	0	2	0.0
1874	Lestremiini	1	0	1	0.0
1875	Lethocerus deyrollei	5	0	3	0.0
1876	Lethocerus grandis	1	0	1	0.0
1877	Lethocerus indicus	24	0	5	1.0
1878	Leucatomis	1	0	1	0.0
1879	Leucochromus	1	0	1	0.0
1880	Leucomigus	6	0	2	0.0
1881	Leucophyes	5	0	2	0.0
1882	Leucorchestris arenicola	1	0	1	0.0
1883	Libelloides italicus	1	0	1	0.0
1884	Libelluloidea	2	0	1	0.0
1885	Limnephilus antiquastepposus	1	0	1	0.0
1886	Limnephilus kaspievi	2	0	2	0.0
1887	Limnephilus metakaspievi	1	0	1	0.0
1888	Limnephilus parakaspievi	1	0	1	0.0
1889	Limnephilus valliculacerasinus	1	0	1	0.0
1890	Limnichidae	1	0	1	0.0
1891	Linguatormyia teletacta	9	0	5	0.0
1892	Liocleonus	1	0	1	0.0
1893	Lipoptena mazamae	0	0	0	0.0
1894	Lithosiina	3	0	1	0.0
1895	Lithosiinae	1	0	1	0.0
1896	Lithosiini	3	0	2	0.0
1897	Lixinae	29	0	15	1.0
1898	Lixini	6	0	2	0.0
1899	Lixocleonus	1	0	1	0.0
1900	Lixoglyptus	1	0	1	0.0
1901	Lixomorphus	1	0	1	0.0
1902	Lixopachys	1	0	1	0.0
1903	Lixus	8	0	3	0.0
1904	Lixus (підрід)	5	0	2	0.0
1905	Lophocorona	6	0	5	0.0
1906	Lucaninae	2	0	1	0.0
1907	Lucanus	14	0	2	1.0
1908	Lucanus placidus	1	0	1	0.0
1909	Luciliinae	4	0	1	0.0
1910	Lycorma delicatula	10	0	2	1.0
1911	Lycosa aragogi	17	0	4	1.0
1912	Lysibia nana	3	0	2	0.0
1913	Machaerotypus sibiricus	0	0	0	0.0
1914	Macleodiella electrina	10	0	5	0.0
1915	Macrochilo	4	0	3	0.0
1916	Macroglossinae	4	0	2	0.0
1917	Macrolepidoptera	2	0	1	0.0
1918	Macroplea	4	0	4	0.0
1919	Macrosiphini	1	0	1	0.0
1920	Macrotermes	5	0	2	0.0
1921	Macrotermes gilvus	1	0	1	0.0
1922	Macroxiphus	3	0	3	0.0
1923	Macroxiphus nasicornis	0	0	0	0.0
1924	Macroxiphus sumatranus	0	0	0	0.0
1925	Manica	2	0	1	0.0
1926	Mantidae	12	0	3	0.0
1927	Mantis	11	0	2	0.5
1928	Mantoididae	27	0	14	0.5
1929	Maratus personatus	1	0	1	0.0
1930	Marumba spectabilis	0	0	0	0.0
1931	Marumba tigrina	1	0	1	0.0
1932	Maximus	4	0	1	0.0
1933	MCD-пептид	3	0	1	0.0
1934	Mecaspis	1	0	1	0.0
1935	Medaurini	2	0	1	0.0
1936	Medauroidea	1	0	1	0.0
1937	Medocostes lestoni	0	0	0	0.0
1938	Megachilinae	3	0	1	0.0
1939	Megaphragma	4	0	3	0.0
1940	Megaphragma caribea	1	0	1	0.0
1941	Megaphragma mymaripenne	5	0	2	0.0
1942	Megatominae	3	0	1	0.0
1943	Melanosphecia paolo	16	0	15	0.0
1944	Melitaea acentria	2	0	1	0.0
1945	Melitaea ornata	3	0	1	0.0
1946	Menecleonus	1	0	1	0.0
1947	Menthastriella	2	0	1	0.0
1948	Mesocleonus	1	0	1	0.0
1949	Mesostigmata	25	0	5	1.0
1950	Mesothelae	18	0	4	1.0
1951	Metacucujus	2	0	2	0.0
1952	Metacucujus encephalarti	0	0	0	0.0
1953	Metallyticus	8	0	3	0.0
1954	Metopininae	1	0	1	0.0
1955	Metriocampa	1	0	1	0.0
1956	Microcleonus	1	0	1	0.0
1957	Microlarinus	3	0	2	0.0
1958	Microlixus	3	0	2	0.0
1959	Microplitis croceipes	1	0	1	0.0
1960	Micropterix calthella	5	0	1	0.0
1961	Microthespis	2	0	1	0.0
1962	Miomantinae	10	0	6	0.0
1963	Miomantini	2	0	1	0.0
1964	Miomantis paykullii	0	0	0	0.0
1965	Mionycha	1	0	1	0.0
1966	Misumena vatia	186	1	16	5.0
1967	Misumenoides formosipes	9	0	3	0.0
1968	Moegistorhynchus longirostris	2	0	1	0.0
1969	Molytinae	7	0	5	0.0
1970	Mongolocleonus	1	0	1	0.0
1971	Monolophus	1	0	1	0.0
1972	Morphini	1	0	1	0.0
1973	Morpho rhetenor	3	0	1	0.0
1974	Muschampia	6	0	5	0.0
1975	Muscoidea	2	0	1	0.0
1976	Mycotrichus	2	0	1	0.0
1977	Myrmarachne	14	0	2	0.0
1978	Myrmarachne assimilis	0	0	0	0.0
1979	Myrmarachne caliraya	0	0	0	0.0
1980	Myrmarachne plataleoides	1	0	1	0.0
1981	Myrmekiaphila neilyoungi	0	0	0	0.0
1982	Myrmeleon fasciatus	0	0	0	0.0
1983	Myrmeleon quinquemaculatus	2	0	1	0.0
1984	Myrmeleontiformia	2	0	1	0.0
1985	Myrmica angulata	1	0	1	0.0
1986	Myrmicini	9	0	4	0.0
1987	Myrmozercon cyrusi	1	0	1	0.0
1988	Mystrium camillae	3	0	1	0.0
1989	Myzocallis	2	0	1	0.0
1990	Nannochoristidae	2	0	1	0.0
1991	Nanosella fungi	4	0	2	0.0
1992	Nastus (жуки)	0	0	0	0.0
1993	Nauphoeta cinerea	6	0	2	0.0
1994	Naxa seriaria	0	0	0	0.0
1995	Nefis	2	0	1	0.0
1996	Negastriinae	4	0	4	0.0
1997	Neivamyrmex	2	0	1	0.0
1998	Nemaspela ladae	0	0	0	0.0
1999	Nematopogon metaxella	2	0	1	0.0
2000	Nematopogon pilella	3	0	1	0.0
2001	Nematopogon robertella	1	0	1	0.0
2002	Nemophora degeerella	3	0	1	0.0
2003	Nemophora dumerilella	1	0	1	0.0
2004	Nemophora fasciella	3	0	2	0.0
2005	Nemophora metallica	2	0	1	0.0
2006	Nemophora pfeifferella	1	0	1	0.0
2007	Nemopteridae	3	0	2	0.0
2008	Nemopteroidea	1	0	1	0.0
2009	Neocleonus	1	0	1	0.0
2010	Neodermaptera	3	0	3	0.0
2011	Neolipoptena ferrisi	4	0	4	0.0
2012	Nepa cinerea	16	0	5	1.0
2013	Nephrotoma australasiae	1	0	1	0.0
2014	Ngirhaphium thaicum	18	0	16	0.0
2015	Nicrophorinae	5	0	2	0.0
2016	Nicrophorus	17	0	4	0.0
2017	Nicrophorus interruptus	1	0	1	0.0
2018	Nicrophorus investigator	0	0	0	0.0
2019	Nicrophorus japonicus	0	0	0	0.0
2020	Nipponaphis monzeni	1	0	1	0.0
2021	Nomimonyx	1	0	1	0.0
2022	Notiothauma reedi	0	0	0	0.0
2023	Nudobius lentus	5	0	1	0.0
2024	Nuttalliella namaqua	7	0	6	0.0
2025	Nymphavus progenitor	9	0	5	0.0
2026	Nymphidae	3	0	1	0.0
2027	Obtectomera	1	0	1	0.0
2028	Ochyrocera aragogue	0	0	0	0.0
2029	Oecophylla	34	0	5	2.0
2030	Oecophylla taurica	3	0	3	0.0
2031	Oestroidea	3	0	1	0.0
2032	Oligochlora semirugosa	1	0	1	0.0
2033	Oligopsychopsis	4	0	2	0.0
2034	Oligotrophini	1	0	1	0.0
2035	Oniticellini	1	0	1	0.0
2036	Onthophagini	1	0	1	0.0
2037	Onthophagus binodis	23	0	17	0.0
2038	Onthophagus sagittarius	33	0	23	0.0
2039	Onthophagus vacca	4	0	4	0.0
2040	Opostega	1	0	1	0.0
2041	Opostegoides	2	0	1	0.0
2042	Oramiella wisei	4	0	4	0.0
2043	Orgyia recens	2	0	1	0.0
2044	Orsunius electronefelus	1	0	1	0.0
2045	Orthodera novaezealandiae	2	0	1	0.0
2046	Ortholixus	2	0	1	0.0
2047	Orthophlebiidae	0	0	0	0.0
2048	Oryctes	9	0	2	0.0
2049	Oryctes agamemnon	2	0	1	0.0
2050	Oryctes rhinoceros	2	0	1	0.0
2051	Osmia cornuta	8	0	2	0.0
2052	Osmylops	3	0	1	0.0
2053	Othorene	1	0	1	0.0
2054	Pachycerus	2	0	1	0.0
2055	Pachyiulus humicola	0	0	0	0.0
2056	Pachymerium tabacarui	6	0	6	0.0
2057	Paederinae	4	0	1	0.0
2058	Pajnisoodes	1	0	1	0.0
2059	Palaeortona quercyensis	6	0	5	0.0
2060	Palaeotendipes alexii	4	0	4	0.0
2061	Palomena prasina	50	0	5	1.0
2062	Pancalia leuwenhoekella	15	0	12	1.0
2063	Pancalia nodosella	11	0	9	0.0
2064	Paracucujus rostratus	6	0	4	0.0
2065	Paradoxosisyra groehni	9	0	5	0.0
2066	Paradoxosisyrinae	2	0	2	0.0
2067	Paraponera	6	0	3	0.0
2068	Parastrachiidae	5	0	2	0.0
2069	Paratarsotomus	2	0	1	0.0
2070	Paratarsotomus sabulosus	1	0	1	0.0
2071	Parileomus	1	0	1	0.0
2072	Parnopes grandior	0	0	0	0.0
2073	Pedanoptera arachnophila	9	0	5	0.0
2074	Pelophila	2	0	2	0.0
2075	Peltosyne triassica	0	0	0	0.0
2076	Pemphigidae	3	0	1	0.0
2077	Pentatominae	6	0	1	0.0
2078	Pentatomoidea	9	0	2	0.0
2079	Pentatomomorpha	5	0	2	0.0
2080	Pentatropis	1	0	1	0.0
2081	Perlamantis allibertii	1	0	1	0.0
2082	Permarachne novokshonovi	7	0	4	0.0
2083	Permopsocida	18	0	17	0.0
2084	Phaneropterinae	6	0	2	0.0
2085	Phasmatidae	10	0	5	0.0
2086	Phaulosomus	1	0	1	0.0
2087	Philidris nagasau	1	0	1	0.0
2088	Phillixus	2	0	1	0.0
2089	Phlebotomus papatasi	23	0	11	1.0
2090	Phlebotomus papuensis	1	0	1	0.0
2091	Phlebotomus pedifer	0	0	0	0.0
2092	Phlebotomus perfiliewi	1	0	1	0.0
2093	Phlebotomus perniciosus	1	0	1	0.0
2094	Phlebotomus pexopharynx	1	0	1	0.0
2095	Phlebotomus sergenti	0	0	0	0.0
2096	Phobaeticus chani	2	0	1	0.0
2097	Phobaeticus kirbyi	0	0	0	0.0
2098	Phyllochrysa huangi	8	0	4	0.0
2099	Phyllodromica	2	0	2	0.0
2100	Phyllodromica merrakescha	1	0	1	0.0
2101	Phyllonomeus	3	0	1	0.5
2102	Phyllonorycter ivani	1	0	1	0.0
2103	Phytotelmatrichis osopaddington	2	0	1	0.0
2104	Pisaura mirabilis	187	1	16	5.0
2105	Pison	2	0	2	0.0
2106	Planodiscus	3	0	3	0.0
2107	Planodiscus foreli	0	0	0	0.0
2108	Planodiscus furcatus	0	0	0	0.0
2109	Platyscelidini	1	0	1	0.0
2110	Pleioplectron auratum	16	0	14	1.0
2111	Pleurocleonus	4	0	2	0.0
2112	Pliocleonus	4	0	2	0.0
2113	Poduromorpha	6	0	2	0.0
2114	Poecilimon ampliatus	1	0	1	0.0
2115	Poecilimon elegans	1	0	1	0.0
2116	Poecilimon gracilis	0	0	0	0.0
2117	Poliochera	7	0	6	0.0
2118	Poliochera cretacea	0	0	0	0.0
2119	Poliochera gibbsi	0	0	0	0.0
2120	Poliochera glabra	0	0	0	0.0
2121	Poliochera punctulata	1	0	1	0.0
2122	Poliochera pustulatus	0	0	0	0.0
2123	Poliocheridae	1	0	1	0.0
2124	Polyneoptera	3	0	1	0.0
2125	Polyommatus eros	5	0	1	1.0
2126	Polyommatus pljushtchi	2	0	1	0.0
2127	Ponomarenkia belmonthensis	0	0	0	0.0
2128	Porocleonus	1	0	1	0.0
2129	Prionolixus	1	0	1	0.0
2130	Prionorhinus	2	0	1	0.0
2131	Pristomyrmex elmesi	2	0	1	0.0
2132	Pritha garfieldi	0	0	0	0.0
2133	Prochoreutis pseudostellaris	0	0	0	0.0
2134	Prochoreutis sehestediana	2	0	1	0.0
2135	Prochoreutis stellaris	1	0	1	0.0
2136	Proctophyllodes huitzilopochtlii	0	0	0	0.0
2137	Prodryas persephone	4	0	4	0.0
2138	Prohamitermes	2	0	1	0.0
2139	Prokoenenia	1	0	1	0.0
2140	Prokoeneniidae	1	0	1	0.0
2141	Proleptothorax primitivus	6	0	5	0.0
2142	Propiestus archaicus	23	0	19	0.0
2143	Prosphex anthophilos	23	0	20	0.0
2144	Prostigmata	16	0	2	1.0
2145	Protonemestrius	2	0	1	0.0
2146	Protosiphoniella anthophila	8	0	4	0.0
2147	Psectra diptera	0	0	0	0.0
2148	Psephenidae	1	0	1	0.0
2149	Pseudeumecops	2	0	1	0.0
2150	Pseudisomerus	1	0	1	0.0
2151	Pseudochazara cingovskii	3	0	1	0.0
2152	Pseudocleonus	2	0	1	0.0
2153	Pseudopostega	1	0	1	0.0
2154	Pseudopulex	6	0	3	0.0
2155	Pseudoyersinia	9	0	8	0.0
2156	Pseudoyersinia andreae	1	0	1	0.0
2157	Pseudoyersinia betancuriae	0	0	0	0.0
2158	Pseudoyersinia brevipennis	2	0	1	0.0
2159	Pseudoyersinia canariensis	0	0	0	0.0
2160	Pseudoyersinia lagrecai	0	0	0	0.0
2161	Pseudoyersinia paui	0	0	0	0.0
2162	Pseudoyersinia pilipes	2	0	1	0.0
2163	Pseudoyersinia subaptera	0	0	0	0.0
2164	Pseudoyersinia teydeana	1	0	1	0.0
2165	Psocorrhyncha burmitica	28	0	16	0.0
2166	Psoroptidia	6	0	1	0.0
2167	Psychodomorpha	5	0	2	0.0
2168	Psychopsidae	3	0	1	0.0
2169	Psyllobora	5	0	2	0.0
2170	Pterocroce capillaris	1	0	1	0.0
2171	Pterodectes rutilus	0	0	0	0.0
2172	Pterolichoidea	1	0	1	0.0
2173	Pteromalidae	5	0	2	0.0
2174	Pterostichinae	2	0	1	0.0
2175	Pterostichus alexeji	1	0	1	0.0
2176	Pterostichus burkhan	0	0	0	0.0
2177	Pterostichus rodionovi	1	0	1	0.0
2178	Ptilodon	2	0	1	0.0
2179	Ptilodoninae	2	0	1	0.0
2180	Ptilophora	3	0	2	0.0
2181	Ptiloscola	1	0	1	0.0
2182	Puer maculatus	3	0	1	0.0
2183	Pycnodactylopsis	1	0	1	0.0
2184	Pygaerinae	1	0	1	0.0
2185	Rachesa	2	0	2	0.0
2186	Reclinervellus nielseni	5	0	4	0.0
2187	Rhabdorrhynchus	4	0	1	0.0
2188	Rhinocyllus	6	0	2	0.0
2189	Rhinocyllus conicus	4	0	1	0.0
2190	Rhizoglyphus robini	0	0	0	0.0
2191	Rhopalocera	80	0	7	2.5
2192	Rhopalosomatidae	5	0	1	0.0
2193	Rhynchophorus	8	0	2	0.0
2194	Rhynchophorus ferrugineus	7	0	3	0.0
2195	Ricinoides	8	0	8	0.0
2196	Ricinoides feae	0	0	0	0.0
2197	Ricinoides hanseni	0	0	0	0.0
2198	Ricinoides karschii	0	0	0	0.0
2199	Ricinoides leonensis	0	0	0	0.0
2200	Ricinoides megahanseni	0	0	0	0.0
2201	Ricinoides olounoua	0	0	0	0.0
2202	Ricinoides sjostedtii	0	0	0	0.0
2203	Ricinoididae	2	0	1	0.0
2204	Rivetina	7	0	3	0.0
2205	Rivetinini	2	0	1	0.0
2206	Rophalis relicta	5	0	5	0.0
2207	Rovnoholoneurus	2	0	1	0.0
2208	Sabatinca	1	0	1	0.0
2209	Sahastata sinuspersica	1	0	1	0.0
2210	Samia	2	0	1	0.0
2211	Saturnia pinratanai	2	0	1	0.0
2212	Saturniini	2	0	1	0.0
2213	Satyrus virbius	3	0	1	0.0
2214	Saurophthirus	7	0	2	0.0
2215	Saurophthirus longipes	0	0	0	0.0
2216	Scaphomorphus	3	0	1	0.0
2217	Scarabaeinae	5	0	2	0.0
2218	Scarabaeus fraterculus	6	0	3	0.0
2219	Schausiella	2	0	1	0.0
2220	Schistomitra joelmineti	2	0	1	0.0
2221	Schizophora	3	0	1	0.0
2222	Sciaroidea	4	0	1	0.0
2223	Scymninae	5	0	1	0.0
2224	Selandriinae	1	0	1	0.0
2225	Sepsidae	3	0	1	0.0
2226	Sericomyrmex	3	0	1	0.0
2227	Sericomyrmex radioheadi	1	0	1	0.0
2228	Sicarius hahni	15	0	4	1.0
2229	Sidorchukatia gracilis	8	0	4	0.0
2230	Sipalinus gigas	5	0	1	0.0
2231	Sitophilus	4	0	2	0.0
2232	Smerinthini	2	0	1	0.0
2233	Solariola	0	0	0	0.0
2234	Solenopsis	43	0	9	1.0
2235	Speyeria	5	0	4	0.0
2236	Speyeria clara	1	0	1	0.0
2237	Sphaerites	1	0	1	0.0
2238	Sphecomyrminae	7	0	2	1.0
2239	Sphingonotini	1	0	1	0.0
2240	Sphingulini	2	0	1	0.0
2241	Sphodromantis	2	0	2	0.0
2242	Sphodromantis viridis	12	0	3	0.0
2243	Stalagtia skadarensis	0	0	0	0.0
2244	Steatoda grossa	31	0	6	1.0
2245	Stephanocleonus	10	0	3	0.0
2246	Stephanoidea	2	0	1	0.0
2247	Sterrhinae	2	0	2	0.0
2248	Stethophyma grossum	10	0	3	0.0
2249	Stilbum cyanurum	0	0	0	0.0
2250	Streblote	5	0	3	0.0
2251	Streblote fainae	2	0	1	0.0
2252	Streblote finitorum	1	0	1	0.0
2253	Stromboscerinae	1	0	1	0.0
2254	Stromboscerus	1	0	1	0.0
2255	Strumigenys ananeotes	17	0	17	0.0
2256	Sublarinus	4	0	2	0.0
2257	Supraserphites draculi	3	0	2	0.0
2258	Surchania	3	0	1	0.0
2259	Symphypleona	2	0	1	0.0
2260	Syndesinae	3	0	1	0.0
2261	Syntomini	7	0	3	0.0
2262	Syssphinx	2	0	1	0.0
2263	Tabaninae	4	0	1	0.0
2264	Taeniopterygidae	2	0	1	0.0
2265	Taeniopteryx	7	0	7	0.0
2266	Taeniopteryx lita	0	0	0	0.0
2267	Taeniopteryx lonicera	0	0	0	0.0
2268	Taeniopteryx maura	0	0	0	0.0
2269	Taeniopteryx mercuryi	0	0	0	0.0
2270	Taeniopteryx metequi	0	0	0	0.0
2271	Taeniopteryx nebulosa	4	0	2	0.0
2272	Tanyderidae	2	0	1	0.0
2273	Tanymecus	4	0	1	0.0
2274	Taurodemus	1	0	1	0.0
2275	Tebenna bjerkandrella	1	0	1	0.0
2276	Temnorhinus	7	0	2	0.0
2277	Temnothorax nylanderi	5	0	2	0.0
2278	Tenthredininae	2	0	1	0.0
2279	Tenthredinoidea	4	0	2	0.0
2280	Terminasiania	1	0	1	0.0
2281	Terpsicroton alticeps	4	0	4	0.0
2282	Tetragnatha	17	0	3	0.0
2283	Tetragonothorax	3	0	2	0.0
2284	Teyia branislav	4	0	2	0.5
2285	Thermesiini	3	0	1	0.0
2286	Thomisinae	7	0	2	0.0
2287	Thomisoidea	1	0	1	0.0
2288	Thysania	3	0	1	0.0
2289	Tibiceninae	4	0	1	0.0
2290	Tilloidea	1	0	1	0.0
2291	Timarcha lugens	0	0	0	0.0
2292	Timema cristinae	0	0	0	0.0
2293	Timogenes elegans	0	0	0	0.0
2294	Tineoidea	2	0	1	0.0
2295	Tortricinae	1	0	1	0.0
2296	Trachydemus	1	0	1	0.0
2297	Triatoma sanguisuga	4	0	1	0.0
2298	Trichocleonus	4	0	2	0.0
2299	Trichopria	3	0	2	0.0
2300	Trichotocleonus	3	0	2	0.0
2301	Trichoura pardeos	9	0	8	0.0
2302	Trigonopterus yoda	1	0	1	0.0
2303	Trigonotarbida	15	0	2	1.0
2304	Trjapitzion cylindrocerus	5	0	5	0.0
2305	Trychopeplus laciniatus	1	0	1	0.0
2306	Turbinoptidae	1	0	1	0.0
2307	Tylogonus (павуки)	1	0	1	0.0
2308	UkrBIN	19	0	5	0.0
2309	Ulomoides dermestoides	12	0	3	0.0
2310	Umma gumma	1	0	1	0.0
2311	Uraraneida	15	0	3	0.0
2312	Uroballus carlei	1	0	1	0.0
2313	Vasaces	1	0	1	0.0
2314	Verophasmatodea	7	0	2	0.0
2315	Vespa basalis	9	0	3	0.5
2316	Vespamantoida wherleyi	9	0	8	0.0
2317	Vestalis amethystina	0	0	0	0.0
2318	Wasmanniella	2	0	1	0.0
2319	Whiteheadia	1	0	1	0.0
2320	Xanthochelus	1	0	1	0.0
2321	Xanthopan morganii	2	0	1	0.0
2322	Xanthorhoe	4	0	3	0.0
2323	Xanthorhoe fluctuata	3	0	2	0.0
2324	Xanthorhoe heliopharia	0	0	0	0.0
2325	Xanthorhoini	1	0	1	0.0
2326	Xenomacrus	1	0	1	0.0
2327	Xenomorphia	4	0	4	0.0
2328	Xenomorphia handschini	2	0	1	0.0
2329	Xenomorphia resurrecta	2	0	1	0.0
2330	Xyleborini	2	0	2	0.0
2331	Xylodromus affinis	2	0	1	0.0
2332	Yponomeutoidea	4	0	1	0.0
2333	Zerynthia	4	0	2	0.0
2334	Zhangsolvidae	4	0	2	0.0
2335	Zygaena carniolica	3	0	2	0.0
