1	*-алгебра	9	0	3	0.0
2	0 (число)	938	14	55	30.0
3	0,(9)	62	0	8	2.0
4	1 (число)	215	2	19	6.5
5	2 (число)	195	0	17	6.0
6	3-сфера	39	0	7	1.0
7	4-вектор	66	0	6	2.0
8	6 (число)	179	2	20	5.0
9	Абак (рахівниця)	256	1	18	8.0
10	Абелева група	132	0	23	4.0
11	Абсолютна похибка вимірювання	1685	12	127	49.5
12	Абстрактна алгебра	95	0	8	3.0
13	Абстракція	1613	27	78	55.0
14	Азартна гра (теорія ігор)	14	0	9	0.0
15	Аксіома	1366	25	66	47.5
16	Аксіома вибору	100	0	10	3.0
17	Аксіома паралельності Евкліда	116	0	9	3.0
18	Аксіоматика Гільберта	46	0	7	1.0
19	Аксіоми Пеано	87	0	7	3.0
20	Актуарій	185	0	12	6.5
21	Актуарна математика	121	0	10	4.0
22	Алан Тюрінг	1463	30	76	47.0
23	Алгебра	605	3	37	20.0
24	Алгебра Кліфорда	7	0	1	0.0
25	Алгебра Лі	20	0	3	1.0
26	Алгебра логіки	575	7	42	16.5
27	Алгебраїчне числове поле	13	0	3	0.0
28	Алгебраїчні числа	93	0	11	3.0
29	Алгебрична геометрія	72	0	10	2.0
30	Алгебрична топологія	14	0	1	1.0
31	Алгебричний многовид	7	0	2	0.0
32	Алгебрично замкнуте поле	9	0	1	0.5
33	Алгоритм	4335	41	255	148.0
34	Алгоритм Джонсона	11	0	2	0.0
35	Алгоритм Евкліда	706	10	49	22.0
36	Алгоритм імітації відпалу	82	0	11	2.0
37	Александр Гротендік	39	0	6	1.0
38	Аль-Хорезмі	293	2	43	8.0
39	Альберт Ейнштейн	7880	136	397	268.5
40	Альфред Грей	3	0	2	0.0
41	Альфред Тарський	30	0	5	1.0
42	Американське математичне товариство	19	0	3	0.5
43	Аналітична геометрія	211	1	23	6.0
44	Аналітична теорія чисел	20	0	6	1.0
45	Аналітична функція	105	0	11	3.0
46	Аналогова обчислювальна машина	158	0	22	3.5
47	Андре Вейль	17	0	2	0.0
48	Анрі Леон Лебег	24	0	4	0.0
49	Анрі Пуанкаре	198	1	15	6.0
50	Антіфонт	16	0	3	0.5
51	Аполлоній Перзький	39	0	7	1.0
52	Апостеріорна ймовірність	112	0	16	2.0
53	Арифметика	440	3	53	13.5
54	Арифметична функція	11	0	3	0.0
55	Арістотель	5724	49	406	183.0
56	Арність	37	0	6	1.0
57	Арнольд Володимир Ігорович	24	0	3	1.0
58	Артур Кейлі	19	0	3	0.0
59	Архімед	1825	24	126	53.0
60	Асимптота	204	2	13	5.5
61	Асоціативність	258	1	21	8.0
62	Атлас (математика)	2	0	1	0.0
63	Атле Сельберг	5	0	1	0.0
64	Атрактор	161	1	11	5.0
65	Аттична система числення	17	0	2	1.0
66	Афінна геометрія	71	0	53	1.0
67	Багатократний інтеграл	127	0	9	4.0
68	Багатокритеріальна оптимізація	107	0	7	3.5
69	Баєсів інформаційний критерій	10	0	2	0.0
70	Баєсова ймовірність	81	0	9	2.0
71	Баєсова лінійна регресія	15	0	2	0.0
72	Баєсова мережа	106	0	12	3.0
73	Баєсова оцінка	63	0	7	2.0
74	Баєсове виведення	76	0	23	2.0
75	Банахів простір	94	0	10	2.5
76	Банахова алгебра	12	0	3	0.0
77	Басейн притягання	9	0	2	1.0
78	Безвиграшна ситуація	29	0	3	1.0
79	Безкоаліційна гра	6	0	1	0.0
80	Безмасштабна мережа	7	0	2	0.0
81	Бенуа Мандельброт	94	0	9	3.5
82	Бернгард Ріман	94	0	9	2.0
83	Бертран Расселл	397	6	42	12.5
84	Бета-функція	60	0	9	2.0
85	Бієкція	187	1	20	6.0
86	Білінійне відображення	10	0	2	0.0
87	Бінарна класифікація	33	0	4	1.0
88	Бінарна операція	257	3	20	8.0
89	Біном Ньютона	627	8	37	20.0
90	Біноміальний коефіцієнт	217	1	15	7.5
91	Біноміальний розподіл	263	3	19	8.0
92	Блез Паскаль	1969	16	199	53.0
93	Броунівське дерево	22	0	3	1.0
94	Броунівський рух	2272	19	174	65.5
95	Булеан	294	1	27	7.0
96	Булева алгебра (структура)	235	2	20	6.5
97	Булева функція	427	2	29	12.0
98	Буняковський Віктор Якович	66	1	9	2.0
99	Варіаційне числення	95	0	13	3.0
100	Вейвлет	63	0	10	2.0
101	Вектор (математика)	888	10	65	29.0
102	Векторне поле	72	0	5	2.0
103	Векторне числення	38	0	4	1.0
104	Векторний простір	356	3	22	10.0
105	Велика теорема Ферма	679	9	36	23.5
106	Верхня і нижня границі	73	0	7	2.0
107	Взаємна інформація	29	0	4	1.0
108	Взаємно прості числа	597	7	34	20.0
109	Вибірка	1284	12	72	46.0
110	Визначник	603	6	35	19.5
111	Виключна диз'юнкція	734	9	41	25.0
112	Вимірна функція	28	0	8	1.0
113	Випадкова величина	382	3	34	12.5
114	Випадкова подія	412	2	32	12.5
115	Випадкове блукання	27	0	5	1.0
116	Випадковий процес	249	0	24	7.0
117	Випадковий процес з довгою пам'яттю	2	0	1	0.0
118	Випадкові числа	95	0	11	2.0
119	Вироджений розподіл	11	0	6	0.0
120	Висковатов Василь Іванович	2	0	1	0.0
121	Висота (величина)	4	0	1	0.0
122	Від'ємне число	1174	8	68	37.0
123	Відкрита множина	53	0	6	2.0
124	Відкриті математичні питання	139	1	10	4.0
125	Віднімання	964	12	48	33.0
126	Відношення	426	4	61	13.5
127	Відношення еквівалентності	330	1	31	10.5
128	Відношення порядку	165	1	14	4.0
129	Відособлений розподіл	12	0	2	0.0
130	Відсоток	1068	14	55	35.5
131	Відстань	1148	13	79	34.5
132	Вільна група	3	0	1	0.0
133	Вільний параметр	0	0	0	0.0
134	Вільні і зв'язані змінні	17	0	3	1.0
135	Вільям Ровен Гамільтон	67	0	9	2.0
136	Вільям Терстон	11	0	3	0.0
137	Вісімкова система числення	409	2	25	12.0
138	Вкладення Сегре	7	0	5	0.0
139	Власні вектори та власні числа	283	0	31	8.0
140	Внутрішня точка	35	0	4	1.0
141	Гамма-розподіл	95	0	9	3.0
142	Гамма-функція	211	1	18	6.0
143	Гармонічна функція	58	0	8	2.0
144	Гармонічний аналіз	29	0	4	1.0
145	Гаусові числа	63	0	8	1.5
146	Гельфанд Ізраїль Мойсейович	32	0	5	1.0
147	Генератор псевдовипадкових чисел	176	0	15	6.0
148	Генератриса	97	0	9	3.0
149	Генерація випадкових чисел	206	0	13	6.5
150	Геодезична лінія	108	0	10	3.5
151	Геометрична прогресія	1931	39	97	61.5
152	Геометричний броунівський рух	61	0	6	2.0
153	Геометрія	1168	10	65	38.0
154	Геометрія Лобачевського	273	2	21	8.5
155	Георг Кантор	94	0	21	2.0
156	Герман Вейль	33	0	4	1.0
157	Гідроаеромеханіка	71	0	9	2.0
158	Гідромеханіка	104	0	14	3.0
159	Гійом де Лопіталь	20	0	6	0.0
160	Гільбертів простір	146	1	15	4.5
161	Гіпербола (математика)	896	13	51	30.0
162	Гіпергеометричний розподіл	34	0	5	1.0
163	Гіперграф	15	0	2	0.0
164	Гіперповерхня	15	0	3	0.0
165	Гіпотеза Гольдбаха	60	0	6	2.0
166	Гіпотеза Пуанкаре	1012	11	99	24.0
167	Гіпотеза Рімана	391	4	82	9.5
168	Гістограма	422	4	32	13.0
169	Голоморфна функція	81	0	11	2.0
170	Гомеоморфізм	65	0	12	1.5
171	Гомологічна алгебра	10	0	3	0.0
172	Гомоморфізм	79	0	8	2.5
173	Гомоморфізм груп	32	0	3	1.0
174	Гомоморфне шифрування	20	0	2	1.0
175	Гомотопія	18	0	2	1.0
176	Готлоб Фреге	72	0	9	2.0
177	Готфрід Вільгельм Ляйбніц	582	8	48	16.5
178	Гра без побічних платежів	2	0	1	0.0
179	Градієнтний спуск	202	1	20	6.0
180	Градієнтні методи	51	0	6	2.0
181	Границя	433	5	26	14.0
182	Границя функції в точці	419	2	29	12.5
183	Границя числової послідовності	297	2	32	8.0
184	Граф (математика)	942	13	52	33.0
185	Група (математика)	166	0	28	5.0
186	Група Галуа	9	0	2	0.5
187	Група Лі	39	0	23	0.0
188	Густина імовірності	300	1	21	10.5
189	Ґратка (порядок)	129	0	16	3.5
190	Давид Гільберт	188	0	44	5.0
191	Дванадцяткова система числення	60	0	5	2.0
192	Девід Мамфорд	10	0	2	0.0
193	Декартів добуток множин	708	6	58	19.0
194	Декартова система координат	1272	18	73	40.0
195	Дельта-метод	20	0	3	1.0
196	Дельта-функція Дірака	170	0	12	6.0
197	Дерево (теорія графів)	309	2	26	9.5
198	Джеймс Клерк Максвелл	618	5	57	18.5
199	Джон Конвей	32	0	5	1.0
200	Джон Мілнор	2	0	1	0.0
201	Джон фон Нейман	296	2	39	9.0
202	Джон Форбс Неш	1124	21	54	35.5
203	Джордж Буль	142	0	12	5.0
204	Джуліо Асколі	0	0	0	0.0
205	Дзета-функція Рімана	91	0	13	2.0
206	Диз'юнкт Горна	14	0	3	1.0
207	Динамічна гра	7	0	1	0.0
208	Динамічна система	274	3	19	8.5
209	Дискретна група	2	0	2	0.0
210	Дискретна математика	834	10	62	27.5
211	Дискретний логарифм	33	0	4	1.0
212	Дискримінант	681	10	37	21.5
213	Дисперсійний аналіз	319	3	21	10.0
214	Дисперсія випадкової величини	1546	16	99	52.5
215	Дистрибутивність	161	0	20	4.0
216	Дифеоморфізм	14	0	2	1.0
217	Диференціальна геометрія	87	0	8	2.5
218	Диференціальне рівняння з частинними похідними	155	1	16	4.0
219	Диференціальне та інтегральне числення	140	1	10	5.0
220	Диференціальне числення	236	3	23	6.5
221	Диференційні рівняння	750	6	52	23.5
222	Диференційовний многовид	21	0	3	1.0
223	Дійсне число	3212	65	143	113.0
224	Дійснозначна функція	15	0	3	1.0
225	Ділення	1046	15	72	34.0
226	Діофантові рівняння	172	0	14	5.5
227	Дія (фізика)	44	0	5	1.5
228	Добуток	3548	50	200	121.5
229	Довга арифметика	51	0	6	1.0
230	Доведення	282	1	27	8.5
231	Доведення з нульовим розголошенням	25	0	4	0.0
232	Довжина	1286	12	79	37.0
233	Довжина кривої	45	0	8	1.0
234	Довірчий інтервал	502	2	31	18.0
235	Додавання	673	9	36	22.0
236	Дональд Кнут	101	0	9	3.0
237	Допустимий розв'язок	8	0	1	0.0
238	Досконале число	258	1	27	6.0
239	Дослідження операцій	356	3	23	11.0
240	Дотична	453	7	26	14.0
241	Дотичний простір	10	0	2	0.0
242	Дріб	4151	67	213	150.0
243	Дрінфельд Володимир Гершонович	50	0	6	1.0
244	Друга похідна	139	0	13	4.0
245	Еварист Галуа	131	0	13	4.0
246	Евклід	1069	7	71	31.0
247	Евклідів простір	313	1	32	9.5
248	Евклідова геометрія	381	3	23	12.0
249	Едвард Віттен	16	0	2	0.0
250	Експоненційний розподіл	316	3	34	9.0
251	Ексцентриситет	417	6	36	13.0
252	Елементарна математика	45	0	5	1.0
253	Елі Жозеф Картан	8	0	5	0.0
254	Еліпс	840	10	53	23.5
255	Еліптична крива	122	0	24	3.0
256	Еліптична криптографія	83	0	11	3.0
257	Еліптична функція	14	0	2	1.0
258	Еммі Нетер	150	0	14	4.0
259	Емпірична функція розподілу	172	0	15	5.0
260	Ентропійна швидкість	6	0	2	0.0
261	Ентропія	2741	51	120	92.5
262	Ератосфен	682	7	48	21.0
263	Ергодичний розподіл	13	0	4	1.0
264	Ермітова форма	2	0	1	0.0
265	Ефект метелика (математика)	1010	19	92	33.0
266	Жак Соломон Адамар	35	0	5	1.0
267	Жан-П'єр Серр	15	0	2	1.0
268	Житомирська Світлана Яківна	17	0	2	1.0
269	Життя (гра)	464	5	30	15.0
270	Жозеф-Луї Лагранж	124	0	15	3.5
271	Жорданова нормальна форма	39	0	5	2.0
272	Загальна лінійна група	14	0	2	0.5
273	Загальна теорія відносності	1275	14	89	38.5
274	Загальна топологія	35	0	5	1.0
275	Задання групи	6	0	1	0.5
276	Задача безумовної оптимізації	29	0	5	1.0
277	Задача дробово-лінійного програмування	6	0	3	0.0
278	Задача математичного програмування	21	0	4	1.0
279	Задача оптимізації	236	1	18	7.0
280	Задача опуклого програмування	16	0	3	1.0
281	Задача про пакування в ємності	30	0	4	1.0
282	Задача розв'язності	13	0	5	0.0
283	Задача умовної оптимізації	18	0	3	1.0
284	Закон великих чисел	427	2	47	12.5
285	Закон виключеного третього	232	2	28	6.0
286	Закони Кеплера	1789	18	132	47.5
287	Закони Ланчестера	14	0	3	0.0
288	Закони Ньютона	7096	78	419	214.0
289	Замикання (математика)	49	0	5	1.0
290	Заперечення	337	3	22	10.0
291	Зв'язність (диференціальна геометрія)	4	0	1	0.0
292	Звичайні диференціальні рівняння	66	0	10	2.0
293	Згортка (математичний аналіз)	128	0	19	4.0
294	Зірочка Кліні	15	0	2	1.0
295	Зліченна множина	227	1	18	7.0
296	Знак рівності	567	6	36	18.5
297	Зовнішня алгебра	17	0	4	1.0
298	Зовнішня похідна	4	0	1	0.0
299	Золота спіраль	178	1	17	6.0
300	Золотий перетин	2815	61	149	89.0
301	Ізометрія (математика)	53	0	6	1.5
302	Ізоморфізм	211	0	16	7.0
303	Ізоморфізм груп	25	0	4	1.0
304	Імовірнісна логіка	16	0	3	1.0
305	Імовірність	1080	15	63	33.5
306	Імпульс (механіка)	1943	13	120	69.5
307	Індекс контура відносно точки	6	0	2	0.0
308	Індо-арабська система числення	519	8	35	16.5
309	Інтеграл	2330	31	126	78.5
310	Інтеграл Лебега	90	0	7	3.0
311	Інтегральна теорема Коші	61	0	7	2.0
312	Інтегральна формула Коші	48	0	7	2.0
313	Інтегральне правило Лейбніца	8	0	2	0.0
314	Інтегральне рівняння	40	0	4	1.0
315	Інтервал (математика)	157	1	12	4.5
316	Інтерполяція	631	6	44	20.0
317	Інтерпретації ймовірності	104	1	9	3.0
318	Інформаційна ентропія	609	6	50	19.0
319	Інформаційний критерій Акаіке	98	0	20	2.0
320	Інформація	5464	69	280	201.0
321	Ірвінг Рід	7	0	7	0.0
322	Ірраціональні числа	2528	44	185	74.0
323	Ісаак Ньютон	4598	59	257	161.0
324	Історія геометрії	172	1	12	6.0
325	Історія математики	1150	18	63	40.0
326	Історія математичних позначень	151	0	19	4.5
327	Істотний многовид	2	0	1	0.0
328	Ймовірнісний простір	49	0	9	1.0
329	Йоганн Кеплер	453	5	31	15.0
330	Калібрувальна інваріантність	48	0	5	2.0
331	Канонічна кореляція	15	0	2	0.0
332	Карл Вейєрштрасс	61	0	18	2.0
333	Карл Фрідріх Гаусс	550	6	70	16.5
334	Категорійна змінна	87	0	9	3.0
335	Категорійний розподіл	11	0	2	0.0
336	Квадрат	1489	24	77	49.5
337	Квадратична форма	58	0	7	1.5
338	Квадратичний закон взаємності	16	0	4	0.0
339	Квадратне рівняння	1862	39	89	62.0
340	Квадратний корінь	1710	27	89	57.0
341	Квантова електродинаміка	150	0	25	4.0
342	Квантова криптографія	121	0	16	2.5
343	Квантова логіка	18	0	5	1.0
344	Квантова механіка	993	15	47	34.5
345	Квантова хромодинаміка	91	0	9	2.0
346	Квартет Анскомбе	23	0	6	1.0
347	Китайська теорема про остачі	75	0	7	3.0
348	Кільце (алгебра)	158	1	15	5.0
349	Кільце многочленів	11	0	3	0.0
350	Кільцевий підпис	9	0	2	0.0
351	Кінематика	1155	8	80	40.0
352	Кінетична енергія	3340	30	226	125.5
353	Клавдій Птолемей	707	10	50	21.0
354	Клас еквівалентності	132	0	24	3.0
355	Клас складності NP	79	0	12	2.0
356	Клас складності P	110	0	12	3.0
357	Клас складності PSPACE	7	0	2	0.0
358	Класична механіка	978	9	58	32.0
359	Кластеризація методом к–середніх	321	2	44	9.0
360	Коваріація	242	0	18	8.0
361	Коефіцієнт Баєса	12	0	2	0.0
362	Коефіцієнт Жаккара	82	0	8	3.0
363	Колмогоров Андрій Миколайович	92	0	8	3.0
364	Коло	2237	30	138	71.5
365	Комбінаторика	1040	9	67	34.0
366	Комбінаторна оптимізація	31	0	6	1.0
367	Комбінація (комбінаторика)	607	3	42	20.5
368	Компактний простір	75	0	7	3.0
369	Комплексна площина	80	0	6	2.0
370	Комплексне число	1265	17	61	41.5
371	Комплексний аналіз	132	1	11	4.0
372	Композиція функцій	76	0	16	2.0
373	Компонента зв'язності графа	184	1	12	6.0
374	Комутативна алгебра	14	0	2	1.0
375	Комутативне кільце	36	0	3	1.0
376	Комутативність	286	1	25	8.5
377	Кон'юнкція	604	5	43	18.5
378	Конкатенація	215	0	18	6.5
379	Континуум-гіпотеза	69	0	9	2.0
380	Контрапозиція	30	0	11	1.0
381	Кооперативна гра (теорія ігор)	23	0	3	1.0
382	Кореляція і залежність	1219	24	66	39.0
383	Кортеж (інформатика)	213	1	18	6.0
384	Крайова задача	69	0	9	2.0
385	Крива	224	2	33	6.0
386	Кривина (математика)	99	0	14	3.0
387	Криві другого порядку	260	2	15	9.0
388	Криза основ математики	23	0	4	1.0
389	Криптоаналіз	217	0	22	6.5
390	Криптографічна геш-функція	121	0	13	4.0
391	Криптографічно стійкий генератор псевдовипадкових чисел	43	0	3	1.0
392	Криптографія	1327	22	99	41.5
393	Критерій Фішера	446	1	42	12.0
394	Критична точка (математика)	183	1	15	6.0
395	Куб	1372	19	70	47.0
396	Куля (геометрія)	10	0	2	0.5
397	Курт Гедель	73	0	8	3.0
398	Кут	1456	21	95	41.5
399	Кутова швидкість	1128	10	64	40.5
400	Кутовий коефіцієнт	1135	20	66	36.5
401	Лагранжіан	74	0	9	2.0
402	Лазар Карно	37	0	6	1.0
403	Ланцюги Маркова	263	1	18	9.0
404	Ланцюги Маркова з неперервним часом	8	0	2	0.0
405	Ланцюговий дріб	81	0	9	2.0
406	Лейтзен Егберт Ян Брауер	15	0	2	0.5
407	Лексель Андрій Іванович	20	0	18	0.0
408	Лема Гронуолла — Беллмана	9	0	4	1.0
409	Лема Цорна	14	0	2	1.0
410	Леонард Ейлер	546	6	41	17.0
411	Лінійна алгебра	210	1	17	7.0
412	Лінійна комбінація	100	0	11	3.0
413	Лінійна регресія	556	7	36	16.5
414	Лінійна функція	1069	14	72	35.5
415	Лінійне відображення	111	0	12	3.0
416	Лінійне програмування	393	2	25	13.5
417	Лінійне рівняння	620	8	30	21.5
418	Лінія	299	0	53	7.0
419	Логарифм	2005	35	113	65.0
420	Логарифмічно угнута функція	2	0	1	0.0
421	Логіка	2992	34	210	95.0
422	Логіка в інформатиці	215	1	19	6.0
423	Логіка другого порядку	24	0	2	1.0
424	Логіка першого порядку	114	0	11	4.0
425	Логічний сполучник	210	2	17	6.5
426	Любич Михайло Юрійович	4	0	1	0.0
427	Ляпунов Олександр Михайлович	70	0	7	3.0
428	Майже періодична функція	24	0	5	1.0
429	Майкл Атія	22	0	3	1.0
430	Максимальний ідеал	7	0	2	0.0
431	Маргуліс Григорій Олександрович	12	0	2	0.0
432	Марковська властивість	29	0	3	2.0
433	Марковська модель	65	0	9	2.0
434	Марковський момент часу	4	0	3	0.0
435	Марковський процес	77	0	8	2.0
436	Марковський процес вирішування	45	0	4	2.0
437	Мартингал	34	0	8	1.0
438	Математик	421	4	36	14.0
439	Математика	2689	46	163	87.0
440	Математична індукція	234	0	18	7.5
441	Математична константа	147	1	13	5.0
442	Математична логіка	433	5	36	12.0
443	Математична статистика	420	5	31	12.0
444	Математична фізика	168	1	19	5.0
445	Математичне моделювання	569	6	39	18.5
446	Математичне сподівання	917	9	57	30.0
447	Математичний аналіз	493	5	39	13.5
448	Матриця (математика)	1205	18	68	39.5
449	Матриця суміжності	418	3	36	12.0
450	Машина Тюрінга	722	6	59	21.0
451	Медаль Філдса	588	9	29	20.0
452	Медіана (статистика)	2205	28	131	75.0
453	Мероморфна функція	18	0	3	1.0
454	Метаматематика	5	0	1	0.0
455	Метамова	93	0	7	3.0
456	Метод Гауса	557	6	36	17.0
457	Метод Гауса — Жордана	168	1	17	5.0
458	Метод головних компонент	219	1	17	7.0
459	Метод групового урахування аргументів	41	0	7	1.0
460	Метод золотого перетину	133	0	17	4.0
461	Метод максимальної правдоподібності	185	0	23	5.5
462	Метод матриць переходу	11	0	4	1.0
463	Метод Монте-Карло	442	5	31	12.0
464	Метод невизначених множників	55	0	7	1.0
465	Метод Ньютона	411	5	37	12.0
466	Метод скінченних різниць	81	0	8	2.0
467	Метричний простір	136	1	11	4.0
468	Метричний тензор	40	0	4	1.0
469	Механіка Гамільтона	50	0	7	2.0
470	Мимобіжні прямі	859	13	43	27.5
471	Міжнародна математична олімпіада	116	0	12	4.0
472	Мінімальна довжина повідомлення	5	0	2	0.0
473	Мінімізація булевих функцій за допомоги дужкових форм	37	0	5	2.0
474	Міра множини	65	0	6	2.0
475	Міра Хаара	9	0	4	0.0
476	Мішаний добуток	133	0	16	4.0
477	Многовид	132	0	15	4.0
478	Многогранник	362	0	34	10.5
479	Многокутник	1419	18	81	46.0
480	Многочлен	659	12	43	22.0
481	Множення	910	12	57	29.5
482	Множина	2561	43	130	88.5
483	Мода (статистика)	1250	12	72	40.5
484	Модель Барабаші — Альберт	20	0	3	1.0
485	Модель Блека — Шоулза	70	0	8	2.0
486	Модуль (математика)	1228	14	61	41.0
487	Модуль над кільцем	39	0	7	1.0
488	Модульна арифметика	268	2	19	8.5
489	Модулярна форма	11	0	2	0.5
490	Мультиіндекс	4	0	2	0.0
491	Мультимножина	20	0	3	1.0
492	Найбільше відоме просте число	330	5	20	10.5
493	Найбільший спільний дільник	723	14	40	22.5
494	Найменше спільне кратне	1173	24	58	39.5
495	Накриття (топологія)	6	0	1	0.0
496	Напівмартингал	9	0	2	0.0
497	Нат (одиниця вимірювання)	14	0	3	1.0
498	Натуральні числа	5354	83	261	184.0
499	Начала Евкліда	165	1	18	5.0
500	Нго Бао Чау	4	0	2	0.0
501	Невластивий інтеграл	3	0	1	0.0
502	Недетермінований скінченний автомат	38	0	5	1.5
503	Неевклідова геометрія	157	1	14	4.5
504	Незалежність (теорія ймовірностей)	173	1	22	4.0
505	Незвідний многочлен	53	0	11	1.5
506	Неімплікація	7	0	3	0.0
507	Нелінійні диференціальні рівняння	1	0	1	0.0
508	Неперервна справа функція з лівосторонніми границями	15	0	4	1.0
509	Неперервна функція	406	3	23	15.0
510	Нерівність	1276	25	76	41.0
511	Нерівність Коші — Буняковського	380	4	28	12.0
512	Нерівність трикутника	282	0	18	10.0
513	Нерівність Чебишова	82	0	9	2.0
514	Нескінченність	552	6	29	18.0
515	Нечітка множина	144	0	13	4.0
516	Ніколя Бурбакі	36	0	4	1.0
517	Нільпотентна група	6	0	2	0.0
518	Нім (гра)	76	0	10	2.0
519	Норма (математика)	147	0	16	4.0
520	Норма (теорія полів)	3	0	2	0.0
521	Нормальна підгрупа	32	0	15	0.0
522	Нормальний розподіл	1461	17	95	50.5
523	Обернена функція	584	6	45	19.0
524	Обернені тригонометричні функції	1281	14	72	45.0
525	Область визначення	2178	32	120	71.0
526	Область значень	731	8	41	23.0
527	Область цілісності	25	0	6	1.0
528	Обчислювальна математика	128	0	20	3.5
529	Обчислювана функція	31	0	4	1.0
530	Оґюстен-Луї Коші	128	0	10	4.0
531	Одностороння функція	33	0	7	1.0
532	Окіл	87	0	7	3.0
533	Омар Хаям	1706	34	88	56.0
534	Оператор Лапласа	143	0	15	5.0
535	Оптимізація (математика)	373	1	26	11.0
536	Оптимум Парето	278	2	22	8.0
537	Опукла комбінація	11	0	6	0.0
538	Опукла множина	75	0	7	2.0
539	Опукла функція	138	0	13	4.0
540	Ортогональна матриця	53	0	10	1.0
541	Ортогональність	213	1	17	8.0
542	Ортонормований базис	46	0	6	1.0
543	Оскар Зарицький	16	0	12	0.0
544	Основна теорема алгебри	111	1	10	3.0
545	Основна теорема арифметики	96	0	11	3.0
546	Оцінка апостеріорного максимуму	32	0	5	1.0
547	Оцінка густини	33	0	4	1.0
548	П'єр Рене Делінь	11	0	2	0.0
549	П'єр Ферма	124	0	10	4.0
550	П'єр-Симон Лаплас	151	0	13	4.0
551	П'ятикомірник	18	0	3	1.0
552	Пал Ердеш	56	0	6	1.0
553	Парабола	1080	20	61	34.5
554	Парадокс Банаха — Тарського	191	2	19	5.0
555	Парадокс Расселла	154	0	10	5.0
556	Паралельність	492	6	36	15.5
557	Параметр	277	2	17	9.5
558	Переважне приєднання	9	0	3	1.0
559	Перевірка відношенням правдоподібностей	23	0	5	1.0
560	Перевірка статистичних гіпотез	244	1	16	8.0
561	Перельман Григорій Якович	851	13	64	24.5
562	Перестановка	377	4	42	10.0
563	Перетворення Гільберта	32	0	3	1.0
564	Перетворення Лапласа	202	1	15	7.0
565	Перетворення Фур'є	467	4	33	15.5
566	Перетин множин	458	3	34	15.0
567	Перехресна ентропія	50	0	6	2.0
568	Перехресна перевірка	78	0	8	3.0
569	Периметр	536	6	33	19.0
570	Періодична функція	393	5	28	12.0
571	Періодичний стан	10	0	7	1.0
572	Підмножина	682	4	47	23.0
573	Піднесення до степеня	2076	36	157	70.5
574	Підстановка	23	0	3	1.0
575	Піфагор	4653	48	272	143.0
576	Планування експерименту	460	4	34	15.5
577	Площа	2811	40	139	101.0
578	Площа поверхні	54	0	7	1.0
579	Площина	472	5	29	14.5
580	Поверхневий інтеграл	74	0	8	2.0
581	Поверхня	220	0	25	6.0
582	Повний метричний простір	44	0	5	2.0
583	Подвійні числа	11	0	2	1.0
584	Подільність	199	0	17	6.0
585	Позиційна система числення	646	2	63	17.5
586	Показникова функція	793	9	52	24.0
587	Пол Джозеф Коен	14	0	2	1.0
588	Поле (алгебра)	149	1	11	4.5
589	Поле Галуа	116	1	17	2.5
590	Поліноми Ерміта	46	0	4	1.0
591	Поль Дірак	102	0	9	3.0
592	Полюс (комплексний аналіз)	15	0	2	1.0
593	Полярна система координат	455	4	28	15.0
594	Помилки першого і другого роду	199	1	29	6.0
595	Порядкове число	44	0	5	1.0
596	Послідовність	623	7	45	21.0
597	Послідовність Фібоначчі	1004	12	60	32.5
598	Потужність множини	404	4	25	14.0
599	Похибки та залишки	151	1	15	4.5
600	Похідна	2984	47	165	102.5
601	Правило висновування	32	0	5	1.0
602	Правило Лопіталя	301	1	30	7.0
603	Правильний многокутник	925	10	66	27.0
604	Правильний трикутник	2445	35	132	79.5
605	Представлення групи	31	0	16	0.0
606	Приблизне баєсове обчислення	25	0	4	1.0
607	Прикладна математика	386	6	24	12.0
608	Принцип детальної рівноваги	8	0	2	0.0
609	Принцип Діріхле	229	1	17	7.0
610	Принцип максиміну	28	0	4	1.0
611	Припущення	149	0	12	5.0
612	Прискорення	5577	37	391	165.5
613	Пристосованість (статистика)	14	0	2	0.0
614	Проблема зупинки	84	0	19	2.0
615	Проблема чотирьох фарб	119	1	9	3.5
616	Проблеми Гільберта	119	0	9	3.5
617	Проєктивна геометрія	36	0	4	1.0
618	Проєктивний простір	10	0	3	0.0
619	Проста група	5	0	1	0.0
620	Просте число	1760	38	92	56.5
621	Простий ідеал	12	0	4	0.0
622	Простір Мінковського	89	1	9	3.0
623	Простір Шварца	3	0	2	0.0
624	Простір Lp	47	0	4	2.0
625	Просторово-часовий інтервал	133	0	11	4.5
626	Протокол узгодження ключів	15	0	3	1.0
627	Процес Леві	7	0	1	0.5
628	Пряма	726	7	61	22.5
629	Пряма секретність	28	0	5	1.0
630	Прямий кут	439	3	29	15.0
631	Прямокутний трикутник	9510	135	488	327.0
632	Псевдотріангуляція	20	0	14	0.0
633	Пучок (математика)	13	0	2	0.0
634	Радіальна базисна функція	49	0	17	1.0
635	Радіан	873	14	55	26.5
636	Радіус	1537	26	87	53.5
637	Раціональна функція	58	0	6	2.0
638	Раціональні числа	4282	68	239	149.5
639	Регістр зсуву з лінійним зворотним зв'язком	29	0	4	1.0
640	Регресійний аналіз	800	10	40	27.5
641	Регуляризація (математика)	41	0	7	2.0
642	Рене Декарт	1886	20	141	63.0
643	Рене Том	6	0	1	0.0
644	Рерайтинг (математика)	16	0	4	1.0
645	Римська система числення	4062	82	189	135.5
646	Рівність класів P і NP	251	1	36	7.0
647	Рівновага Неша	278	4	17	9.5
648	Рівномірна збіжність	38	0	5	1.0
649	Рівномірна обмеженість	10	0	2	0.0
650	Рівностепенева неперервність	5	0	1	0.0
651	Рівняння	939	11	74	30.0
652	Рівняння Дірака	122	0	20	3.0
653	Рівняння конвекції-дифузії	40	0	8	1.0
654	Рівняння Лапласа	52	0	5	1.0
655	Рівняння Максвелла	612	4	36	19.5
656	Рівняння Нав'є — Стокса	274	3	23	8.0
657	Рівняння Пелля	26	0	4	1.0
658	Рівняння Смолюховського	3	0	3	0.0
659	Рівняння теплопровідності	106	0	9	3.0
660	Рівняння Фоккера-Планка	26	0	8	0.0
661	Рівняння Чепмена — Колмогорова	22	0	6	0.0
662	Рівняння четвертого степеня	230	1	41	5.0
663	Рівняння Шредінгера	314	3	32	10.5
664	Ріманова поверхня	36	0	4	1.0
665	Ріхард Дедекінд	29	0	6	1.0
666	Річард Евен Борхердс	11	0	3	0.0
667	Роджер Пенроуз	66	0	10	2.0
668	Розбиття множини	124	0	9	3.0
669	Розв'язна група	9	0	2	0.0
670	Розвідувальний аналіз	40	0	5	1.0
671	Роздрібнена множина	3	0	1	0.0
672	Розмірність простору	96	0	9	3.0
673	Розподіл ймовірностей	402	4	23	13.5
674	Розподіл Коші	63	0	17	2.0
675	Розподіл Пуассона	390	3	26	12.0
676	Розподіл хі-квадрат	116	0	10	4.0
677	Розфарбовування ребер	14	0	4	0.0
678	Розходження Кульбака — Лейблера	28	0	7	1.0
679	Розширений фільтр Калмана	29	0	6	1.0
680	Розширення поля	14	0	3	0.0
681	Рональд Фішер	57	0	7	1.0
682	Ряд (математика)	274	2	20	9.0
683	Ряд Тейлора	560	5	33	19.0
684	Ряд Фур'є	487	6	31	15.0
685	Саймон Дональдсон	8	0	2	0.0
686	Середнє арифметичне	1094	10	64	36.5
687	Середнє значення	741	10	53	24.0
688	Сигма-алгебра	61	0	12	2.0
689	Силогізм	590	6	42	18.5
690	Символ Кронекера	53	0	6	2.0
691	Символ Похгаммера	17	0	4	1.0
692	Симетрична група	33	0	6	1.0
693	Симетрія	1396	22	72	47.0
694	Симетрія в математиці	184	1	13	5.0
695	Симплекс	95	0	7	3.0
696	Симплекс-метод	230	0	15	7.0
697	Сингулярний розклад матриці	95	0	8	3.0
698	Сингулярні гомології	5	0	3	0.0
699	Система координат	1264	12	64	43.0
700	Система лінійних алгебраїчних рівнянь	672	6	44	22.5
701	Система числення	1298	15	80	43.5
702	Сімеон-Дені Пуассон	50	0	5	1.0
703	Скаляр	277	3	25	8.5
704	Скалярний добуток	1068	14	73	34.5
705	Скінченна множина	192	0	28	5.0
706	Скінченні різниці	39	0	6	1.0
707	Складано-ножева перевибірка	8	0	2	0.0
708	Складене число	756	8	49	25.0
709	Соломон Лефшец	7	0	1	0.0
710	Спектральна теорема	2	0	1	0.0
711	Спеціальна теорія відносності	3389	17	247	112.0
712	Список математичних категорій	69	0	6	2.0
713	Список областей застосування статистики	27	0	25	1.0
714	Список тригонометричних тотожностей	1748	27	94	63.0
715	Спільна ентропія	16	0	3	1.0
716	Спінор	20	0	3	1.0
717	Спліт-кватерніони	3	0	1	0.0
718	Спрямований ациклічний граф	49	0	6	2.0
719	Срініваса Рамануджан	483	5	28	16.5
720	Стандартна модель	274	3	20	9.0
721	Стандартне відхилення	2051	31	111	75.5
722	Статистика	2633	44	146	85.0
723	Статистична дисперсія	281	2	22	8.5
724	Статистична значущість	535	8	31	17.0
725	Статистична механіка	111	0	14	2.5
726	Статистичне висновування	126	0	11	4.0
727	Стаціонарна точка	149	1	13	5.0
728	Степеневий ряд	90	1	9	2.0
729	Степінь трансцендентності	5	0	3	0.0
730	Стефан Банах	208	1	17	6.5
731	Стівен Смейл	11	0	2	0.0
732	Стохастична гра	5	0	2	0.0
733	Стохастична матриця	18	0	3	1.0
734	Стохастична модель	127	0	16	4.0
735	Стохастичне числення Іто	7	0	3	0.0
736	Сума	1085	16	56	38.0
737	Сфера	801	7	46	26.5
738	Сфера Рімана	28	0	5	1.0
739	Сферична система координат	309	5	18	10.0
740	Сюр'єкція	179	0	25	6.0
741	Таблиця множення	402	5	23	15.0
742	Теза Черча — Тюрінга	45	0	7	1.0
743	Тензорний добуток	35	0	4	1.0
744	Теорема	550	3	91	12.0
745	Теорема Асколі — Арцела	17	0	4	0.0
746	Теорема Баєса	635	10	44	19.0
747	Теорема Банаха про нерухому точку	30	0	3	1.0
748	Теорема Гамільтона — Келі	21	0	4	1.0
749	Теорема Гана — Банаха	13	0	4	0.0
750	Теорема Кантора	37	0	4	1.0
751	Теорема косинусів	2441	28	142	83.0
752	Теорема Лагранжа	224	1	15	7.5
753	Теорема Лагранжа (теорія груп)	24	0	5	1.0
754	Теорема Льовенгейма — Сколема	3	0	1	0.0
755	Теорема Піфагора	6334	117	356	211.5
756	Теорема про планарне розбиття	17	0	3	0.0
757	Теорема про розподіл простих чисел	43	0	13	1.0
758	Теорема Рамсея	22	0	3	1.0
759	Теорема Рімана — Роха	8	0	3	0.5
760	Теорема синусів	1453	17	73	53.5
761	Теорема Скорохода про вкладення	7	0	3	0.0
762	Теорема Стокса	82	0	7	2.0
763	Теореми Веєрштраса у банахових просторах	3	0	1	0.0
764	Теореми Геделя про неповноту	192	2	12	6.0
765	Теореми про ізоморфізми	18	0	3	0.0
766	Теоретична інформатика	80	0	7	2.5
767	Теорія алгоритмів	274	2	19	9.0
768	Теорія Вапника — Червоненкіса	11	0	2	0.0
769	Теорія випадкових процесів	49	0	11	1.0
770	Теорія відносності	3595	39	305	107.5
771	Теорія Галуа	37	0	5	1.0
772	Теорія графів	711	5	48	24.5
773	Теорія груп	114	0	19	3.0
774	Теорія ігор	1095	17	92	32.0
775	Теорія інваріантів	7	0	2	0.0
776	Теорія інформації	433	3	44	14.5
777	Теорія ймовірностей	1632	29	84	54.0
778	Теорія категорій	122	0	19	3.0
779	Теорія керування	202	3	16	6.0
780	Теорія кодування	161	0	16	4.5
781	Теорія масового обслуговування	119	0	11	3.0
782	Теорія мереж	42	0	5	1.0
783	Теорія множин	574	7	38	18.5
784	Теорія множин Цермело — Френкеля	33	0	5	1.0
785	Теорія наближень	22	0	4	1.0
786	Теорія обчислюваності	34	0	5	1.0
787	Теорія порядку	15	0	3	0.5
788	Теорія представлень	22	0	6	0.5
789	Теорія Серфа	2	0	1	0.0
790	Теорія складності обчислень	144	1	10	5.0
791	Теорія статистичного навчання	18	0	4	1.0
792	Теорія хаосу	599	6	33	19.0
793	Теорія чисел	242	2	16	8.0
794	Теплокарта	40	0	7	2.0
795	Теренс Тао	30	0	3	1.0
796	Тесеракт	359	3	43	9.0
797	Тімоті Гауерс	5	0	1	0.0
798	Тоді й лише тоді	48	0	5	1.0
799	Топологічна група	23	0	9	0.0
800	Топологічний векторний простір	12	0	3	0.0
801	Топологічний простір	83	0	6	3.0
802	Топологія	548	4	42	17.0
803	Топологія Зариського	12	0	3	0.0
804	Тотожне відображення	23	0	3	0.5
805	Тотожність	995	14	54	33.5
806	Тотожність Ейлера	78	0	7	2.5
807	Точка	355	3	22	12.0
808	Точність до	19	0	3	0.5
809	Трансцендентне число	148	1	23	3.0
810	Трапеція	2908	62	139	96.5
811	Тривимірний простір	72	0	13	1.5
812	Тригонометричні функції	5294	88	291	172.0
813	Тригонометрія	864	14	54	27.0
814	Трикутник	3600	58	196	125.0
815	Трикутник Рело	219	1	19	6.0
816	Тріангуляція (геометрія)	74	0	11	2.0
817	Узагальнена функція	23	0	4	1.0
818	Умови Коші — Рімана	57	0	9	1.0
819	Умовна ентропія	52	0	6	2.0
820	Умовне математичне сподівання	42	0	8	1.0
821	Унарна операція	73	0	6	2.5
822	Уявна одиниця	226	1	15	7.0
823	Фазовий простір	82	0	10	2.0
824	Факторгрупа	35	0	16	0.5
825	Факторизація	138	1	10	4.0
826	Факторпростір	11	0	1	1.0
827	Фелікс Гаусдорф	28	0	5	1.0
828	Фелікс Кляйн	28	0	7	1.0
829	Фібоначчі	569	5	47	18.5
830	Фізика	2367	37	131	76.0
831	Філософія математики	54	0	8	1.0
832	Фільтр Калмана	174	1	16	4.0
833	Формальний степеневий ряд	19	0	6	1.0
834	Формула	600	2	109	15.5
835	Формула Гауса — Бонне	28	0	3	1.0
836	Формула Ейлера	361	3	24	12.0
837	Формула Муавра	125	1	15	4.0
838	Формула Ньютона — Лейбніца	532	5	41	18.0
839	Формула Остроградського	110	0	10	3.0
840	Формула повної ймовірності	438	2	49	13.0
841	Формула Фейнмана — Каца	9	0	3	0.0
842	Фрактал	1238	19	68	41.0
843	Фрактальна розмірність	51	0	7	1.0
844	Франсуа Вієт	383	3	49	9.5
845	Фундаментальна група	5	0	1	0.0
846	Фундаментальна послідовність	56	0	7	2.0
847	Функтор	25	0	4	1.0
848	Функції Бесселя	68	0	8	2.0
849	Функціональна похідна	18	0	4	1.0
850	Функціональний аналіз	198	2	16	6.0
851	Функціональний ряд	62	0	10	2.0
852	Функція (математика)	2970	42	212	95.0
853	Функція внеску	6	0	1	0.0
854	Функція Ейлера	139	0	17	3.0
855	Функція Мебіуса	20	0	3	1.0
856	Функція правдоподібності	128	1	16	4.0
857	Функція розподілу (статистична фізика)	10	0	5	0.0
858	Функція розподілу ймовірностей	393	3	29	11.5
859	Характер представлення групи	4	0	2	0.0
860	Характеристика Ейлера	32	0	6	1.0
861	Характеристична функція	94	0	14	2.0
862	Хвильове рівняння	189	0	32	5.0
863	Хеш-функція	585	5	44	18.5
864	Хроматичне число	63	0	7	1.5
865	Центральна гранична теорема	195	0	15	6.0
866	Центральний момент	68	0	11	2.0
867	Циклічний підклас	1	0	1	0.0
868	Циліндрична система координат	88	0	10	3.0
869	Цифри	1713	35	99	54.5
870	Ціла функція	23	0	3	1.0
871	Цілі числа	4142	71	210	144.0
872	Цілком впорядкована множина	29	0	4	1.0
873	Цілком неперервний оператор	7	0	2	0.0
874	Чарлз Сандерс Пірс	86	0	12	2.0
875	Час	2304	30	113	80.5
876	Часова область	25	0	4	0.0
877	Часовий ряд	273	3	15	8.5
878	Часткова похідна	313	2	22	9.0
879	Частково впорядкована множина	131	1	10	4.0
880	Частота події	102	0	12	3.0
881	Чезаре Арцела	2	0	1	0.0
882	Чисельне інтегрування	71	0	12	2.0
883	Чисельні методи	654	7	46	20.0
884	Числа Бернуллі	52	0	6	2.0
885	Числення висловлень	122	0	11	4.0
886	Число	1384	20	101	43.0
887	Число пі	5085	110	303	158.0
888	Чиста математика	33	0	6	1.0
889	Чотири арифметичні дії	1853	34	98	61.0
890	Шарль Ерміт	15	0	2	1.0
891	Швидке перетворення Фур'є	209	0	14	7.0
892	Швидкість	4313	52	255	148.0
893	Шинтан Яу	12	0	2	0.0
894	Шифр	158	0	16	5.0
895	Шифрування	616	6	43	20.0
896	Шіінг-Шен Черн	5	0	2	0.0
897	Шістнадцяткова система числення	837	10	55	27.0
898	Шлях (теорія графів)	58	0	10	2.0
899	Щербина Марія Володимирівна	31	0	3	1.5
900	Якобіан	44	0	7	1.0
901	Co-NP	6	0	1	0.0
902	E (число)	1331	20	77	45.5
903	EXPTIME	9	0	3	0.0
904	Gnuplot	17	0	4	0.5
905	Hashcash	7	0	2	0.0
906	Maple	144	0	10	5.0
907	Mathematica	116	0	36	3.0
908	MathML	47	0	6	1.0
909	NP-повна задача	136	1	13	4.0
910	NP-складна задача	58	0	6	1.0
911	PCP-теорема	4	0	1	0.0
912	T-критерій Стьюдента	930	13	72	29.0
913	T-розподіл Стьюдента	205	0	21	6.0
