1	5-фторурацил	143	0	13	4.5
2	Абакавір	53	0	8	2.0
3	Абакавір/Ламівудин	15	0	3	1.0
4	Абарестезія	10	0	1	1.0
5	Абатестезія	7	0	1	0.0
6	Абдоміналізація серця	26	0	5	1.0
7	Абдомінопластика	222	1	16	7.0
8	Абсанс	362	4	26	12.0
9	Абсцес	2587	54	123	87.5
10	Абсцес легень	1831	22	102	59.0
11	Август Вагенманн	2	0	1	0.0
12	Авілова Ольга Матвіївна	91	0	19	2.5
13	Авітамінози	2084	40	111	66.0
14	Австралійський кліщовий рикетсіоз	30	0	3	1.0
15	Автоімунні захворювання	1880	37	94	62.5
16	Агнозія	519	7	35	15.5
17	Агомелатин	75	0	6	2.0
18	Агорафобія	800	16	39	26.5
19	Агранулоцитоз	928	18	49	29.0
20	Адалімумаб	94	0	8	3.0
21	Адам Крістіян Тебезій	5	0	2	0.0
22	Аддералл	881	13	91	27.0
23	Аддісонова хвороба	1595	29	94	54.0
24	Аделькі Негрі	5	0	2	0.0
25	Аденовіруси	573	7	44	17.0
26	Аденовірусна інфекція	1677	23	111	50.5
27	Аденома гіпофіза	332	3	18	12.0
28	Аденома щитоподібної залози	340	1	21	12.5
29	Адинамія	89	1	8	3.0
30	Адонізид	46	0	7	1.5
31	Адреналектомія	41	0	4	1.5
32	Адреногенітальний синдром	570	8	34	20.0
33	Адренокортикальна аденома	114	1	11	4.0
34	Адренокортикальна карцинома	35	0	4	1.0
35	Адренокортикотропний гормон	626	7	34	21.0
36	Адсорбована коклюшно-дифтерійно-правцева вакцина	1068	11	67	35.5
37	Аерофагія	108	1	8	3.0
38	Азеластин	30	0	4	1.0
39	Азилсартан	48	0	4	1.5
40	Азитроміцин	1106	23	48	37.5
41	Азлоцилін	32	0	10	1.0
42	Азооспермія	200	1	14	6.5
43	Азотемія	195	0	16	6.5
44	Азтреонам	37	0	6	1.0
45	Айван Магілл	2	0	2	0.0
46	Айзенберг Олександр Абрамович	4	0	3	0.0
47	Аймалін	50	0	6	2.0
48	Акінезія	81	0	7	3.0
49	Акне	3441	74	183	110.0
50	Акривастин	19	0	5	1.0
51	Акрихін	37	0	6	1.0
52	Акромегалія	809	9	41	27.0
53	Актиномікоз	319	3	38	9.0
54	Актовегін	332	4	20	10.5
55	Акушерка	228	3	17	6.0
56	Алберт Аґуайо	2	0	1	0.0
57	Александер Флемінг	793	14	55	25.5
58	Алексія	101	1	12	3.0
59	Алемтузумаб	19	0	3	1.0
60	Алергічний дерматит	481	5	32	15.0
61	Алергія на латекс	91	0	7	3.0
62	Алессандра Джиліані	4	0	2	0.0
63	Алкоголізм	4234	83	204	137.0
64	Алоїз Альцгеймер	114	1	9	4.0
65	Алоїз Капуано	2	0	1	0.0
66	Алпразолам	940	18	47	31.5
67	Альбендазол	581	8	41	19.0
68	Альберт Нейссер	19	1	7	2.5
69	Альберто Асколі	6	0	1	0.0
70	Альберто Бартон	2	0	1	0.0
71	Альбумінурія	66	1	7	2.0
72	Альдостерон	789	14	47	26.0
73	Альфа-адреноблокатори	592	6	34	19.5
74	Альфа-клітина	17	0	3	1.0
75	Альфа-фетопротеїн	637	2	45	22.5
76	Альфонс Якоб	1	0	1	0.0
77	Альфред Вельпо	13	0	3	0.0
78	Альфузозин	21	0	4	1.0
79	Амантадин	100	0	7	3.0
80	Амбазон	56	0	5	2.0
81	Амбліопія	1044	17	77	33.0
82	Амброксол	615	10	32	19.5
83	Амебіаз	1132	15	64	36.5
84	Аменорея	1051	16	63	34.5
85	Американська колегія хірургів	4	0	1	0.0
86	Амізон	687	7	50	21.0
87	Амікацин	171	2	16	5.0
88	Амілоїд	135	1	13	4.0
89	Амілоїдоз	943	14	52	31.5
90	Амімія	42	0	6	1.0
91	Аміноглікозиди	619	7	41	20.0
92	Амінотрансферази	214	2	14	8.0
93	Аміодарон	236	1	15	8.0
94	Амісульприд	65	0	7	2.0
95	Амітриптилін	755	13	52	23.0
96	Амлодипін	563	11	33	19.0
97	Амнезія	786	15	41	26.0
98	Амніоцентез	170	2	12	5.0
99	Амоксицилін	1322	16	99	40.5
100	Амоксицилін/клавуланова кислота	626	6	69	19.0
101	Амосов Микола Михайлович	3304	59	160	106.0
102	Ампренавір	4	0	1	0.0
103	Ампутація	267	3	26	8.5
104	Амрінон	17	0	4	1.0
105	Амтолметин гуацил	21	0	4	0.0
106	Амузія	42	0	4	1.0
107	Амфетамін	3865	108	164	130.0
108	Амфотерицин В	106	0	11	3.0
109	Анагрелід	21	0	4	0.0
110	Анапластичний рак щитоподібної залози	63	0	12	2.0
111	Анасарка	482	4	30	15.0
112	Анастомоз	259	1	19	8.5
113	Анастрозол	81	0	6	2.0
114	Анатоксин	295	3	27	9.0
115	Анатомічний театр Київського університету Св. Володимира	48	0	4	2.0
116	Анатомо-терапевтично-хімічна класифікація	213	1	22	6.5
117	Анафілаксія	644	6	33	22.5
118	Анафілактичний шок	3495	33	248	122.0
119	Ангіологія	55	0	9	1.0
120	Ангіома	409	6	23	14.0
121	Ангіосаркома	54	0	6	2.0
122	Ангіосаркома щитоподібної залози	16	0	3	1.0
123	Ангіоспазм	203	0	13	7.0
124	Ангіостронгільоз	24	0	3	1.0
125	Анджело Челлі	3	0	1	0.0
126	Андрейчин Михайло Антонович	184	1	17	6.0
127	Андрогени	663	9	50	20.5
128	Андростендіон	123	0	11	3.0
129	Аневризма	1560	34	77	50.5
130	Аневризма аорти	1063	18	58	36.0
131	Анемія	8911	163	397	338.5
132	Анестезія	1232	19	72	42.0
133	Анеуплоїдія	902	7	67	24.5
134	Анідулафунгін	11	0	4	0.0
135	Анізакіди	31	0	4	1.0
136	Анізакідоз	102	0	14	2.0
137	Анізокорія	794	13	46	25.0
138	Анкілоз	394	4	26	12.5
139	Анкілозуючий спондилоартрит	1773	30	90	60.0
140	Анкілостомози	128	0	11	4.0
141	Анорексія (симптом)	2141	37	159	69.0
142	Антагоністи альдостерону	132	0	11	5.0
143	Антиаритмічні препарати	630	5	38	22.0
144	Антигіпертензивні препарати	1555	23	90	54.5
145	Антипсихотичні препарати	988	19	45	32.5
146	Антитіла	2538	41	144	86.0
147	Антифосфоліпідний синдром	276	3	28	7.0
148	Антон Вексельбаум	7	0	1	0.0
149	Антон Гон	48	0	7	2.0
150	Антоні Крупський	2	0	1	0.0
151	Антраль	1380	28	76	43.0
152	Антропоноз	1065	14	75	34.5
153	Анурія	458	5	30	15.0
154	Аортальна недостатність	504	2	32	17.0
155	Апатія (медицина)	1875	39	103	59.5
156	Апендицит	3213	66	138	106.0
157	Апное	601	9	46	19.0
158	Апное уві сні	881	20	53	29.0
159	Аполіпопротеїн A1	37	0	4	1.0
160	Апраксія	497	5	29	16.5
161	Апрепітант	9	0	2	0.0
162	Аптека	457	3	38	13.0
163	Арахноїдит	627	6	35	21.5
164	Арбідол	1021	5	205	16.5
165	Арбовірусні хвороби	130	1	10	4.0
166	Аргентинська геморагічна гарячка	32	0	6	1.0
167	Арипіпразол	57	0	4	2.0
168	Арман Труссо	9	0	1	0.0
169	Армодафініл	160	1	14	5.0
170	Артеріальна гіпертензія	8927	140	458	311.0
171	Артеріальна гіпотензія	2519	45	121	83.5
172	Артеріосклероз	218	1	19	7.0
173	Артерія м'яза-підіймача яєчка	11	0	3	1.0
174	Артерія сім'явивідної протоки	14	0	2	1.0
175	Артерія яєчка	66	0	7	2.0
176	Артралгія	548	6	39	19.0
177	Артремфіт	70	0	7	2.0
178	Артрит	2700	62	126	90.5
179	Артроз плечового суглоба	165	1	17	5.0
180	Артропластика	72	0	10	2.0
181	Артур Ернест Гведел	18	0	6	0.0
182	Асептика	1057	9	89	31.5
183	Аскарида людська	3496	57	172	125.0
184	Аскаридоз	2423	36	132	83.0
185	Аспарагіназа	33	0	4	1.0
186	Аспергільоз	205	2	16	6.0
187	Астазія	45	0	5	1.0
188	Астемізол	19	0	4	1.0
189	Астенія	2472	48	117	80.5
190	Асфіксія	2613	34	157	91.5
191	Асцит	822	16	44	27.0
192	Атазанавір	33	0	4	1.0
193	Атаксія	860	12	61	27.5
194	Атезолізумаб	32	0	5	1.0
195	Ателектаз легені	1321	19	67	42.0
196	Атеросклероз	6413	111	367	224.0
197	Атетоз	127	0	10	4.0
198	Атипова пневмонія	1533	20	104	48.5
199	Атлант (анатомія)	472	3	48	14.0
200	Атоваквон	17	0	3	0.0
201	Атомоксетин	28	0	11	3.0
202	Атонія	242	2	15	7.0
203	Аторвастатин	177	1	22	5.0
204	Атропін	874	11	44	28.5
205	Атрофія	624	11	35	21.0
206	Аура (симптом)	223	2	20	7.0
207	Аускультація	493	3	45	16.0
208	Аутопсія	703	11	55	22.0
209	Аутотрансплантація	127	1	11	4.0
210	Афект первинний	44	0	8	1.0
211	Афінська моровиця	67	5	13	8.0
212	Афонія	118	0	17	3.0
213	Афти	116	0	12	3.0
214	Ахілів рефлекс	249	2	21	7.0
215	Ахондроплазія	615	2	67	16.0
216	Ацеклофенак	75	0	7	2.0
217	Аценокумарол	102	0	10	3.0
218	Ацетилсаліцилова кислота/гідроксид магнію	90	0	8	2.0
219	Ацетилцистеїн	510	6	25	17.0
220	Ацикловір	942	16	48	32.0
221	Бабезіоз	261	3	15	9.0
222	Базиліксимаб	10	0	3	0.0
223	Базофілопенія	5	0	2	0.0
224	Бактеріємія	250	3	20	7.0
225	Балантидіаз	316	0	27	10.0
226	Бальнеологія	424	7	26	14.0
227	Барабанна струна	102	1	9	4.0
228	Бардах Яків Юлійович	171	0	154	1.0
229	Барлова хвороба	52	0	4	2.0
230	Баротравма	148	2	11	5.0
231	Бартолініт	174	1	16	5.0
232	Бартолінові залози	465	8	29	14.5
233	Бартонельози	61	1	6	2.0
234	Баттологія	26	0	4	1.0
235	Бацилярний ангіоматоз	19	0	3	1.0
236	Бацилярний пурпурний гепатит	29	0	3	1.5
237	Бевацизумаб	94	0	8	4.0
238	Бедаквілін	126	0	11	4.0
239	Беджель	112	1	9	3.5
240	Безифлоксацин	5	0	1	0.0
241	Безоар	151	1	19	4.5
242	Безредка Олександр Михайлович	122	0	38	2.0
243	Безсоння	1038	20	58	33.5
244	Беклометазон	70	0	6	2.0
245	Беміпарин	17	0	3	1.0
246	Беназеприл	38	0	5	1.0
247	Бендамустин	61	0	5	2.0
248	Бенджамін Раш	19	0	2	1.0
249	Бенедикт Ваґнер	3	0	1	0.0
250	Бензатин бензилпеніцилін	176	2	13	6.0
251	Бензатин феноксиметилпеніцилін	16	0	4	1.0
252	Бензобарбітал	27	0	3	1.0
253	Бенфлуорекс	10	0	2	0.0
254	Бепридил	19	0	5	1.0
255	Бері-бері	667	7	37	23.0
256	Бернгард Нохт	2	0	1	0.0
257	Бета-2-адреностимулятори	350	2	40	10.5
258	Бета-блокатор	1599	24	88	54.5
259	Бета-клітина	69	0	5	2.0
260	Бета-лактамази	157	0	15	4.0
261	Бетагістин	109	0	9	3.0
262	Бетаксолол	35	0	6	1.0
263	Бешиха	4921	85	272	177.5
264	Бівалірудин	18	0	6	1.0
265	Бігуняк Володимир Васильович	41	0	5	1.0
266	Бікалутамід	37	0	4	1.0
267	Біла гарячка	1260	27	62	42.0
268	Біластин	96	0	8	3.0
269	Біль	1064	14	77	32.5
270	Біль за грудиною	127	1	9	4.0
271	Біодоступність	311	3	29	9.0
272	Біохімічний аналіз крові	3596	52	221	129.5
273	Біпериден	22	0	4	1.0
274	Біполярний афективний розлад	4720	99	198	165.0
275	Біфоназол	38	0	5	1.0
276	Бічний аміотрофічний склероз	1823	36	84	60.0
277	Бленорея	167	1	16	4.5
278	Блеоміцин	34	0	3	1.0
279	Блефарит	358	6	28	10.0
280	Близькосхідний коронавірусний респіраторний синдром	2196	25	163	64.5
281	Бліда куля	105	0	8	3.0
282	Блокатори кальцієвих каналів	1167	18	63	38.0
283	Блокатори H2-гістамінових рецепторів	563	5	39	18.0
284	Блювання	631	11	39	20.0
285	Богданов Іван Лукіянович	3	0	1	0.0
286	Бокавірусна інфекція	75	0	7	2.5
287	Болівійська геморагічна гарячка	14	0	3	1.0
288	Бородавка	1481	28	69	50.0
289	Борозна (мозок)	1202	4	107	29.5
290	Ботулізм	2979	55	172	95.0
291	Боцепревір	5	0	3	0.0
292	Брадикардія	2566	43	125	88.0
293	Брахідактилія	306	3	24	8.5
294	Браян Артур Селлік	4	0	1	0.0
295	Брентуксимаб ведотин	21	0	3	1.0
296	Бретилію тозилат	27	0	5	1.0
297	Бривудин	15	0	3	1.0
298	Брижа (кишечник)	435	4	36	13.5
299	Бринцидофовір	45	0	14	1.0
300	Бромгексин	494	5	34	15.5
301	Бромокриптин	116	1	9	3.0
302	Бронхіальна астма	4313	62	221	152.0
303	Бронхіт	7182	129	318	253.5
304	Бронхоектатична хвороба	1767	30	101	53.0
305	Бронхоспазм	519	8	35	16.5
306	Бругіоз	44	0	5	1.0
307	Бруцельоз	1266	17	93	38.0
308	Бубновський Сергій Михайлович	634	12	37	21.5
309	Бубон (медицина)	356	5	27	11.5
310	Бубонна чума	1906	21	185	58.0
311	Будесонід	172	2	10	5.0
312	Булімія	2152	40	296	61.0
313	Бупренорфін	477	5	37	16.0
314	Бупропіон	150	0	28	3.5
315	Бурсит	1037	11	64	33.0
316	Бусерелін	4	0	1	0.0
317	Буспірон	270	3	20	9.0
318	Бусульфан	15	0	3	1.0
319	Бутоконазол	10	0	2	0.0
320	Буторфанол	111	0	8	3.0
321	Вавжинєц Прессен	10	0	5	0.0
322	Вагінальний кандидоз	2587	50	115	87.0
323	Вазоактивний інтестинальний пептид	34	0	5	1.0
324	Вазопресин	1579	29	82	52.5
325	Вакцина проти гепатиту А	135	1	12	4.0
326	Вакцина проти епідемічного паротиту	109	0	11	3.0
327	Вакцина проти кору	368	3	29	12.5
328	Вакцинація	966	10	53	31.0
329	Вакцини	2519	37	151	78.0
330	Вакцини проти холери	43	0	6	1.0
331	Валацикловір	129	1	10	4.0
332	Валганцикловір	21	0	5	1.0
333	Валсартан	165	0	12	4.5
334	Вальпроєва кислота	197	0	14	6.0
335	Варикоз	1637	37	76	53.0
336	Варфарин	469	3	33	14.5
337	Васкуліт	927	13	52	30.5
338	Ведолізумаб	39	0	6	2.0
339	Везикульозний рикетсіоз	73	0	5	2.0
340	Велика Лондонська чума	91	0	8	3.0
341	Великий кам'янистий нерв	54	0	5	1.5
342	Великогомілкова кістка	512	8	43	16.0
343	Венеричні хвороби	1786	32	110	56.0
344	Венерологія	175	2	12	5.0
345	Венесуельський енцефаломієліт	15	0	2	1.0
346	Венлафаксин	114	1	8	3.5
347	Верапаміл	250	2	21	8.0
348	Вернакалант	28	0	4	1.0
349	Вертикальний механізм передачі інфекції	254	2	14	8.5
350	Верхнє слиновидільне ядро	12	0	3	0.0
351	Верхній гортанний нерв	39	0	4	1.0
352	Верхньощелепна артерія	302	0	20	11.0
353	Верхньощелепна вена	23	0	3	1.0
354	Верхня гортанна артерія	7	0	2	0.0
355	Верхня щитоподібна артерія	58	0	6	1.0
356	Верхня щитоподібна вена	14	0	2	1.0
357	Виноградов Костянтин Миколайович	1	0	1	0.0
358	Випадкова смерть та інвалідність: знехтуване захворювання сучасного суспільства	3	0	1	0.0
359	Виразка Бурулі	165	0	36	4.0
360	Висип	2082	42	101	70.5
361	Висівкоподібний (різнокольоровий) лишай	3693	87	170	122.0
362	Високоактивна антиретровірусна терапія	796	5	91	22.0
363	Високович Володимир Костянтинович	70	0	9	2.0
364	Висотна хвороба	553	5	34	17.5
365	Висхідна глоткова артерія	29	0	5	1.0
366	Висхідна шийна артерія	28	0	6	1.0
367	Відрижка	341	4	20	10.5
368	Відшарування сітківки	275	4	18	9.0
369	Військова медицина в Україні	166	0	10	6.0
370	Військові медичні заклади України	243	1	30	6.5
371	Військово-лікарські комісії України	725	8	44	24.5
372	Віктор Бабеш	14	0	3	1.0
373	Вілем Душан Лямбль	12	0	4	0.0
374	Вілізієве коло	579	3	43	17.0
375	Вільгельм Ґрізінґер	11	0	2	1.0
376	Вільям Буг Лейшман	3	0	1	0.0
377	Вільям Гарвей	233	0	32	5.5
378	Вільям Горгас	6	0	1	0.0
379	Вільям Ослер	37	0	15	5.0
380	Віментин	21	0	3	1.0
381	Вінбластин	51	0	8	1.0
382	Вінорельбін	21	0	2	1.0
383	ВІПома	18	0	3	1.0
384	Вірджинія Апгар	33	0	5	1.0
385	Вірус Епштейна — Барр	3143	55	144	104.5
386	Вірус Зіка	637	5	101	19.0
387	Вірус імунодефіциту людини	8398	114	524	270.5
388	Вірус Норуолк	587	1	231	7.5
389	Вірус папіломи людини	2977	55	143	100.0
390	Вірусемія	65	0	9	2.0
391	Вірусні захворювання	573	5	40	17.0
392	Віспа мавп	84	0	10	2.5
393	Вісцеральний лейшманіоз	279	1	47	7.5
394	Вітамін B12	3040	63	172	92.5
395	Вітряна віспа	7494	167	346	241.5
396	Внутрішнє вухо	1148	10	78	36.0
397	Внутрішньоартеріальна ін'єкція	71	0	7	2.0
398	Внутрішньовенна ін'єкція	1872	33	98	61.0
399	Внутрішньолікарняна інфекція	779	9	47	25.0
400	Внутрішньом'язова ін'єкція	2218	34	128	70.0
401	Внутрішньочерепна гіпертензія	986	12	54	32.5
402	Внутрішня грудна артерія	92	0	7	3.5
403	Внутрішня сонна артерія	383	2	30	13.0
404	Внутрішня яремна вена	492	5	32	15.5
405	Воєнно-медична доктрина України	94	0	7	3.0
406	Возіанова Жанна Іванівна	67	0	7	2.0
407	Войцех Жердинський	3	0	1	0.0
408	Волинська гарячка	92	0	10	3.0
409	Волянський Юрій Леонідович	30	0	8	1.0
410	Вориконазол	32	0	6	1.0
411	Вортіоксетин	78	0	7	3.0
412	Воші	2059	50	97	66.0
413	Всесвітній день боротьби з цукровим діабетом	26	0	3	1.0
414	Всеукраїнський центр професійної реабілітації інвалідів	186	0	15	6.5
415	Всеукраїнський центр радіохірургії	95	0	7	3.0
416	Вузлик	369	5	21	11.0
417	Вузликовий періартеріїт	720	8	46	24.5
418	Вухереріоз	40	0	6	1.0
419	Вушна раковина	265	2	26	7.5
420	Габапентин	292	3	17	9.5
421	Газова гангрена	1281	12	85	40.5
422	Галітоз	353	5	33	11.0
423	Галоперидол	962	17	44	33.0
424	Галофантрин	8	0	2	0.0
425	Галюцинація	486	8	24	17.0
426	Гамалія Микола Федорович	223	2	17	7.0
427	Гангрена	2029	41	115	67.5
428	Гангрена Фурньє	241	1	29	6.5
429	Ганс Сельє	169	1	14	5.0
430	Ганс Цінссер	4	0	1	0.0
431	Ганс-Герхард Кройцфельд	6	0	3	0.0
432	Ганцикловір	90	0	8	3.0
433	Гаплогрупа R1a	457	7	26	16.0
434	Гарячка	3102	41	155	105.0
435	Гарячка денге	614	8	61	18.5
436	Гарячка Західного Нілу	295	0	80	6.0
437	Гарячка Ласса	783	3	154	15.0
438	Гарячка лісу Барма	1	0	1	0.0
439	Гарячка лісу Семлікі	8	0	1	1.0
440	Гарячка паппатачі	104	0	23	2.0
441	Гарячка Рифт Валлі	78	0	20	1.0
442	Гарячка Росс Рівер	25	0	4	1.0
443	Гарячка Сіндбіс	6	0	1	0.0
444	Гарячки від укусу пацюків	43	0	5	1.0
445	Гастринома	35	0	6	1.0
446	Гастрит	3081	62	176	103.0
447	Гастроезофагеальна рефлюксна хвороба	3404	77	151	114.0
448	Гатіфлоксацин	106	1	11	3.0
449	Гвайфенезин	774	12	39	27.0
450	Гексопреналін	23	0	3	1.0
451	Гельмінти	2485	46	146	83.0
452	Гельмінтози	1199	13	93	38.0
453	Гемартроз	194	1	27	6.0
454	Гематома	1551	32	70	52.5
455	Гематурія	643	10	38	21.5
456	Геміпарез	648	12	36	20.0
457	Геміфлоксацин	23	0	5	1.0
458	Гемолітична анемія	874	11	51	31.0
459	Гемоперикард	32	0	6	1.0
460	Геморагічна гарячка	497	4	35	15.5
461	Геморагічна гарячка з нирковим синдромом	451	4	38	12.0
462	Геморагічний васкуліт	1917	30	104	66.0
463	Геморагічний інсульт	1109	18	54	36.5
464	Геморой	3376	83	158	111.0
465	Гемофілія	4964	62	271	168.5
466	Гемофільна інфекція	713	9	51	23.5
467	Гемохроматоз	547	6	34	17.5
468	Гемцитабін	28	0	5	1.0
469	Генетичні хвороби	5105	27	385	159.0
470	Генрик Кадий	5	0	2	0.0
471	Генрик Мосінг	126	0	14	4.0
472	Генрі Едвард Шортт	2	0	1	0.0
473	Генрі Коплік	0	0	0	0.0
474	Генріх Квінке	25	0	4	1.0
475	Гентаміцин	373	5	20	12.5
476	Георг Гаффкі	2	0	2	0.0
477	Георг Фернан Ізідор Відаль	13	0	5	0.0
478	Георгіос Папаніколау	44	0	5	1.0
479	Гепатит А	2188	39	123	65.0
480	Гепатит B	3189	44	164	112.0
481	Гепатит C	3436	53	165	123.0
482	Гепатит D	583	4	39	18.5
483	Гепатит E	440	1	34	13.5
484	Гепатомегалія	883	12	47	29.0
485	Гепатоцит	354	1	24	11.5
486	Герасун Борис Абрамович	61	0	9	2.0
487	Герман Музер	0	0	0	0.0
488	Герпес простий	1927	37	100	62.0
489	Герпесвіруси	451	6	27	14.0
490	Герпесвірусні інфекції	1014	15	49	35.0
491	Гестаційний цукровий діабет	226	2	17	6.5
492	Гефітиніб	12	0	2	0.0
493	Гикавка	1238	27	65	40.0
494	Гіаліноз	288	1	26	8.0
495	Гіалоїдна мембрана	30	0	4	1.0
496	Гібернома	127	0	11	4.0
497	Гігантоклітинний артеріїт	121	1	10	4.0
498	Гігієна	1483	17	93	51.0
499	Гідазепам	2323	47	127	73.0
500	Гідрокодон	77	0	6	2.0
501	Гідроксизин	156	1	14	5.0
502	Гідроксикарбамід	21	0	4	1.0
503	Гідроксиметилхіноксиліндіоксид	43	0	4	1.0
504	Гідроксихлорохін	61	0	7	2.0
505	Гідронефроз	1940	33	99	65.5
506	Гідроторакс	335	2	18	11.5
507	Гідрофобія (симптом)	62	0	10	2.0
508	Гідрохлоротіазид	545	3	197	10.5
509	Гідроцефалія	3279	49	169	110.5
510	Гійом Дюпюїтрен	11	0	4	0.0
511	Гіменолепідоз	358	3	27	11.5
512	Гінгівіт	1352	21	85	45.0
513	Гінеколог-ендокринолог	145	0	11	4.0
514	Гіперальдостеронізм	281	2	20	9.0
515	Гіперглікемічна кома	2064	26	139	62.5
516	Гіперглікемія	963	15	60	29.5
517	Гіперемія	971	12	56	33.0
518	Гіперестезія	231	1	13	7.5
519	Гіперкаліємія	687	15	42	22.0
520	Гіперкапнія	298	3	33	7.5
521	Гіперліпідемія	255	0	19	7.0
522	Гіперпаратиреоз	536	8	32	17.0
523	Гіперпролактинемія	349	3	24	11.0
524	Гіпертензивний криз	1408	14	106	42.5
525	Гіпертиреоїдизм	673	9	43	22.0
526	Гіпноз	673	10	53	21.0
527	Гіповолемічний шок	1024	10	80	31.5
528	Гіповолемія	584	4	34	17.0
529	Гіпоглікемічна кома	1368	21	81	47.0
530	Гіпоглікемія	1338	28	68	43.5
531	Гіподинамія	3388	39	195	116.0
532	Гіпокаліємія	506	10	34	15.5
533	Гіпоксемія	351	3	19	12.0
534	Гіпоманія	665	14	29	23.5
535	Гіпопаратиреоїдизм	288	2	19	8.0
536	Гіпопіон	32	0	6	1.0
537	Гіпотермія	1017	13	61	32.0
538	Гіпотиреоїдизм	3077	52	161	96.5
539	Гіпотонус	104	0	7	4.0
540	Гіпотрофія	628	1	47	22.5
541	Гіппократ	2014	24	133	71.5
542	Гірська хвороба	462	6	42	13.0
543	Гістеректомія	447	7	29	15.0
544	Гістопатологія	24	0	7	1.0
545	Гістоплазмоз	165	1	11	5.0
546	Глатирамеру ацетат	55	0	6	2.0
547	Глаукома	1682	22	94	56.0
548	Глибока язикова артерія	8	0	2	1.0
549	Глибоке пахвинне кільце	107	0	7	3.0
550	Глібенкламід	119	1	12	3.0
551	Глікемічний індекс	709	13	36	23.5
552	Гліклазид	43	0	5	1.0
553	Гліобластома	851	15	46	26.0
554	Гліома	207	2	13	7.0
555	Гломерулонефрит	4240	65	230	146.0
556	Глузман Семен Фішельович	383	6	24	12.5
557	Глюкагон	698	9	44	22.5
558	Глюкагонома	20	0	4	1.0
559	Глюкозурія	230	1	21	6.0
560	Глюкокортикоїди	1094	16	63	35.5
561	Гній (медицина)	547	7	31	17.0
562	Гноячок	181	1	16	6.0
563	Говард Тейлор Рікеттс	6	0	1	0.0
564	Гозерелін	156	0	12	5.0
565	Голімумаб	35	0	5	1.0
566	Голка хірургічна	299	2	25	9.5
567	Головна вена	74	0	8	2.0
568	Головне ядро трійчастого нерва	10	0	4	0.0
569	Головний біль	1013	18	54	33.0
570	Головний біль напруги	875	19	46	27.5
571	Головний військовий клінічний госпіталь (Україна)	1065	13	55	36.5
572	Головний мозок людини	10686	104	787	278.0
573	Голосові зв'язки	750	10	43	25.0
574	Голубовська Ольга Анатоліївна	812	7	102	20.5
575	Гомілка	825	15	43	28.5
576	Гонгальський Володимир Володимирович	22	0	3	1.0
577	Гонгілонематоз	53	0	5	2.0
578	Гонорея	5583	120	270	178.0
579	Гончарук Євген Гнатович	56	0	6	2.0
580	Гормон росту 2	39	0	7	1.0
581	Городецький Марко Михайлович	13	0	2	1.0
582	Гортань	1433	19	84	46.0
583	Госпітальна пневмонія	252	1	21	9.0
584	Гостра респіраторна вірусна інфекція	7146	118	391	234.5
585	Гостра серцева недостатність	2181	26	129	71.0
586	Гостра судинна недостатність	1654	14	112	49.0
587	Гострий апендицит	1212	18	66	41.5
588	Гострий гастрит	859	13	60	29.5
589	Гострий лімфобластний лейкоз	1437	16	79	45.0
590	Гострий мієлобластний лейкоз	961	9	118	27.0
591	Гострий панкреатит	1729	28	114	57.0
592	Гострий розсіяний енцефаломієліт	252	2	21	8.0
593	Гострий середній отит	1471	25	71	49.0
594	Гострий тонзиліт	7886	186	340	264.0
595	Гострі лейкози	984	11	70	32.0
596	Гранісетрон	2	0	1	0.0
597	Гранульоматозний амебний енцефаліт	45	0	5	1.0
598	Грепафлоксацин	6	0	2	0.0
599	Грижа	2022	35	97	65.5
600	Гризеофульвін	53	0	4	1.5
601	Грип	10674	173	573	348.5
602	Грицюк Олександр Йосипович	12	0	2	0.0
603	Громадське здоров'я	766	3	62	24.0
604	Громашевська Любов Леонтіївна	9	0	3	0.0
605	Громашевський Лев Васильович	80	0	14	2.0
606	Грудинно-ключично-сосцеподібна артерія	11	0	2	0.0
607	Груднинно-ключично-соскоподібний м'яз	276	1	25	8.0
608	Гуго Шоттмюллер	4	0	1	0.0
609	Гума (патологія)	128	1	9	4.0
610	Гураль Анатолій Леонтійович	6	0	1	0.5
611	Густав Гімза	6	0	1	0.0
612	Ґергард Гансен	14	0	3	0.5
613	Ґрелін	112	0	9	3.0
614	Дабігатран	106	0	13	3.0
615	Дазатиніб	15	0	3	0.5
616	Дакарбазин	47	0	4	2.0
617	Даклатасвір	47	0	5	1.0
618	Даклізумаб	5	0	1	0.0
619	Далекозорість	1641	21	119	51.0
620	Дальтепарин	21	0	3	0.0
621	Данієль Алкідес Карріон	9	0	2	0.0
622	Данієль Елмер Сальмон	7	0	2	1.0
623	Дапсон	82	0	7	3.0
624	Даптоміцин	20	0	4	1.0
625	Дарунавір	96	0	45	2.0
626	Дасабувір	0	0	0	0.0
627	ДВЗ-синдром	2345	16	140	73.0
628	Девід Брюс (мікробіолог)	17	0	3	1.0
629	Девід Веттер	58	0	5	2.0
630	Дегідратаційний шок	411	5	28	12.5
631	Дезлоратадин	200	1	11	7.0
632	Декаметоксин	669	10	32	22.0
633	Декваліній	80	0	8	2.5
634	Дексаметазон	3471	42	188	118.0
635	Дексібупрофен	82	0	6	3.0
636	Декскетопрофен	166	2	14	5.5
637	Декслансопразол	85	0	7	2.0
638	Декстрометорфан	205	3	11	7.0
639	Делавірдин	4	0	2	0.0
640	Делірій	1357	19	87	43.5
641	Дельта-клітина	21	0	2	1.0
642	Деменція	3714	86	192	121.0
643	Демієлінізуючі захворювання	503	6	30	17.0
644	Демодекоз	4343	93	211	136.5
645	Деносумаб	80	0	10	2.5
646	Деперсоналізація	702	16	39	22.0
647	Дерматит	2473	47	127	82.0
648	Дерматоз	613	10	58	17.0
649	Дерматологія	864	12	48	30.0
650	Дерматоміозит	1126	16	66	38.0
651	Десвенлафаксин	86	0	7	3.0
652	Десмоїд	157	1	14	4.0
653	Десмопресин	82	0	5	3.0
654	Джгут	1450	15	112	44.5
655	Джеймс К. Стайнер	11	0	4	0.0
656	Джироламо Фракасторо	121	0	12	4.0
657	Джованні Баттіста Грассі	5	0	1	0.0
658	Джозаміцин	101	0	10	3.0
659	Джозеф Лістер	82	0	7	3.0
660	Джон Вільям Вотсон Стефенс	0	0	0	0.0
661	Джон Сноу	59	0	6	2.0
662	Джонатан Гатчінсон	5	0	3	0.0
663	Дивертикуліт	523	6	31	16.5
664	Дигітоксин	130	0	15	4.0
665	Диданозин	10	0	2	1.0
666	Дизартрія	684	9	49	20.5
667	Дизентерія	1944	35	99	66.5
668	Дизопірамід	27	0	4	1.0
669	Дийодтирозин	8	0	3	0.0
670	Дилтіазем	77	0	7	2.0
671	Дименгідринат	112	0	11	3.5
672	Диметилтриптамін	452	9	28	15.0
673	Диметинден	115	1	8	4.0
674	Дипілідіоз	109	0	11	3.0
675	Дипіридамол	208	1	20	6.0
676	Диплопія	383	4	27	12.0
677	Дирофіляріоз	465	5	32	14.0
678	Дисекція шиї	76	0	10	2.0
679	Дислокація мозку	133	0	11	4.0
680	Дисморфофобія	529	6	47	15.0
681	Диспансеризація	1165	7	95	40.0
682	Диспепсія	1808	31	114	61.0
683	Дисфагія	989	15	54	31.5
684	Дисфорія	435	3	25	15.0
685	Дифілоботріоз	401	5	29	13.0
686	Дифтерія	5194	94	277	171.0
687	Дифузний панбронхіоліт	71	0	8	2.5
688	Дифузний токсичний зоб	1383	22	112	41.0
689	Дихальна недостатність	2109	25	117	71.0
690	Дихання Біота	535	3	55	16.5
691	Дихання Куссмауля	661	8	51	22.0
692	Дихання Чейна — Стокса	807	6	57	21.0
693	Діабетична нефропатія	280	2	20	10.0
694	Діагностична тріада Стімсона	48	0	8	1.5
695	Діагностичний і статистичний посібник з психічних розладів	516	7	31	17.0
696	Діазепам	1045	17	59	35.0
697	Діапедез	167	0	14	5.0
698	Діарея	2599	58	113	89.0
699	Діарея мандрівників	176	1	16	5.0
700	Діацереїн	51	0	6	1.0
701	Діентамебіаз	11	0	2	0.5
702	Дієта	1065	15	56	35.5
703	Дієти за Певзнером	265	3	29	8.0
704	Діурез	1258	12	63	40.5
705	Доброякісна гіперплазія передміхурової залози	1891	40	88	66.5
706	Доброякісна пухлина	1195	16	63	43.0
707	Доказова медицина	524	8	39	16.0
708	Доксазозин	125	1	12	4.0
709	Доксепін	112	0	8	3.0
710	Доксиламін	198	2	16	6.0
711	Доксициклін	709	12	48	21.5
712	Долонно-підошовний синдром	40	0	5	1.0
713	Долутегравір	82	0	7	2.0
714	Домінік-Жан Ларрей	11	0	2	0.0
715	Домперидон	223	2	17	6.5
716	Дональд Гендерсон	15	0	3	1.0
717	Донепезил	28	0	11	1.0
718	Допінг-тест	37	0	5	1.0
719	Доріпенем	15	0	3	0.5
720	Доступні ліки	90	0	8	2.5
721	Дофамін	2362	55	104	79.5
722	Дофетилід	31	0	4	1.0
723	Доцетаксел	101	0	9	3.0
724	Дракункульоз	217	1	22	6.0
725	Дробинський Ісаак Рудольфович	1	0	1	0.0
726	Дронедарон	24	0	5	0.5
727	Дротаверин	1013	20	47	34.5
728	Друга холерна пандемія	17	0	3	1.0
729	Дуга аорти	419	2	37	13.0
730	Дудченко Іван Степанович	4	0	1	0.0
731	Дулоксетин	119	1	10	3.0
732	Дутастерид	95	0	8	3.0
733	Дяченко Сергій Степанович	17	0	2	1.0
734	Ебастин	38	0	6	1.0
735	Ебола (вірус)	4110	69	270	120.0
736	Еверолімус	52	0	8	2.0
737	Едвард Дженнер	269	0	20	8.0
738	Едмонд Нокард	5	0	2	0.0
739	Езомепразол	137	1	9	4.0
740	Езофагіт	670	10	37	21.0
741	Ейфорія	1221	26	57	40.5
742	Екзема	3407	64	155	117.0
743	Екзофтальм	264	3	19	8.0
744	Еконазол	23	0	2	1.0
745	Ексеместан	29	0	3	1.0
746	Екстракорпоральна мембранна оксигенація	289	1	43	8.0
747	Екстрапірамідна система	710	7	56	24.0
748	Екстрастріарна кора	5	0	1	0.0
749	Екстрений медичний реагувальник	67	0	8	2.0
750	Екстрений медичний технік	122	0	10	4.0
751	Елвітегравір	4	0	1	0.0
752	Електрокардіографія	3985	44	223	144.0
753	Електротравма	1088	11	75	32.5
754	Еліс Кетрін Еванс	13	0	2	0.5
755	Емануель Махек	5	0	2	0.0
756	Емболія	1378	15	84	45.0
757	Еметин	22	0	4	1.0
758	Еміль Адольф фон Берінг	33	0	5	1.0
759	Еміль ван Ерменґем	4	0	2	0.0
760	Еміль Шарль Ашар	3	0	2	0.0
761	Емоційно нестабільний розлад особистості	681	13	38	20.5
762	Емтрицитабін	40	0	5	1.0
763	Еналаприл	391	6	23	13.0
764	Ендартеріїт	348	3	24	11.0
765	Ендемічний висипний тиф	192	1	15	6.0
766	Ендемічний поворотний тиф	78	0	8	2.5
767	Ендемія	413	4	32	12.5
768	Ендокардит	1068	12	66	35.0
769	Ендокринна хірургія	38	0	4	1.0
770	Ендокринні залози	2869	50	173	90.0
771	Ендорфіни	1608	35	79	54.0
772	Еноксапарин	127	0	13	4.0
773	Еноксацин	10	0	3	0.0
774	Енріке да Роше Ліма	10	0	3	0.0
775	Ентекавір	34	0	5	1.0
776	Ентерит	887	14	50	28.0
777	Ентерична нервова система	122	0	10	3.0
778	Ентеробіоз	1775	38	91	58.0
779	Ентеровірусні інфекції	1013	13	87	33.0
780	Ентерогастральний гальмівний рефлекс	5	0	2	0.0
781	Ентероколіт	946	15	61	27.0
782	Ентеросорбент	231	3	17	8.0
783	Енурез	748	11	38	24.5
784	Енфувіртид	6	0	2	0.0
785	Енцефаліт	2567	43	143	81.5
786	Енцефаліт долини Муррея	8	0	4	0.5
787	Енцефаліт Повассан	8	0	1	1.0
788	Енцефаліт Росіо	9	0	1	1.0
789	Енцефаліт Сент-Луїс	19	0	5	1.0
790	Енцефалопатія	2367	36	129	81.0
791	Еозинофілія	3070	39	163	108.0
792	Епідеміологія	1259	8	76	46.0
793	Епідемічний висипний тиф	1621	25	104	52.0
794	Епідемічний паротит	3000	63	161	94.5
795	Епідемічний поворотний тиф	115	0	10	3.0
796	Епідемія	2260	30	180	67.5
797	Епікондиліт	658	10	37	21.0
798	Епірубіцин	23	0	2	1.0
799	Еплеренон	108	0	14	2.0
800	Епросартан	10	0	2	0.0
801	Ептифібатид	1	0	1	0.0
802	Ерадикація інфекційних хвороб	86	0	9	3.0
803	Ерготерапія	1050	12	60	33.0
804	Ерготизм	250	2	18	8.0
805	Ердостеїн	79	0	9	2.0
806	Еризипелоїд	291	2	28	10.0
807	Еритроміцин	515	9	31	17.0
808	Еритропоетин	377	3	31	10.5
809	Ерліхіоз	36	0	5	1.0
810	Ерлотиніб	21	0	5	0.0
811	Ертапенем	14	0	2	0.0
812	Есенціале	613	10	36	19.0
813	Есмолол	19	0	3	1.0
814	Естрадіол	802	9	42	27.0
815	Естрамустин	3	0	1	0.0
816	Есциталопрам	345	5	22	11.0
817	Етамбутол	39	0	3	1.5
818	Етанерцепт	30	0	4	1.0
819	Етацизин	58	0	5	2.0
820	Етифоксин	41	0	7	1.0
821	Етіологія (медицина)	968	15	57	34.0
822	Етодолак	42	0	5	1.0
823	Етопозид	46	0	7	1.0
824	Еторикоксиб	143	0	13	5.0
825	Етравірин	5	0	1	0.5
826	Етторе Маркіафава	14	0	2	0.0
827	Еутиреоз	211	1	17	6.5
828	Ефавіренз	24	0	3	1.0
829	Ехінокандини	15	0	2	1.0
830	Ехінокок звичайний	409	5	26	13.5
831	Ехінококоз	1199	16	67	40.0
832	Ехокардіографія	427	3	47	12.5
833	Ешерихіоз	1486	10	131	45.0
834	Європейська рада ресусцитації	48	0	10	1.0
835	Єрсиніоз кишковий	1171	17	65	41.0
836	Єрсинія	189	1	14	6.0
837	Жан Александр Барре	3	0	1	0.0
838	Жан-Луї Петі	17	0	2	1.0
839	Жан-Луї Прево	5	0	1	0.0
840	Жданов Віктор Михайлович	20	0	5	1.0
841	Жовта гарячка	680	6	58	20.0
842	Жовтяниця (медицина)	2248	42	115	71.0
843	Жовчнокам'яна хвороба	1558	29	82	50.0
844	Жозеф-Фредерік-Бенуа Шарр'єр	2	0	1	0.0
845	Жорж Шарль Гієн	4	0	1	0.0
846	Жувальний м'яз	378	1	66	10.5
847	Заболотний Данило Кирилович	742	13	49	22.5
848	Забуті тропічні хвороби	310	1	65	7.0
849	Загальна клубова артерія	185	1	16	5.0
850	Загальна сонна артерія	1037	19	50	36.5
851	Задишка	830	6	47	26.5
852	Задній сегмент ока	7	0	2	0.0
853	Задня вушна артерія	20	0	3	1.0
854	Задня мозкова артерія	126	1	14	4.0
855	Закидання голови-виведення підборіддя	54	0	9	1.0
856	Законодавство в екстреній медицині	251	3	23	7.5
857	Залеплон	29	0	4	1.0
858	Зальцитабін	9	0	1	0.0
859	Занамівір	241	2	17	7.0
860	Заочеревинний простір	285	2	20	9.0
861	Запалення	2734	40	147	90.5
862	Запор	1722	35	158	53.0
863	Зарицький Анатолій Минович	13	0	5	1.0
864	Застуда	1339	23	117	38.0
865	Західний енцефаломієліт коней	12	0	3	1.0
866	Зв'язка (анатомія)	364	3	26	12.0
867	Звивина	1127	12	67	34.0
868	Зворотний гортанний нерв	266	1	20	7.5
869	Здорове харчування	2000	26	112	66.0
870	Зипразидон	17	0	4	0.5
871	Злоякісна анемія	395	3	26	12.5
872	Зміна поведінки (громадське здоров'я)	29	0	4	1.0
873	Знаменський Володимир Олексійович	14	0	2	1.0
874	Зневоднення організму	216	3	16	6.0
875	Зоб (хвороба)	2100	37	118	66.0
876	Зовнішній сітчастий шар	177	0	14	5.0
877	Зовнішня капсула	25	0	5	1.0
878	Зовнішня клубова артерія	139	0	10	4.0
879	Зовнішня сонна артерія	586	5	41	20.0
880	Зовнішня яремна вена	169	0	13	5.5
881	Золпідем	114	0	9	3.0
882	Зонд Сенґстакена — Блекмора	210	1	27	5.5
883	Зооноз	1038	18	56	33.5
884	Зопіклон	131	0	12	4.5
885	Зорова кора	81	0	18	1.0
886	Зоровий нерв	1084	18	65	36.0
887	Зофеноприл	26	0	3	0.0
888	Зсідання крові	7013	66	408	251.5
889	Зуклопентиксол	29	0	5	1.0
890	Зюков Анатолій Матвійович	11	0	2	0.0
891	Івабрадин	197	0	19	5.5
892	Іванов Вадим Миколайович	13	0	3	0.0
893	Івар Сандстрьом	3	0	1	0.0
894	Ідарубіцин	11	0	2	1.0
895	Ідіопатичний фіброзуючий альвеоліт	667	4	94	19.0
896	Ізоконазол	13	0	3	0.5
897	Ізоксуприн	11	0	3	0.0
898	Ізопреналін	160	0	12	6.0
899	Ізосорбіду динітрат	211	1	16	6.5
900	Ізоспороз	67	0	7	2.0
901	Іматиніб	73	0	7	2.0
902	Іміпенем	69	0	7	2.0
903	Іміпрамін	60	0	6	1.0
904	Імунітет (медицина)	4419	51	232	166.0
905	Імуногістохімія	449	2	49	12.0
906	Інвагінація кишечника	471	4	28	16.0
907	Інгібітори 5-альфа-редуктази	47	0	7	1.0
908	Інгібітори АПФ	1111	12	77	36.5
909	Інгібітори бета-лактамаз	76	0	10	2.0
910	Інгібітори протеази	491	1	70	13.0
911	Інгібітори рецепторів ангіотензину-ІІ	758	4	48	27.5
912	Інгібітори тирозинкінази	55	0	7	2.0
913	Індакатерол	19	0	4	1.0
914	Індапамід	233	2	17	7.5
915	Індинавір	34	0	5	1.0
916	Інкубаційний період	668	6	40	20.5
917	Інозин	293	3	23	9.0
918	Інозин пранобекс	522	8	32	17.0
919	Інститут ендокринології та обміну речовин імені В. П. Комісаренка НАМН України	186	2	12	5.0
920	Інститут медичної реабілітації дітей з ураженням центральної нервової системи імені Януша Корчака	41	0	6	1.5
921	Інститут очних хвороб і тканинної терапії імені В. П. Філатова НАМН України	303	1	20	9.5
922	Інститут тропічної медицини імені Бернгарда Нохта	3	0	1	0.0
923	Інструктор курсів невідкладної допомоги	9	0	3	0.5
924	Інсулін	2950	47	155	99.0
925	Інсулінова помпа	248	1	16	8.0
926	Інсулінома	70	0	7	2.0
927	Інсулінотерапія	123	0	10	4.0
928	Інтерстиційний нефрит	240	1	14	7.0
929	Інтраопераційне гістологічне експрес-дослідження	72	0	13	2.0
930	Інтубація	131	1	9	4.0
931	Інфекційна еритема	679	12	96	19.0
932	Інфекційний мононуклеоз	5948	130	272	197.0
933	Інфекційні захворювання	9270	104	542	306.0
934	Інфекційні хвороби з багатьма механізмами передачі	55	0	6	3.0
935	Інфекція	2668	34	140	90.0
936	Інфекція, яку спричинює вірус Епштейна — Барр	1329	23	64	44.5
937	Інфекція, яку спричинює герпесвірус людини 6-го типу	301	3	19	10.0
938	Інфекція, яку спричинює герпесвірус людини 7-го типу	55	0	8	2.0
939	Інфекція, яку спричинює герпесвірус людини 8-го типу	131	1	11	4.0
940	Інфліксімаб	60	0	5	2.0
941	Іпохондрія	1784	29	200	55.0
942	Іпратропію бромід	217	1	22	6.5
943	Ірбесартан	40	0	6	2.0
944	Іринотекан	42	0	6	1.0
945	Ірит	157	1	15	5.0
946	Ісрадипін	10	0	2	0.0
947	Ітоприд	71	0	8	2.0
948	Ітраконазол	185	2	11	6.0
949	Іфосфамід	22	0	4	0.5
950	Ішемічна хвороба серця	5161	80	281	188.5
951	Ішемічний інсульт	1649	16	84	55.0
952	Ішурія	815	10	46	27.5
953	Йододефіцит	419	3	34	12.0
954	Кабазитаксел	15	0	5	0.0
955	Каберголін	134	0	12	4.0
956	Календар щеплень	442	7	39	13.0
957	Каліфорнійський енцефаліт	7	0	2	0.0
958	Каліцивірусна інфекція	15	0	3	1.0
959	Кальцитонін	952	12	57	29.5
960	Кальцитріол	166	0	22	4.5
961	Кампілобактеріоз	200	2	15	5.5
962	Канакінумаб	13	0	2	0.5
963	Каналопатія	121	0	12	4.0
964	Канаміцин	62	0	8	1.0
965	Кандидоз	4079	68	298	131.5
966	Канцерогени	867	6	56	27.0
967	Капецитабін	96	0	13	3.0
968	Капреоміцин	8	0	3	0.0
969	Каптоприл	802	16	34	27.0
970	Карантин	2276	25	218	63.5
971	Карбамазепін	737	12	50	24.0
972	Карбідопа	29	0	4	1.0
973	Карбоплатин	98	0	10	2.5
974	Карбоцистеїн	223	2	15	7.0
975	Карбункул (хвороба)	1528	25	74	49.5
976	Карведилол	168	1	15	5.0
977	Кардіалгія	235	2	14	8.0
978	Кардіоміопатія	2560	43	122	89.0
979	Кардіохірургія	189	1	16	6.0
980	Карипразин	36	0	6	1.0
981	Карл Вундерліх	24	0	18	0.0
982	Карл Йозеф Еберт	4	0	1	0.0
983	Карл фон Лібермейстер	15	0	10	0.0
984	Карл фон Рокітанські	64	0	8	1.5
985	Карлос Хуан Фінлей	5	0	1	0.0
986	Карлус Шагас	8	0	1	0.0
987	Кармустин	7	0	1	0.0
988	Каролінська університетська лікарня	6	0	1	0.0
989	Каротидний синус	154	0	15	4.5
990	Карфентаніл	97	0	9	2.0
991	Карциноїд	127	1	13	3.5
992	Карциноїдний синдром	161	1	12	5.0
993	Карцинома	4525	94	205	155.5
994	Каспофунгін	33	0	3	1.0
995	Катаракта	1282	28	62	41.0
996	Катастрофічний антифосфоліпідний синдром	42	0	5	2.0
997	Кафедра патологічної фізіології Національного медичного університету імені О. О. Богомольця	13	0	3	0.0
998	Кашель	1218	22	62	40.0
999	Кашлюк	4841	102	235	166.0
1000	Кветіапін	223	0	14	8.0
1001	Квінаприл	23	0	5	1.0
1002	Келвін Леунг	1	0	1	0.0
1003	Кератит	705	12	42	22.0
1004	Кертіс Лестер Мендельсон	4	0	1	0.0
1005	Кесонна хвороба	756	8	47	24.0
1006	Кетоацидоз	465	7	31	14.0
1007	Кетоконазол	305	4	22	10.0
1008	Кетопрофен	327	3	24	10.0
1009	Кеторолак	297	4	20	8.5
1010	Кетотифен	291	3	18	9.0
1011	Київська міська психіатрична лікарня	638	9	38	19.0
1012	Київське обласне психіатрично-наркологічне медоб'єднання	251	3	14	9.0
1013	Київський міський клінічний госпіталь ветеранів війни	181	1	12	6.0
1014	Кила Шморля	1326	25	69	43.0
1015	Кишенькова маска	23	0	3	1.0
1016	Кишечник	2637	51	120	89.5
1017	Кишкова непрохідність	2705	42	166	89.5
1018	Кільця Кайзера — Флайшера	64	0	10	2.0
1019	Кінезітерапія	996	21	54	31.0
1020	Кіоші Шига	14	0	3	0.5
1021	Кір	5167	79	324	164.0
1022	Кіркова речовина надниркової залози	473	2	34	14.0
1023	Кіста	2412	48	126	79.5
1024	Кіста зябрової дуги	31	0	4	1.0
1025	Кісточка (анатомія)	318	5	17	11.0
1026	Кітасато Сібасабуро	12	0	2	0.0
1027	Кіфоз	1183	12	70	39.0
1028	Клавдій Гален	510	1	38	14.0
1029	Клавуланова кислота	261	2	23	7.0
1030	Кладрибін	30	0	4	1.0
1031	Кларитроміцин	650	8	60	18.0
1032	Класифікація кровотеч за Форестом	802	6	47	28.0
1033	Кластер захворювання	21	0	2	1.0
1034	Клемастин	79	0	11	2.0
1035	Кленбутерол	296	3	20	9.5
1036	Кліндаміцин	245	3	21	8.0
1037	Клініка (медичний заклад)	259	2	17	8.0
1038	Клінічна лікарня «Феофанія»	1214	9	237	24.5
1039	Клінічна настанова	62	0	14	1.5
1040	Клінічний аналіз крові	1978	26	101	66.5
1041	Клінічний аналіз сечі	2152	26	118	82.5
1042	Кліщовий висипний тиф Північної Азії	23	0	4	1.0
1043	Кліщовий енцефаліт	1030	16	61	32.5
1044	Кліщовий пароксизмальний рикетсіоз	13	0	2	1.0
1045	Клозапін	160	1	32	4.0
1046	Клоксацилін	39	0	6	1.0
1047	Кломіпрамін	78	0	7	3.0
1048	Клоназепам	245	3	17	8.0
1049	Клонорхоз	96	0	8	3.0
1050	Клонус	142	1	12	4.0
1051	Клотримазол	714	10	39	22.0
1052	Клофазимін	62	0	5	2.0
1053	Ключиця	766	10	43	25.0
1054	Клятва Гіппократа	2309	31	169	70.0
1055	Коагулограма	2747	42	155	95.0
1056	Коагулопатія	486	4	31	15.5
1057	Козько Володимир Миколайович	22	0	4	1.0
1058	Коксиби	91	0	10	3.0
1059	Колапс (медицина)	3027	36	196	94.5
1060	Колінний суглоб	1379	24	80	46.0
1061	Колінчастий вузол	20	0	4	1.0
1062	Колістин	93	0	8	3.0
1063	Коліт	1041	18	56	34.0
1064	Колоноскопія	1266	20	86	37.5
1065	Колорадська кліщова гарячка	30	0	4	1.0
1066	Колоректальний рак	971	16	73	28.0
1067	Кома (медицина)	2921	47	168	90.5
1068	Комісаренко Ігор Васильович	102	0	12	3.0
1069	Конваллятоксин	13	0	3	1.0
1070	Конверсія (психологія)	46	0	6	1.5
1071	Контагіозність	497	6	32	16.0
1072	Контактний механізм передачі інфекції	322	3	22	10.5
1073	Контрактура Дюпюїтрена	591	5	43	20.0
1074	Конча-Заспа (санаторій)	96	0	8	3.0
1075	Кора головного мозку	3102	37	269	81.0
1076	Корбініан Бродман	13	0	2	1.0
1077	Корглікон	312	2	23	10.5
1078	Коров'яча віспа	380	6	20	12.0
1079	Корона голівки члена	540	7	38	17.0
1080	Коронавірусна інфекція	6118	46	504	181.0
1081	Коронавірусна хвороба 2019	3269	35	392	145.0
1082	Коронарна недостатність	544	7	36	17.5
1083	Короста	6096	118	317	199.5
1084	Короткозорість	2612	37	151	86.0
1085	Кортизол	1925	43	91	61.0
1086	Кортизон	368	4	17	13.0
1087	Кортикальний гомункулус	111	0	10	3.0
1088	Корчак-Чепурківський Овксентій Васильович	122	0	47	3.0
1089	Косоокість	715	10	59	24.5
1090	Крайня капсула	10	0	4	0.0
1091	Крайня плоть	1315	27	65	42.5
1092	Краніофарингіома	63	0	6	2.0
1093	Краснуха	2920	60	138	97.0
1094	Крелін Юлій Зусманович	5	0	2	0.0
1095	Крим-Конго геморагічна гарячка	468	4	43	13.0
1096	Криптококоз	179	1	28	5.5
1097	Криптоспоридіоз	108	0	8	3.0
1098	Крістоф Вільгельм Гуфелянд	32	0	4	1.0
1099	Кров'яний тиск	1760	26	90	57.5
1100	Кронтовський Олексій Антонінович	14	0	3	1.0
1101	Кропив'янка (хвороба)	4542	88	197	150.5
1102	Круп	1452	27	86	47.5
1103	Ксантелазма	387	3	33	12.0
1104	Ксантома	374	6	25	12.5
1105	Ксипамід	15	0	2	1.0
1106	Ку-гарячка	205	1	28	5.0
1107	Кульшовий суглоб	922	13	53	30.0
1108	Курортологія	103	0	12	3.0
1109	Куру (хвороба)	495	6	28	16.5
1110	Куряча сліпота (хвороба)	830	15	51	26.5
1111	Лабеталол	126	1	9	4.5
1112	Лагофтальм	119	0	11	3.5
1113	Лазарет	152	1	12	5.0
1114	Лакосамід	27	0	4	1.0
1115	Лакунарний інсульт	323	4	18	10.5
1116	Ламівудин	88	0	9	3.0
1117	Ламотригін	114	0	11	3.0
1118	Ланатозид C	50	0	8	1.0
1119	Лансопразол	86	0	6	3.0
1120	Ланцюг виживання	158	0	24	3.5
1121	Лапатиніб	17	0	4	0.5
1122	Лаппаконітину гідробромід	26	0	6	1.0
1123	Ларингіт	4414	96	202	146.5
1124	Ларингоспазм	833	13	44	27.0
1125	Латамоксеф	5	0	2	0.0
1126	Лауданум	74	0	7	2.0
1127	Лацидипін	13	0	3	0.0
1128	Левамізол	165	2	12	5.0
1129	Леветирацетам	82	0	7	3.0
1130	Леводопа	258	3	17	8.0
1131	Леводопа/карбідопа	24	0	5	1.0
1132	Левомепромазин	51	0	8	1.0
1133	Леворин	72	0	6	2.0
1134	Левотироксин	322	5	18	10.0
1135	Левофлоксацин	1243	19	61	43.0
1136	Левоцетиризин	237	3	13	7.5
1137	Легенева гіпертензія	1419	25	94	44.5
1138	Легеневе серце	1186	19	76	40.0
1139	Легіонельоз	446	3	29	15.0
1140	Ледіпасвір	37	0	5	1.0
1141	Лейкемічний провал	453	1	50	13.0
1142	Лейкоз	4241	77	233	134.5
1143	Лейкоцитарна формула	1226	8	92	40.0
1144	Лейоміома	375	2	22	12.5
1145	Лейпрорелін	29	0	4	1.0
1146	Лейшманіози	842	6	117	24.0
1147	Лектини С-типу	17	0	3	1.0
1148	Ленограстим	8	0	2	0.0
1149	Лепрозорій	1221	3	530	12.5
1150	Лептин	320	4	22	10.0
1151	Лептоспіроз	2144	31	174	69.5
1152	Лерканідипін	57	0	8	2.0
1153	Летаргічний енцефаліт	134	0	9	5.0
1154	Летрозол	102	0	10	3.0
1155	Лефлуномід	41	0	5	1.0
1156	Леш Федір Олександрович	12	0	3	0.0
1157	Лихоманка	44	0	5	1.0
1158	Лицева артерія	332	1	24	8.5
1159	Лицевий нерв	1218	19	70	38.5
1160	Лікар	1264	18	72	40.5
1161	Лікар-ендокринолог	1733	20	85	62.5
1162	Лікарня	908	11	88	27.0
1163	Лікарня відновного лікування Міністерства внутрішніх справ України	323	1	25	9.5
1164	Лікарська рослина	1383	18	81	44.5
1165	Лікарський збірник	16	0	3	1.0
1166	Лікарські засоби	3090	53	173	98.5
1167	Ліктьовий суглоб	236	0	20	8.0
1168	Лімфангіт	290	2	25	8.5
1169	Лімфатичні філяріїдози	51	0	5	2.0
1170	Лімфогранулематоз	2120	32	110	72.0
1171	Лімфома	1585	27	78	53.5
1172	Лімфома Беркітта	501	2	40	14.0
1173	Лімфома щитоподібної залози	40	0	5	1.5
1174	Лімфорея	68	0	9	2.0
1175	Лімфостаз	260	2	28	8.0
1176	Лімфоцитарний хоріоменінгіт	50	0	5	1.0
1177	Лімфоцитоз	1164	14	66	38.5
1178	Ліндеман Володимир Карлович	17	0	3	1.0
1179	Лінезолід	151	1	13	5.0
1180	Лінкозаміди	86	0	11	3.0
1181	Лінкоміцин	1165	27	56	38.0
1182	Лістеріоз	412	2	39	10.5
1183	Літотрипсія	327	3	21	10.5
1184	Лоаоз	68	0	7	2.0
1185	Лобова частка (мозок)	1303	11	91	35.5
1186	Лобово-скронева деменція	37	0	6	1.0
1187	Ловастатин	92	0	8	3.0
1188	Локсапін	4	0	2	0.0
1189	Ломефлоксацин	22	0	4	1.0
1190	Лопатка	375	5	24	12.0
1191	Лоперамід	956	14	48	32.0
1192	Лопінавір	130	0	26	3.0
1193	Лопінавір/Ритонавір	472	1	154	7.0
1194	Лоразепам	233	2	18	7.0
1195	Лорноксикам	89	0	6	3.0
1196	Луї Пастер	693	8	36	23.5
1197	Люмбальна пункція	1471	12	150	48.0
1198	Лямбліоз	1510	29	87	48.5
1199	М'язова атрофія	884	18	53	27.0
1200	М'який шанкр	310	4	18	11.0
1201	Магнітно-резонансна томографія	3201	56	162	107.0
1202	Майкл Елліс ДеБейкі	29	0	4	1.0
1203	Макроглобулінемія Вальденстрема	196	2	17	5.5
1204	Макроліди	918	11	91	27.0
1205	Малеїн	7	0	2	0.0
1206	Малогомілкова кістка	204	1	12	7.0
1207	Малярія	4141	57	270	142.5
1208	Мапротилін	20	0	5	0.5
1209	Маравірок	6	0	1	0.0
1210	Маревний паразитоз	116	0	13	4.0
1211	Марі Буавен	5	0	2	0.0
1212	Марк Фредерік Бойд	2	0	1	0.0
1213	Марсельська гарячка	90	0	22	2.0
1214	Масаж	1916	35	103	63.0
1215	Мастит	1651	27	118	51.0
1216	Мастоїдит	488	7	31	15.0
1217	Мастопатія	1246	16	87	39.0
1218	Меатотомія	23	0	3	1.0
1219	Мебеверин	149	2	11	5.0
1220	Мебендазол	240	2	15	7.5
1221	Мебікар	616	10	34	20.5
1222	Мегестрол	45	0	8	1.0
1223	Медазепам	28	0	3	1.0
1224	Медаль Менсона	6	0	5	0.0
1225	Медицина	2385	35	131	77.0
1226	Медицина подорожей та хвороб мандрівників	56	0	6	2.0
1227	Медична акустика	364	5	24	12.5
1228	Медична діагностика	1019	9	72	35.0
1229	Медичне сортування	1348	6	93	43.0
1230	Медичне страхування	587	4	35	18.0
1231	Медичний факультет Київського імператорського університету Святого Володимира	75	0	7	3.0
1232	Медроксипрогестерон	39	0	6	1.0
1233	Медулярний рак щитоподібної залози	390	2	22	13.0
1234	Мексилетин	31	0	3	1.0
1235	Меланома	2243	37	138	70.5
1236	Мелатонін	2933	52	377	85.0
1237	Меліоїдоз	139	0	22	3.5
1238	Мелперон	25	0	3	1.0
1239	Мелфалан	35	0	5	1.0
1240	Мельдоній	855	14	48	28.0
1241	Менінгеальний синдром	369	2	36	13.0
1242	Менінгеальні симптоми	1244	15	81	41.0
1243	Менінгізм	243	2	27	7.0
1244	Менінгіт	4429	89	210	140.5
1245	Менінгокок	485	3	42	14.0
1246	Менінгококова інфекція	2002	26	127	68.5
1247	Меніск (анатомія)	1775	30	88	61.0
1248	Менопауза	1688	32	81	55.5
1249	Менструальні розлади	3638	77	210	118.0
1250	Меркаптопурин	64	0	7	2.0
1251	Меропенем	107	0	8	4.0
1252	Месна	21	0	3	1.0
1253	Метаболізм лікарських засобів	462	5	30	16.0
1254	Метагонімоз	17	0	2	1.0
1255	Метаквалон	260	3	15	8.5
1256	Метапневмовірусна інфекція	49	0	7	2.0
1257	Метастаз	1016	21	53	34.5
1258	Метастронгільоз	32	0	5	1.0
1259	Метациклін	62	0	9	2.0
1260	Метилпреднізолон	314	3	21	10.0
1261	Метилфенідат	430	4	29	13.5
1262	Метицилін	73	0	7	2.0
1263	Метод Сельдінгера	287	1	28	9.0
1264	Метоклопрамід	892	12	57	28.0
1265	Метоксифлуран	38	0	4	1.0
1266	Метопролол	230	1	16	8.5
1267	Метотрексат	678	11	42	21.5
1268	Метформін	1161	24	59	38.0
1269	Мефедрон	1984	48	92	65.0
1270	Мефлохін	22	0	2	1.0
1271	Механізм передачі інфекції	1652	17	121	54.5
1272	Механотерапія	246	1	25	7.0
1273	Мечников Ілля Ілліч	1976	36	103	65.0
1274	Мигдалики	2144	40	149	64.5
1275	Миготіння передсердь	916	10	57	28.0
1276	Миготіння шлуночків	438	3	31	13.5
1277	Міансерин	96	0	10	3.0
1278	Мігрень	4087	102	189	132.0
1279	Мідазолам	89	0	7	3.0
1280	Мідекаміцин	44	0	5	2.0
1281	Мідріаз	568	11	29	18.5
1282	Мієліт	267	3	33	8.0
1283	Мієлодиспластичні синдроми	102	1	9	3.0
1284	Мієломна хвороба	1321	15	72	43.5
1285	Міжнародна класифікація функціонування, обмеження життєдіяльності та здоров’я (МКФ)	464	3	36	14.0
1286	Міжнародне агентство з дослідження раку	100	0	18	1.0
1287	Міжнародне нормалізоване відношення	1324	19	64	49.5
1288	Міжнародний класифікатор хвороб	2467	29	133	98.5
1289	Міжнародні медико-санітарні правила 2005 року	295	2	27	9.0
1290	Міжхребцева кила	3025	70	137	98.0
1291	Міжхребцевий диск	515	2	29	17.5
1292	Мікафунгін	12	0	3	0.5
1293	Міконазол	88	0	9	3.0
1294	Мікоплазмоз урогенітальний	670	10	41	20.0
1295	Мікофенолова кислота	25	0	3	1.0
1296	Мікроцефалія	552	9	39	17.0
1297	Мікседема	866	13	50	28.5
1298	Мілнаципран	22	0	4	1.0
1299	Мілько Василь Іванович	57	0	7	3.0
1300	Мінералокортикоїди	306	1	24	9.5
1301	Міноксидил	844	17	40	28.0
1302	Мінх Григорій Миколайович	57	0	8	2.0
1303	Мінцер Озар Петрович	51	0	5	2.0
1304	Міозит	1421	31	67	48.5
1305	Міома матки	2211	22	128	77.5
1306	Міопатія	988	15	59	34.0
1307	Міофасціальний больовий синдром	426	4	36	13.0
1308	Міртазапін	220	0	24	7.0
1309	Мітоксантрон	18	0	3	1.0
1310	Мітоміцин	23	0	3	1.0
1311	МКХ-10: Клас I. Деякі інфекційні та паразитарні хвороби (A)	615	3	45	23.5
1312	МКХ-10: Клас I. Деякі інфекційні та паразитарні хвороби (B)	885	6	53	32.5
1313	МКХ-10: Клас V. Розлади психіки та поведінки	3106	44	161	111.0
1314	МКХ-10: Клас VI. Хвороби нервової системи	3113	27	172	113.5
1315	МКХ-10: Клас VII. Хвороби ока та його придаткового апарату	1496	13	91	56.0
1316	МКХ-10: Клас VIII. Хвороби вуха та соскоподібного відростка	719	4	44	28.5
1317	МКХ-10: Клас XVI. Окремі стани, що виникають в перинатальному періоді	520	4	45	17.0
1318	МКХ-10: Клас XVII. Вроджені вади розвитку, деформації та хромосомні аномалії	2005	15	110	80.0
1319	Множинна ендокринна неоплазія	60	0	7	2.0
1320	Множинна ендокринна неоплазія тип 1	26	0	4	1.0
1321	Множинна ендокринна неоплазія тип 2А	22	0	3	1.0
1322	Множинна ендокринна неоплазія тип 2Б	21	0	3	1.0
1323	Мобільний армійський хірургічний шпиталь	19	0	3	1.0
1324	Модафініл	393	7	24	12.0
1325	Моексиприл	6	0	2	0.0
1326	Мозкова речовина надниркової залози	310	4	22	10.0
1327	Мозковий кровообіг	1008	14	70	32.0
1328	Мозолисте тіло	1146	8	91	32.0
1329	Моксифлоксацин	172	1	13	6.0
1330	Монобактами	71	0	9	2.0
1331	Монойодтирозин	4	0	1	0.0
1332	Моноклональні антитіла	471	5	32	14.0
1333	Монтелукаст	148	1	16	4.5
1334	Морацизин	14	0	2	0.0
1335	Морська хвороба	232	2	15	8.0
1336	Мосаприд	26	0	5	1.0
1337	Мочутковський Йосип Йосипович	11	0	2	1.0
1338	Моямоя	120	1	8	4.0
1339	Муковісцидоз	5809	125	353	182.0
1340	Мукормікоз	53	0	5	1.5
1341	Мупіроцин	82	0	6	3.0
1342	Мутизм	189	1	16	6.0
1343	Набряк	933	16	49	31.0
1344	Набряк Квінке	3521	73	172	123.0
1345	Набряк легень	2767	27	178	95.0
1346	Набуметон	64	0	6	2.0
1347	Набутий імунітет	884	9	78	26.5
1348	Надгортанник	415	5	31	13.0
1349	Надіфлоксацин	2	0	1	0.0
1350	Надлопаткова артерія	17	0	2	0.5
1351	Надлопаткова вена	8	0	3	0.0
1352	Надниркова залоза	2471	40	125	89.5
1353	Надолол	19	0	7	0.0
1354	Надп'яткова кістка	144	0	16	4.0
1355	Надп'ятково-гомілковий суглоб	531	7	30	18.0
1356	Надропарин	28	0	4	1.0
1357	Налбуфін	625	11	34	20.0
1358	Налідиксова кислота	34	0	7	1.0
1359	Налорфін	40	0	4	1.0
1360	Нанофієтоз	32	0	7	1.0
1361	Напроксен	267	4	16	8.5
1362	Наталізумаб	21	0	3	1.0
1363	Натаміцин	109	1	11	3.0
1364	Натан Едвін Брілл	3	0	1	0.0
1365	Натрію пікосульфат	53	0	5	2.0
1366	Натуральна віспа	3908	75	245	124.5
1367	Науково-практичний центр профілактичної та клінічної медицини Державного управління справами	161	1	12	5.5
1368	Нафтифін	60	0	5	2.0
1369	Національна асоціація екстрених медичних техніків	105	0	15	2.0
1370	Національний інститут раку (Україна)	289	1	20	10.0
1371	Національний музей медицини України	117	0	14	3.5
1372	Національний реєстр екстрених медичних техніків (США)	3	0	1	0.0
1373	Небіволол	207	1	16	7.0
1374	Невірапін	10	0	2	0.5
1375	Неврит	1103	16	72	36.5
1376	Неврологічний розлад	287	3	21	9.0
1377	Неврома	69	0	8	2.0
1378	Негоджкінська лімфома	1108	14	69	33.0
1379	Негоспітальна пневмонія	762	7	39	25.5
1380	Нежить	2297	47	108	75.0
1381	Нейробластома	267	2	17	8.5
1382	Нейродерміт	1070	14	56	36.5
1383	Нейроендокринна пухлина	133	0	12	4.0
1384	Нейроінфекції	731	12	38	26.0
1385	Нейропатія	644	11	49	18.5
1386	Нейрореабілітація	40	0	14	1.5
1387	Нейрофіброматоз	801	7	57	25.5
1388	Нейрофіброматоз І типу	315	2	21	9.5
1389	Нейрофіброматоз II типу	116	1	11	3.0
1390	Некробацильоз	55	0	7	2.0
1391	Некроз	1921	29	118	59.0
1392	Некротичний фасциїт	1	0	1	0.0
1393	Нелфінавір	14	0	3	0.0
1394	Немоноксацин	3	0	1	0.0
1395	Ненуклеозидні інгібітори зворотньої транскриптази	129	0	22	3.0
1396	Неоміцин	120	1	9	3.5
1397	Неостигмін	134	0	13	4.0
1398	Непарна щитоподібна артерія	43	0	5	2.0
1399	Нервова анорексія	845	10	56	27.0
1400	Нервова система	8423	111	649	239.5
1401	Нервовий вузол	695	8	49	20.0
1402	Нереверсивна маска	128	1	12	3.0
1403	Неспецифічний виразковий коліт	1663	36	83	54.5
1404	Несправжній суглоб	215	1	20	8.0
1405	Нетилміцин	18	0	3	0.0
1406	Нетупітант	18	0	11	0.0
1407	Нетупітант/палоносетрон	7	0	5	0.0
1408	Нефопам	43	0	6	2.0
1409	Нефротичний синдром	752	9	53	25.5
1410	Нецукровий діабет	774	7	38	27.5
1411	Нещадименко Марко Петрович	16	0	2	0.0
1412	Нижня щитоподібна артерія	66	0	8	2.0
1413	Нижня щитоподібна вена	10	0	2	0.0
1414	Низько-диференційований рак щитоподібної залози	70	0	7	2.0
1415	Нізатидин	15	0	3	1.0
1416	Нікардипін	29	0	5	1.0
1417	Нікетамід	35	0	6	1.0
1418	Ніклас Сальгрен	0	0	0	0.0
1419	Нікольський Петро Васильович	16	0	4	0.5
1420	Нікорандил	35	0	5	1.0
1421	Ніктурія	420	2	33	13.0
1422	Нілотиніб	17	0	3	0.5
1423	Нільс Алвалл	4	0	1	0.0
1424	Німесулід	777	10	43	27.0
1425	Німодипін	39	0	5	2.0
1426	Німоразол	16	0	3	1.0
1427	Німотузумаб	3	0	1	0.0
1428	Ністагм	917	17	47	30.5
1429	Нітразепам	80	0	9	2.0
1430	Нітрендипін	29	0	4	1.0
1431	Нітроксолін	594	8	34	18.0
1432	Нітрофурани	325	4	20	10.0
1433	Нітрофурантоїн	200	2	14	6.0
1434	Ніфедипін	355	4	27	11.0
1435	Ніфурател	67	0	5	2.0
1436	Ніфуроксазид	830	12	41	27.0
1437	Нобелівська премія з фізіології або медицини	286	1	33	8.0
1438	Новоутворення ендокринних залоз	84	0	8	2.5
1439	Нога людини	1025	21	50	32.0
1440	Ножиці атравматичні	8	0	3	0.0
1441	Нозологія	630	8	36	22.0
1442	Нокардіоз	93	0	14	2.0
1443	Нома	246	1	22	8.0
1444	Норовірусна інфекція	1370	1	693	6.0
1445	Норфлоксацин	187	1	11	6.0
1446	Носова канюля	55	0	6	2.0
1447	Носова кровотеча	531	7	31	16.0
1448	Нудота	536	9	47	15.5
1449	Нуклеозидні інгібітори зворотньої транскриптази	378	0	62	10.0
1450	Нюховий горбок	26	0	2	1.0
1451	О'ньйонг'ньйонг	11	0	2	1.0
1452	Обідкова частка	59	0	6	2.0
1453	Обінутузумаб	14	0	3	0.0
1454	Обличчя великої панди (ознака)	5	0	2	0.0
1455	Образцов Василь Парменович	70	0	11	2.0
1456	Обрамлене застереження	15	0	2	1.0
1457	Огорожа (анатомія)	30	0	4	1.0
1458	Одеська обласна клінічна лікарня	49	0	9	2.0
1459	Ожиріння в Україні	108	0	25	3.0
1460	Окоруховий нерв	461	3	40	12.5
1461	Оксаліплатин	90	0	14	3.0
1462	Оксацилін	131	0	11	4.0
1463	Оксибутинін	62	0	6	2.0
1464	Оксиками	32	0	4	1.0
1465	Оксикодон	630	11	38	19.0
1466	Оксиконазол	5	0	1	0.0
1467	Окситоцин	1686	39	86	57.0
1468	Окскарбазепін	23	0	3	1.0
1469	Окспренолол	8	0	2	0.5
1470	Оланзапін	170	1	11	5.0
1471	Олеандоміцин	26	0	6	1.0
1472	Олігурія	488	4	32	15.5
1473	Олмесартан	54	0	7	2.0
1474	Олопатадин	14	0	3	0.0
1475	Омалізумаб	42	0	4	1.0
1476	Омепразол	1373	29	91	41.0
1477	Омнопон	154	1	13	5.0
1478	Омоконазол	9	0	2	1.0
1479	Ондансетрон	151	0	12	5.0
1480	Онейроїд	193	1	16	6.0
1481	Оніхофагія	80	0	7	3.0
1482	Онкологія	949	12	63	30.0
1483	Онкоцит	38	0	5	1.0
1484	Онхоцеркоз	113	0	10	3.0
1485	Операція Бенталла	53	0	9	2.0
1486	Операція Крайля	194	1	25	5.0
1487	Оперізуючий герпес	10495	258	450	339.5
1488	Опікова хвороба	651	6	58	18.5
1489	Опіковий шок	667	3	68	22.5
1490	Опісторхоз	964	10	70	30.5
1491	Опортуністична інфекція	277	2	22	8.5
1492	Орієнтовний перелік основних лікарських засобів, розроблений ВООЗ	113	0	7	4.0
1493	Орнідазол	313	3	19	10.0
1494	Орнітоз	365	2	24	12.0
1495	Орхіт	413	4	25	13.5
1496	Орципреналін	55	0	9	1.0
1497	Остеопороз	1669	26	87	52.5
1498	Остеосинтез	240	3	16	7.5
1499	Острівцева кора	140	0	13	4.5
1500	Осьовий хребець	171	1	12	5.5
1501	Отопластика	146	1	13	4.0
1502	Отруєння	1660	21	95	58.0
1503	Отруєння грибами	163	1	18	4.0
1504	Отруєння етиловим спиртом	318	2	32	8.0
1505	Отто Обермаєр	1	0	1	0.0
1506	Офатумумаб	7	0	1	0.0
1507	Офлоксацин	419	3	34	13.5
1508	Офтальмологія	901	14	51	30.5
1509	Офтальмоплегія	80	0	8	3.0
1510	Очеревина	693	7	43	22.5
1511	Очерки гнойной хирургии	23	0	4	1.0
1512	Очна артерія	112	0	13	3.0
1513	Очна ямка	458	2	32	14.5
1514	П'єр Фідель Бретонно	8	0	3	0.0
1515	П'єр-Шарль Александр Луї	2	0	1	0.0
1516	П'ята холерна пандемія	14	0	3	1.0
1517	П'яткова кістка	85	0	11	2.5
1518	Падалка Борис Якович	16	0	5	0.5
1519	Паклітаксел	139	0	9	4.5
1520	Паліперидон	19	0	4	0.0
1521	Палоносетрон	9	0	2	0.0
1522	Панарицій	921	13	55	27.5
1523	Пандемія	9409	57	1732	129.0
1524	Пандемія грипу H1N1 (2009)	2111	17	218	44.5
1525	Пандемія коронавірусної хвороби 2019	0	0	0	0.0
1526	Пандемія хвороби, яку спричинює вірус Зіка	64	1	9	2.0
1527	Панкреатична нейроендокринна пухлина	38	0	4	1.0
1528	Пантопразол	491	9	28	15.0
1529	Панцитопенія	375	3	26	12.0
1530	Папілома	1878	40	84	62.5
1531	Папілярний рак щитоподібної залози	617	8	38	21.5
1532	Парааміносаліцилова кислота	37	0	6	1.0
1533	Парагангліома	68	0	7	2.0
1534	Парагонімоз	244	1	28	6.0
1535	Парагрип	978	14	76	32.5
1536	Паразитарна інвазія	845	12	53	28.0
1537	Паразитарні хвороби	325	3	21	9.0
1538	Параліч	724	11	40	22.5
1539	Парамедик	442	6	27	14.5
1540	Паранеопластичний синдром	300	1	19	10.0
1541	Парапроктит	2653	52	123	83.5
1542	Паратгормон	1395	16	84	48.5
1543	Паратиреоїдектомія	54	0	5	2.0
1544	Паратифи	679	7	54	18.0
1545	Паратонзилярний абсцес	1620	38	74	51.5
1546	Паращитоподібна залоза	723	4	47	25.5
1547	Парвовірус В19	442	6	30	14.0
1548	Парекоксиб	14	0	2	1.0
1549	Парентеральне введення	1745	25	125	58.0
1550	Пароксетин	289	3	17	9.0
1551	Пароксизм	368	6	24	11.5
1552	Пароксизмальна тахікардія	1790	27	104	61.5
1553	Паромоміцин	10	0	1	0.5
1554	Паротит	587	8	36	19.0
1555	Парфанович Софія	39	0	7	1.0
1556	Патісіран	12	0	4	0.0
1557	Патогенез	726	10	39	24.5
1558	Патогенез бічного аміотрофічного склерозу	20	0	3	1.0
1559	Патогномонічний симптом	181	2	10	6.0
1560	Патологічна анатомія	598	6	48	17.0
1561	Патрік Менсон (паразитолог)	8	0	2	0.0
1562	Пауль Лангерганс	19	0	5	0.0
1563	Пахвинна зв'язка	161	1	13	5.0
1564	Пахвинний канал	446	4	26	15.0
1565	Пахвова артерія	133	0	14	4.0
1566	Пахвова вена	61	0	7	1.0
1567	Пахова гранульома	184	1	11	6.0
1568	Пегільований інтерферон альфа-2а	123	0	8	4.0
1569	Пегільований інтерферон альфа-2b	49	0	4	2.0
1570	Пегфілграстим	23	0	4	1.0
1571	Педикульоз	2145	42	118	68.0
1572	Пелещук Анатолій Петрович	52	0	5	2.0
1573	Пембролізумаб	142	0	13	5.0
1574	Пеметрексед	47	0	6	1.0
1575	Пенетрація (медицина)	511	4	30	16.0
1576	Пеніцилін	2758	50	180	87.0
1577	Пентазоцин	31	0	7	0.5
1578	Пентамідин	35	0	4	1.0
1579	Пентобарбітал	185	1	17	6.0
1580	Пентоксифілін	230	0	15	7.5
1581	Пенцикловір	10	0	2	0.0
1582	Пептична виразка	1761	28	88	56.0
1583	Первинний амебний менінгоенцефаліт	51	0	5	2.0
1584	Передменструальний синдром	3178	69	133	109.5
1585	Передня мозкова артерія	124	0	12	5.0
1586	Передня яремна вена	97	0	11	3.0
1587	Передсердний натрійуретичний фактор	176	2	14	5.0
1588	Передчасна еякуляція	1129	22	60	37.0
1589	Переливання крові	3735	44	224	135.0
1590	Перелік інфекційних хвороб людини	3275	43	212	106.0
1591	Перелік курсів екстреної медичної допомоги	21	0	5	1.0
1592	Перелік паразитарних хвороб людини	415	1	31	13.0
1593	Переломи кісток	4349	55	238	153.0
1594	Перикардит	1138	18	71	36.0
1595	Перитоніт	3042	40	171	106.0
1596	Періодонтоз	774	10	56	23.0
1597	Перкусія	659	7	53	21.0
1598	Пероральний прийом лікарських засобів	1761	34	82	61.0
1599	Перстнещитоподібна артерія	3	0	1	0.0
1600	Пертузумаб	23	0	5	1.0
1601	Перша холерна пандемія	263	0	85	3.0
1602	Петер Крауснекер	2	0	1	0.0
1603	Петехія	439	7	24	14.0
1604	Пефлоксацин	26	0	4	1.0
1605	Печериста пазуха	196	1	19	6.0
1606	Печінка	4898	77	244	168.0
1607	Печінкова недостатність	969	12	59	30.5
1608	Печія	1444	28	75	50.0
1609	Пирогов Микола Іванович	1743	20	90	58.0
1610	Півкулі головного мозку	2564	28	188	72.0
1611	Під'язикова артерія	17	0	4	1.0
1612	Підвисоцький Володимир Валеріанович	80	0	8	2.0
1613	Підвішуюча зв'язка щитоподібної залози	8	0	2	0.5
1614	Підключична артерія	548	6	43	14.5
1615	Підключична вена	102	1	11	3.0
1616	Підотимод	9	0	2	0.0
1617	Підпід'язикова артерія	5	0	2	0.0
1618	Підшкірна ін'єкція	1643	26	83	57.5
1619	Підшкірний мансонельоз	56	0	5	2.0
1620	Підшкірні філяріїдози	54	0	12	2.0
1621	Пієлонефрит	3943	67	211	144.0
1622	Пілокарпін	103	0	11	3.0
1623	Пімозид	41	0	4	1.0
1624	Піндолол	14	0	3	0.0
1625	Пінеалобластома	7	0	2	0.0
1626	Пінеалома	15	0	4	0.5
1627	Пінта (хвороба)	91	0	9	3.0
1628	Піодермія	1767	35	97	56.5
1629	Піпемідова кислота	31	0	5	1.0
1630	Піперазин	166	0	17	5.0
1631	Піперацилін	48	0	6	2.0
1632	Піразинамід	51	0	6	1.0
1633	Пірамідна система	578	6	40	17.5
1634	Пірантел	303	4	18	9.5
1635	Пірензепін	40	0	7	1.0
1636	Пірибедил	11	0	2	0.0
1637	Піридостигмін	20	0	7	0.0
1638	Піріметамін	43	0	6	1.0
1639	Піріметамін/сульфадоксин	20	0	4	1.0
1640	Пірліндол	8	0	2	0.0
1641	Піроксикам	77	0	7	2.0
1642	Пітавастатин	33	0	4	1.0
1643	Пітуіцитома	20	0	4	1.0
1644	Плазмодій	902	11	57	28.5
1645	Платифілін	371	4	25	11.0
1646	Плеврит	3051	49	164	102.5
1647	Плевромутилін	9	0	2	0.0
1648	Плечеголовна вена	79	0	17	3.0
1649	Плечоголовний стовбур	99	0	10	3.0
1650	Пліометрика	76	0	6	3.0
1651	Плоска бородавка	131	1	10	4.0
1652	Плоскоклітинна карцинома щитоподібної залози	43	0	5	1.0
1653	Пляма (висип)	304	4	25	9.0
1654	Плямиста гарячка Скелястих Гір	67	0	8	2.0
1655	Пневмоконіоз	952	5	64	31.0
1656	Пневмоторакс	3468	48	223	119.0
1657	Пневмоцистна пневмонія	309	1	26	10.5
1658	Побічна дія (медицина)	5543	130	270	185.0
1659	Поверхнева скронева артерія	112	1	10	3.5
1660	Повільні інфекції	65	0	7	2.0
1661	Повітряно-крапельний механізм передачі інфекції	890	7	96	24.5
1662	Поворотний тиф	167	1	14	5.0
1663	Подагра	6487	177	264	213.0
1664	Позаконазол	14	0	2	1.0
1665	ПоКіФоРо ІнРиКоЗ	24	0	3	1.0
1666	Поле Бродмана 4	34	0	5	1.5
1667	Поле Бродмана 5	16	0	3	1.0
1668	Поле Бродмана 6	33	0	5	1.0
1669	Поле Бродмана 7	22	0	5	1.0
1670	Поле Бродмана 8	12	0	3	0.0
1671	Поле Бродмана 9	8	0	4	0.0
1672	Поле Бродмана 10	22	0	3	0.5
1673	Поле Бродмана 11	8	0	4	0.0
1674	Поле Бродмана 12	6	0	3	0.0
1675	Поле Бродмана 13	7	0	3	0.0
1676	Поле Бродмана 14	3	0	1	0.0
1677	Поле Бродмана 15	4	0	2	0.0
1678	Поле Бродмана 16	3	0	1	0.0
1679	Поле Бродмана 20	11	0	2	0.5
1680	Поле Бродмана 21	12	0	4	0.5
1681	Поле Бродмана 22	10	0	3	0.0
1682	Поле Бродмана 23	9	0	4	0.0
1683	Поле Бродмана 24	13	0	5	0.0
1684	Поле Бродмана 25	27	0	5	1.0
1685	Поле Бродмана 26	5	0	4	0.0
1686	Поле Бродмана 27	6	0	4	0.0
1687	Поле Бродмана 28	10	0	5	0.0
1688	Поле Бродмана 29	7	0	5	0.0
1689	Поле Бродмана 30	8	0	3	0.0
1690	Поле Бродмана 31	7	0	4	0.0
1691	Поле Бродмана 32	16	0	3	1.0
1692	Поле Бродмана 33	49	0	11	1.0
1693	Поле Бродмана 34	6	0	3	0.0
1694	Поле Бродмана 35	3	0	2	0.0
1695	Поле Бродмана 36	12	0	4	0.0
1696	Поле Бродмана 37	17	0	6	0.5
1697	Поле Бродмана 38	11	0	2	0.0
1698	Поле Бродмана 39	9	0	2	0.0
1699	Поле Бродмана 40	23	0	4	1.0
1700	Поле Бродмана 43	7	0	2	0.0
1701	Поле Бродмана 44	19	0	3	1.0
1702	Поле Бродмана 45	20	0	3	1.0
1703	Поле Бродмана 46	16	0	4	0.0
1704	Поле Бродмана 47	12	0	3	0.0
1705	Поле Бродмана 48	3	0	1	0.0
1706	Поле Бродмана 49	2	0	1	0.0
1707	Поле Бродмана 52	1	0	1	0.0
1708	Поліартрит	1074	17	58	36.5
1709	Полідипсія	203	2	16	6.0
1710	Полієнові антибіотики	107	0	11	3.0
1711	Полікістоз нирок	777	8	54	25.5
1712	Поліклініка № 1 Державного управління справами	220	1	23	7.0
1713	Поліневрит	400	4	29	12.0
1714	Поліноз	558	4	43	19.5
1715	Поліомієліт	4861	75	256	166.5
1716	Політравма	1078	7	73	35.0
1717	Поліфагія (симптом)	121	1	9	4.0
1718	Поля Бродмана	230	0	23	8.5
1719	Поля Бродмана 41 і 42	18	0	4	1.0
1720	Поперечна артерія шиї	65	0	8	2.0
1721	Постцентральна звивина	98	0	11	3.0
1722	Потилична артерія	23	0	3	0.0
1723	Потилична частка	994	10	74	32.5
1724	Потрійний-А синдром	123	0	11	4.0
1725	Поясна кора	95	0	7	4.0
1726	Правастатин	31	0	5	1.0
1727	Правець	4556	74	257	149.0
1728	Правило Лібермейстера	55	0	8	2.0
1729	Правцева діагностична тріада	38	0	4	2.0
1730	Празиквантел	131	1	10	4.0
1731	Празозин	138	1	11	4.0
1732	Праміпексол	53	0	10	2.0
1733	Прамірацетам	46	0	4	1.0
1734	Прасугрель	41	0	5	1.0
1735	Прегабалін	974	19	59	32.0
1736	Преднізолон	1584	27	75	53.5
1737	Примак Федір Якович	10	0	2	1.0
1738	Пріонові хвороби	1183	17	82	35.5
1739	Проба Шелестюка	126	0	12	4.0
1740	Прогестерон	2200	36	98	78.0
1741	Прогормон	22	0	5	1.0
1742	Прогресивний параліч	60	0	7	1.0
1743	Продромальний період	184	2	12	6.0
1744	Прозектор	26	0	5	1.0
1745	Проказа	7191	73	2300	101.5
1746	Прокаїн	594	8	37	17.5
1747	Прокаїнамід	76	0	9	2.5
1748	Проктит	871	19	42	28.0
1749	Пролактин	2080	30	106	74.0
1750	Пролактинома	301	4	17	10.0
1751	Променева терапія	1180	17	67	38.0
1752	Променева хвороба	3100	35	190	98.5
1753	Променево-зап'ястковий суглоб	292	3	20	9.5
1754	Прометазин	148	0	15	4.0
1755	Пропафенон	57	0	7	1.0
1756	Пропілтіоурацил	20	0	3	1.0
1757	Пропранолол	351	5	24	10.5
1758	Пророксан	21	0	3	1.0
1759	Простагландини	751	12	37	25.5
1760	Простатит	4505	96	193	150.5
1761	Протиглисні засоби	182	1	15	5.5
1762	Протипаркінсонічні препарати	113	0	12	3.5
1763	Протіонамід	7	0	3	0.0
1764	Протозойні хвороби	372	2	24	10.5
1765	Протопопов Віктор Павлович	62	0	11	2.0
1766	Протрузія міжхребцевого диска	911	17	48	29.0
1767	Професійні хвороби	616	6	54	19.5
1768	Прохлорперазин	44	0	5	2.0
1769	Псевдобульбарний синдром	590	6	33	19.0
1770	Псевдоефедрин	401	3	28	13.0
1771	Псевдотуберкульоз	540	2	33	18.5
1772	Психіатр	302	2	21	10.0
1773	Псоріаз	6336	140	288	219.0
1774	Пташиний грип	2531	29	151	76.5
1775	Пульпіт	1577	19	97	53.0
1776	Пульпозне ядро	24	0	4	1.0
1777	Пульс	5625	91	291	184.5
1778	Пульсометрія	121	0	9	4.0
1779	Пухир	329	4	19	10.5
1780	Пухлина головного мозку	1706	28	86	56.5
1781	Пухлинний маркер	300	2	22	9.5
1782	Рабдоміоліз	359	1	26	10.0
1783	Рабепразол	78	0	9	2.0
1784	Разагілін	18	0	3	1.0
1785	Рак легені	4028	56	215	134.0
1786	Рак молочної залози	2013	35	103	66.5
1787	Рак паращитоподібної залози	52	0	5	2.0
1788	Рак підшлункової залози	717	13	45	24.0
1789	Рак стравоходу	608	11	42	19.0
1790	Рак шийки матки	974	10	57	31.0
1791	Рак шкіри	2246	45	113	73.5
1792	Рак щитоподібної залози	957	19	52	30.0
1793	Раково-ембріональний антиген	140	1	10	4.0
1794	Ралтегравір	12	0	3	0.0
1795	Рана	1619	18	120	53.0
1796	Рандомізоване контрольоване дослідження	214	1	17	8.0
1797	Ранолазин	71	0	10	2.0
1798	Рауль Бенсауд	0	0	0	0.0
1799	Рафаель Бланшар	11	0	2	0.0
1800	Рахіт	3715	48	237	125.0
1801	Реактивний артрит	1245	20	66	42.0
1802	Реакція Асколі	73	0	8	2.0
1803	Реакція пасивної гемаглютинації	157	0	14	6.0
1804	Реанімація (медицина)	1987	28	115	64.0
1805	Ребаміпід	62	0	6	2.0
1806	Реберношийний стовбур	11	0	2	1.0
1807	Ревматизм	6135	112	299	223.5
1808	Ревматологія	697	5	37	25.5
1809	Рейкі	327	4	20	12.0
1810	Ремдесивір	0	0	0	0.0
1811	Рене Лаенек	47	0	16	1.0
1812	Ренін	424	3	30	14.0
1813	Реноваскулярна гіпертензія	418	6	24	14.0
1814	Реовіруси	96	0	12	3.0
1815	Реовірусна інфекція	41	0	7	1.0
1816	Респіраторний мікоплазмоз	149	1	14	4.0
1817	Респіраторно-синцитіальна інфекція	430	4	46	12.0
1818	Рестриктивна кардіоміопатія	36	0	4	1.0
1819	Ретапамулін	2	0	2	0.0
1820	Реформа швидкої (екстреної) медичної допомоги в Україні з 2016 року	151	1	13	4.5
1821	Рецидив (медицина)	678	11	36	23.0
1822	Рибавірин	359	2	40	9.0
1823	Ривароксабан	258	2	25	8.5
1824	Ривастигмін	16	0	8	1.0
1825	Ригідність потиличних м'язів	348	2	20	11.0
1826	Рикетсіози	278	2	25	8.5
1827	Рилузол	65	0	12	2.0
1828	Римантадин	1029	21	69	31.0
1829	Риновірусна інфекція	382	4	29	12.0
1830	Риноспоридіоз	17	0	5	2.0
1831	Рисперидон	200	3	16	6.0
1832	Ритонавір	141	0	14	4.0
1833	Ритуксимаб	170	1	16	5.0
1834	Рифабутин	8	0	2	0.0
1835	Рифаксимін	96	0	7	3.0
1836	Рифаміцин	35	0	4	1.0
1837	Рифапентин	8	0	3	0.0
1838	Рідкісна хвороба	1041	3	167	22.0
1839	Рілпівірин	7	0	2	0.0
1840	Роберт Кох	350	0	21	11.0
1841	Роберт Ноулз	5	0	2	0.0
1842	Роботизована хірургія	86	0	10	2.0
1843	Рогівка	1015	9	78	30.5
1844	Родимка	742	11	39	25.5
1845	Розлад особистості	489	6	31	16.5
1846	Розширена підтримка життя	125	1	10	4.0
1847	Роксатидин	16	0	2	0.0
1848	Рокситроміцин	48	0	5	2.0
1849	Рольфінг	23	0	3	1.0
1850	Романовський Дмитро Леонідович	15	0	2	1.0
1851	Ропінірол	11	0	2	0.0
1852	Ротавірусна інфекція	2811	47	141	95.0
1853	Ротиготин	11	0	2	0.0
1854	Рофекоксиб	44	0	4	2.0
1855	Рубець (медицина)	526	6	34	17.0
1856	Ручківський Сергій Никифорович	14	0	5	1.0
1857	С-клітина	35	0	4	1.0
1858	Савченко Іван Григорович	18	0	3	1.0
1859	Саймон Флекснер	4	0	1	0.0
1860	Саквінавір	30	0	6	1.0
1861	Сальбутамол	587	9	38	18.5
1862	Сальгренська Університетська Лікарня	10	0	3	0.0
1863	Сальметерол	96	0	8	3.0
1864	Сальмонельоз	4262	67	230	141.5
1865	Санація (медицина)	737	8	41	25.0
1866	Сап	263	3	19	8.5
1867	Сапроноз	255	3	20	7.0
1868	Саркоїдоз	1416	17	78	48.0
1869	Саркома	1691	35	84	58.0
1870	Саркома Капоші	1003	16	115	28.5
1871	Саркома Юїнга	620	6	55	19.5
1872	Саркоцистоз	35	0	4	1.0
1873	Свен Івар Сельдінгер	14	0	2	1.0
1874	Світлобоязнь	115	0	9	3.0
1875	Себастьяно Рівольта	4	0	1	0.0
1876	Севофлуран	90	0	9	3.0
1877	Сезонний афективний розлад	154	1	11	5.5
1878	Секнідазол	124	0	8	4.0
1879	Секретин	178	1	14	5.5
1880	Селегілін	30	0	4	1.0
1881	Сепсис	4148	78	208	146.5
1882	Септичний шок	1189	8	77	35.0
1883	Середньомозкове ядро трійчастого нерва	6	0	2	0.0
1884	Середня мозкова артерія	182	1	13	6.0
1885	Середня щитоподібна вена	10	0	4	0.5
1886	Серозні мансонельози	14	0	6	0.0
1887	Серозні філяріїдози	4	0	2	0.0
1888	Серотонін	2580	56	126	87.5
1889	Сертаконазол	53	0	7	1.5
1890	Сертиндол	11	0	2	0.0
1891	Сертралін	363	3	24	11.0
1892	Серце людини	10307	111	595	343.0
1893	Серцева недостатність	5816	101	275	201.0
1894	Серцево-судинні захворювання	5613	69	317	203.5
1895	Сехіфенадин	6	0	2	0.0
1896	Сечокам'яна хвороба	2505	38	125	76.5
1897	Сибірка	3676	43	280	99.0
1898	Силікоз	792	10	55	28.5
1899	Силодозин	48	0	5	2.0
1900	Симпатикотонія	84	0	8	2.0
1901	Симптом	1031	12	59	35.0
1902	Симптом Аарона	22	0	3	1.0
1903	Симптом Абаді	1	0	1	0.0
1904	Симптом Бабінскі	496	4	31	16.5
1905	Симптом блідого носогубного трикутника	171	1	14	5.0
1906	Симптом випорожнень по типу «рисового відвару»	71	1	8	2.0
1907	Симптом Вінтерботтома	11	0	3	1.0
1908	Симптом Гієна	60	0	9	2.0
1909	Симптом Годельє	747	12	64	25.5
1910	Симптом двобічного збільшення потиличних лімфатичних вузлів	131	1	10	4.0
1911	Симптом Добровольської-Ніколадоні	2	0	1	0.0
1912	Симптом каптура	36	0	4	1.0
1913	Симптом каптура (психіатрія)	44	0	4	2.0
1914	Симптом Керніга	411	3	27	14.0
1915	Симптом Кіарі	33	0	4	1.0
1916	Симптом Копліка	490	8	29	15.0
1917	Симптом Курвуазьє	614	5	43	19.0
1918	Симптом Левіна	27	0	5	1.0
1919	Симптом Лессажа	121	0	12	3.0
1920	Симптом малинового желе	301	2	26	10.0
1921	Симптом малинового язика	474	9	28	15.5
1922	Симптом Мюссе	269	3	18	9.5
1923	Симптом Нікольського	592	4	43	20.5
1924	Симптом Падалки	124	0	15	4.0
1925	Симптом Пастернацького	794	7	50	28.0
1926	Симптом Пастіа	99	0	14	3.0
1927	Симптом Піка	21	0	3	1.0
1928	Симптом Романьї	10	0	2	1.0
1929	Симптом рукавичок і шкарпеток	98	0	9	3.0
1930	Симптом Стімсона	18	0	4	1.0
1931	Симптом Стокса	47	0	6	2.0
1932	Симптом триніжка	98	0	9	3.0
1933	Симптом Фаже	18	0	2	1.0
1934	Симптом Феррарі	15	0	3	1.0
1935	Симптом Флатау	28	0	3	1.0
1936	Симптом Форчгеймера	18	0	4	1.0
1937	Симптом Щоткіна-Блюмберга	660	7	42	20.5
1938	Симптоми Брудзинського	347	3	23	12.0
1939	Симптоми Тауссіга	0	0	0	0.0
1940	Синдактилія	389	4	25	12.5
1941	Синдром	956	18	57	28.5
1942	Синдром Аазе — Сміта	40	0	4	2.0
1943	Синдром Аарскога	173	1	25	5.0
1944	Синдром Абдалла — Девіса — Фарража	40	0	6	1.0
1945	Синдром Авелліса	33	0	6	1.5
1946	Синдром Адамса — Олівера	107	1	11	4.0
1947	Синдром Аді	140	1	12	5.0
1948	Синдром Аді — Крітчлі	4	0	3	0.0
1949	Синдром Аєрзи	116	1	15	3.5
1950	Синдром Акерманів	30	0	5	1.0
1951	Синдром Алажілля	162	0	16	4.0
1952	Синдром Аллана — Герндона — Дадлі	17	0	3	1.0
1953	Синдром Аллена — Гайнса	7	0	2	0.5
1954	Синдром Аллена — Мастерса	116	1	9	4.0
1955	Синдром Алстрема	116	0	10	3.0
1956	Синдром Альвареса	23	0	4	1.0
1957	Синдром Альпорта	231	0	20	7.0
1958	Синдром Андерманна	62	0	7	2.0
1959	Синдром Андерсен	79	0	9	2.0
1960	Синдром Антлі — Бікслера	59	0	7	2.0
1961	Синдром Аперта	132	0	12	4.0
1962	Синдром Аракава I	39	0	5	2.0
1963	Синдром Аракава II	27	0	5	1.0
1964	Синдром Аспергера	3243	67	164	106.5
1965	Синдром Ачора — Сміта	1	0	1	0.0
1966	Синдром Ашара	63	0	7	2.0
1967	Синдром Ашара — Тьєра	23	0	3	1.0
1968	Синдром Ашера	54	0	4	2.0
1969	Синдром Ашермана	225	2	24	6.5
1970	Синдром Бадда — Кіарі	374	5	30	11.5
1971	Синдром Бехчета	261	3	19	9.0
1972	Синдром Бруннера	187	1	22	4.0
1973	Синдром Вегенера	359	3	35	11.0
1974	Синдром відміни	1174	26	56	38.5
1975	Синдром Вільямса	845	7	86	25.0
1976	Синдром Вольфа — Паркінсона — Вайта	840	9	48	29.5
1977	Синдром Вотергауза — Фредеріксена	132	0	10	5.0
1978	Синдром Герстмана — Штройслера — Шейнкера	109	0	11	3.5
1979	Синдром Гієна — Барре	1030	16	64	31.0
1980	Синдром гіпоплазії лівих відділів серця	146	1	16	3.5
1981	Синдром Горнера	777	11	52	24.5
1982	Синдром Гудпасчера	130	1	10	4.0
1983	Синдром Дабіна — Джонсона	133	1	11	4.0
1984	Синдром де Тоні — Дебре — Фанконі	268	2	33	8.0
1985	Синдром Денді — Вокера	194	0	19	5.0
1986	Синдром Джанотті — Крості	103	1	10	4.0
1987	Синдром Доріана Грея	90	0	9	3.0
1988	Синдром Дресслера	689	7	47	20.5
1989	Синдром Едвардса	2279	30	143	66.0
1990	Синдром Ейкарді	72	0	6	2.5
1991	Синдром Елліса — ван Кревельда	171	1	15	5.0
1992	Синдром Жильбера	1892	24	93	68.5
1993	Синдром зап'ястного каналу	1122	19	57	38.0
1994	Синдром Золлінгера — Еллісона	432	7	25	14.0
1995	Синдром Кавасакі	587	5	59	18.0
1996	Синдром Кейтеля	31	0	4	1.0
1997	Синдром китайського ресторану	44	0	5	1.5
1998	Синдром Корсакова	352	4	25	11.0
1999	Синдром космічної адаптації	19	0	3	1.0
2000	Синдром Котара	422	2	73	9.5
2001	Синдром котячого крику	2816	23	210	77.0
2002	Синдром Криглера — Найяра	197	1	17	5.5
2003	Синдром Лаєлла	1496	19	105	47.5
2004	Синдром Ларона	56	2	19	9.0
2005	Синдром Лауна — Ґанонґа — Левайна	227	1	20	7.0
2006	Синдром Лея	75	0	10	2.0
2007	Синдром Маккюна — Олбрайта	161	0	17	4.5
2008	Синдром Марфана	2192	24	162	69.5
2009	Синдром Морганьї — Адамса — Стокса	562	4	41	18.5
2010	Синдром Морріса	392	2	28	11.0
2011	Синдром Неємія Ашерсона	26	0	4	1.0
2012	Синдром Неймеген	110	0	13	3.0
2013	Синдром Патау	2851	30	198	83.0
2014	Синдром Пейтца — Єгерса	100	0	8	3.0
2015	Синдром передчасного збудження шлуночків	78	0	7	3.0
2016	Синдром подразненого кишечника	1989	43	95	63.5
2017	Синдром порушення активності та уваги	1143	19	60	40.0
2018	Синдром раптової дитячої смерті	205	1	15	6.5
2019	Синдром Ретта	905	11	88	27.0
2020	Синдром Рея	666	9	45	21.5
2021	Синдром Ротора	115	0	9	4.0
2022	Синдром Сваєра	109	1	11	3.0
2023	Синдром системної запальної відповіді	277	1	26	9.0
2024	Синдром слабкості синусового вузла	481	5	55	15.0
2025	Синдром Стендаля	383	6	23	12.0
2026	Синдром Стівенса — Джонсона	1136	19	67	35.0
2027	Синдром струшеної дитини	512	7	30	17.0
2028	Синдром Такаясу	407	2	30	11.0
2029	Синдром Тернера	2611	25	174	81.0
2030	Синдром тривалої гарячки невідомого походження	269	1	27	7.0
2031	Синдром Ундіни	66	0	10	2.0
2032	Синдром хронічної втоми	1080	13	50	37.5
2033	Синдром Шегрена	690	10	39	23.0
2034	Синостоз	113	0	10	3.0
2035	Синхондроз	114	0	12	3.0
2036	Сироваткова хвороба	376	1	28	11.0
2037	Сиролімус	32	0	3	1.0
2038	Система винагород	89	0	10	2.0
2039	Система груп крові AB0	1012	12	53	32.5
2040	Системна склеродермія	1756	21	97	59.0
2041	Системний бартонельоз	38	0	4	1.0
2042	Системний червоний вовчак	4457	76	312	137.0
2043	Сифіліс	9242	189	496	303.5
2044	Сім'яний канатик	374	2	24	13.0
2045	Сім'яні залози	1326	26	94	38.5
2046	Сінгамоз	34	0	3	1.0
2047	Сіра речовина	5689	34	545	112.5
2048	Сіріл Гарнем	13	0	5	0.0
2049	Сітківка	1522	16	110	49.0
2050	Сказ	3849	64	217	131.5
2051	Скальпована рана	168	0	21	4.5
2052	Скарлатина	8216	156	428	265.5
2053	Сколіоз	1783	25	90	61.0
2054	Скронева кістка	615	7	41	20.0
2055	Скронева частка	888	11	62	27.0
2056	Скроневий м'яз	106	0	14	3.0
2057	Слоновість	277	2	23	9.0
2058	Смугасте тіло	269	2	20	9.0
2059	СНІД	12165	199	648	377.0
2060	Содоку	76	0	7	2.0
2061	Сокол Олександра Семенівна	11	0	2	0.0
2062	Соліфенацин	21	0	3	0.5
2063	Соматосенсорна система	85	0	10	2.0
2064	Соматостатин	272	3	22	8.5
2065	Соматостатинома	4	0	2	0.0
2066	Соматотропний гормон	1071	15	57	36.0
2067	Сонна хвороба	718	10	42	23.5
2068	Сорафеніб	45	0	4	1.0
2069	Соталол	36	0	6	1.0
2070	Софосбувір	226	1	24	7.0
2071	Сочевицеподібне ядро	60	0	7	2.0
2072	Спадкові захворювання	7329	26	571	208.5
2073	Спалах інфекційної хвороби	192	1	26	4.5
2074	Спарганоз	23	0	5	1.0
2075	Спарфлоксацин	5	0	1	0.0
2076	Спектиноміцин	21	0	3	1.0
2077	Спинномозкова рідина	1744	19	91	62.0
2078	Спинномозкове ядро трійчастого нерва	20	0	5	1.0
2079	Список лауреатів Нобелівської премії з фізіології або медицини	748	4	70	21.5
2080	Список спадкових хвороб	5064	17	429	132.5
2081	Спінальна анестезія	989	15	61	31.0
2082	Спіраміцин	98	0	11	2.0
2083	Спіраприл	7	0	2	0.0
2084	Спленомегалія	350	3	18	12.0
2085	Справжня поліцитемія	1620	28	87	57.0
2086	Стабілізатор мастоцитів	56	0	6	2.0
2087	Ставудин	11	0	2	1.0
2088	Станіслав фон Провасек	7	0	2	0.0
2089	Статини	958	12	57	31.5
2090	Стафілокок	5835	104	273	202.5
2091	Стафілокок золотистий	2023	33	109	72.0
2092	Стафілококова інфекція	3809	68	186	132.0
2093	Стеноз	561	7	35	19.0
2094	Стеноз мітрального клапана	751	6	45	26.0
2095	Стефанський В'ячеслав Карлович	8	0	2	0.0
2096	Стравохід	1863	20	105	60.5
2097	Стрептобацильоз	23	0	4	1.0
2098	Стрептококовий фарингіт	2138	46	91	71.0
2099	Стригучий лишай	350	6	19	11.0
2100	Стрічка Брозлоу для екстреної педіатричної допомоги	16	0	3	1.0
2101	Стронгілоїдоз	456	8	26	15.0
2102	Строфантин	261	1	20	8.0
2103	Стьожак	309	3	26	10.0
2104	Субарахноїдальний крововилив	862	12	40	29.0
2105	Субдуральна гематома	676	4	43	22.5
2106	Субталамічне ядро	51	0	6	2.0
2107	Суглоб	2403	33	133	88.5
2108	Сулодексид	74	0	6	2.0
2109	Сульбактам	210	1	16	7.0
2110	Сульпірид	422	1	36	13.5
2111	Сульфадиметоксин	145	2	8	5.0
2112	Сульфадимідин	21	0	3	1.0
2113	Сульфадіазин	30	0	3	1.0
2114	Сульфадоксин	37	0	5	1.5
2115	Сульфаметоксазол	73	0	7	2.0
2116	Сульфаметоксазол/триметоприм	387	8	20	12.0
2117	Сульфаметрол	3	0	1	0.0
2118	Сульфаніламід	502	9	34	16.0
2119	Сульфасалазин	31	3	9	7.0
2120	Сульфацетамід	110	0	12	3.0
2121	Сунітиніб	34	0	4	1.0
2122	Суперечка щодо насичених жирів	12	0	2	1.0
2123	СХ614	4	0	3	0.0
2124	Східний енцефаломієліт коней	28	0	5	1.0
2125	Сьома холерна пандемія	143	0	21	4.0
2126	Т-клітинна терапія лейкозу	15	0	2	1.0
2127	Таблетки, що розпадаються в ротовій порожнині	82	0	6	2.5
2128	Таксани	35	0	4	1.0
2129	Таласемія	847	8	69	27.0
2130	Талінолол	23	0	2	1.0
2131	Тамоксифен	362	3	25	11.5
2132	Тамсулозин	178	1	13	6.0
2133	Тегасерод	23	0	4	1.0
2134	Тегафур	12	0	2	1.0
2135	Тедизолід	15	0	4	1.0
2136	Теїксобактин	14	0	4	1.0
2137	Тейкопланін	26	0	5	1.0
2138	Телапревір	6	0	2	0.0
2139	Телбівудин	3	0	2	0.0
2140	Телемедицина	318	1	26	8.0
2141	Телітроміцин	6	0	2	0.0
2142	Телмісартан	73	0	6	2.0
2143	Темозоломід	18	0	2	1.0
2144	Тендовагініт	489	5	29	16.0
2145	Теніази	82	1	7	2.0
2146	Теніаринхоз	278	3	22	9.5
2147	Теніоз	363	3	24	11.5
2148	Теноксикам	43	0	4	1.0
2149	Тенонітрозол	5	0	2	0.0
2150	Тенофовір	162	1	13	5.0
2151	Тенофовір/Емтрицитабін	33	0	4	1.0
2152	Теобальд Сміт	6	0	2	0.0
2153	Тепловий удар	1089	7	74	31.0
2154	Теразозин	37	0	3	1.0
2155	Тератома	450	4	26	16.0
2156	Тербінафін	136	1	16	4.0
2157	Тербуталін	27	0	4	1.0
2158	Теризидон	3	0	1	0.0
2159	Термінальний нерв	16	0	6	0.0
2160	Терфенадин	48	0	11	1.0
2161	Тестостерон	2194	48	107	71.0
2162	Тетраплегія	243	3	17	8.0
2163	Тизанідин	79	0	6	2.5
2164	Тикагрелор	126	0	12	3.0
2165	Тикарцилін	34	0	5	1.0
2166	Тиклопідин	33	0	4	1.0
2167	Тимолол	39	0	4	2.0
2168	Тинзапарин	15	0	3	0.0
2169	Тинідазол	132	0	10	5.0
2170	Типранавір	6	0	3	0.0
2171	Тиреоглобулін	640	8	50	19.5
2172	Тиреоїдектомія	472	6	30	14.5
2173	Тиреоїдит Хашимото	2445	38	176	78.5
2174	Тиреопероксидаза	191	0	13	6.0
2175	Тиреотропний гормон	2492	42	138	79.0
2176	Тироксин	1367	25	70	45.5
2177	Тиротрицин	272	2	18	9.0
2178	Тиф	1388	27	66	46.0
2179	Тіамазол	99	1	9	3.5
2180	Тіамфенікол	30	0	4	1.0
2181	Тіанептин	66	0	11	2.0
2182	Тіаприд	4	0	1	0.0
2183	Тігециклін	39	0	6	1.0
2184	Тім'яна частка	870	7	69	25.5
2185	Тіогуанін	7	0	2	1.0
2186	Тіопентал натрію	376	3	30	12.0
2187	Тіоридазин	72	1	8	2.0
2188	Тіотриазолін	652	10	41	21.5
2189	Тіотропію бромід	69	0	7	2.0
2190	Тітов Михайло Борисович	68	0	15	2.0
2191	Тобраміцин	96	1	7	3.0
2192	Токсичний багатовузловий зоб	263	3	20	8.5
2193	Токсокароз	1955	34	103	67.0
2194	Токсоплазмоз	3596	87	171	120.5
2195	Толперизон	79	0	9	3.0
2196	Толтеродин	20	0	3	1.0
2197	Томас Сиденгам	15	0	3	1.0
2198	Томас Спенсер Кобболд	20	0	13	0.0
2199	Тонкоголкова аспіраційна пункційна біопсія	217	2	21	7.0
2200	Топотекан	10	0	1	0.0
2201	Тореміфен	27	0	4	1.0
2202	Тоцилізумаб	29	0	4	1.0
2203	Травма спинного мозку	189	12	61	37.0
2204	Трандолаприл	9	0	2	0.0
2205	Трансмісивний механізм передачі інфекції	688	9	37	21.5
2206	Трансплантат	95	0	14	2.0
2207	Трансплантація	1372	14	114	45.5
2208	Трансплантація печінки	237	1	18	8.5
2209	Трансплантологія	228	0	28	5.5
2210	Трапецієподібний м'яз	455	4	33	14.5
2211	Трастузумаб	151	1	12	4.0
2212	Трахеїт	1564	35	71	49.0
2213	Трахома	299	1	28	9.0
2214	Трематодози	171	0	17	4.0
2215	Третиноїн	77	0	7	2.0
2216	Третій шлуночок	250	1	18	8.0
2217	Третя пандемія чуми	533	5	67	13.0
2218	Третя холерна пандемія	14	0	2	0.5
2219	Триамцинолон	112	0	9	3.0
2220	Тригексифенідил	96	0	6	3.0
2221	Трийодтиронін	319	3	20	10.0
2222	Трикутник Пирогова	326	1	30	7.5
2223	Тримебутин	104	0	12	3.0
2224	Тримеперидин	153	1	12	5.0
2225	Триметазидин	252	1	20	9.0
2226	Триметоприм	102	0	10	3.0
2227	Трипаносомози	158	0	13	5.0
2228	Трипторелін	30	0	6	1.0
2229	Трифлузал	25	0	3	1.0
2230	Трифлуоперазин	56	0	7	2.0
2231	Трихінельоз	712	7	43	23.5
2232	Трихомоноз	3640	68	172	117.5
2233	Трихоцефальоз	376	4	25	12.5
2234	Трициклічні антидепресанти	391	7	28	12.0
2235	Тріада Гатчінсона	153	1	13	4.0
2236	Трійчастий вузол	44	0	5	2.0
2237	Трійчастий нерв	2029	28	118	70.0
2238	Тровафлоксацин	12	0	3	0.0
2239	Тромбоемболія легеневої артерії	4312	63	253	147.0
2240	Тромбоз	1326	18	88	44.0
2241	Тромбоз глибоких вен	860	13	62	26.0
2242	Тромбофлебіт	1337	26	74	42.0
2243	Тромбоцитопенія	1720	28	87	59.0
2244	Тропісетрон	1	0	1	0.0
2245	Тропічна медицина	64	0	7	2.0
2246	Тропічні хвороби	120	1	12	4.0
2247	Троподифен	11	0	2	0.5
2248	Тропонін	489	4	32	15.0
2249	Туберкульоз	14772	244	770	501.5
2250	Туберозний склероз	127	0	14	3.5
2251	Туляремія	1132	15	80	38.5
2252	Тулярин	23	0	4	1.0
2253	Тяжкий гострий респіраторний синдром	4816	69	372	140.5
2254	Увеїт	501	6	32	16.0
2255	Ударний об'єм	250	0	22	8.0
2256	Українська військово-медична академія	493	5	30	15.5
2257	Українська спілка психотерапевтів	82	0	11	2.0
2258	Український лепрозорій	664	1	177	5.0
2259	Ундециленова кислота	23	0	3	1.0
2260	Урапідил	80	0	9	2.5
2261	Уремія	737	12	43	22.5
2262	Уропепсин	12	0	3	0.0
2263	Устекінумаб	23	0	3	1.0
2264	Фабомотизол	86	0	14	2.0
2265	Фавіпіравір	1754	0	444	31.0
2266	Фамотидин	124	0	9	4.0
2267	Фамцикловір	31	0	5	1.0
2268	Фарбування гематоксиліном-еозином	180	1	20	5.0
2269	Фарбування за ван Гізоном	40	0	4	1.0
2270	Фарбування за Романовським—Гімзою	347	3	24	11.0
2271	Фарбування за Цілем — Нільсеном	425	1	34	14.0
2272	Фарингіт	4480	85	186	150.0
2273	Фармацевтика	247	1	27	7.0
2274	Фармація	382	4	35	11.0
2275	Фасціолопсидоз	13	0	3	0.0
2276	Фасціольоз	683	8	47	20.5
2277	Фасція (анатомія)	723	10	42	24.5
2278	Фатальне сімейне безсоння	417	5	22	14.0
2279	Фекально-оральний механізм	1496	9	378	31.5
2280	Фексофенадин	78	0	8	2.5
2281	Фелодипін	71	0	7	2.0
2282	Фенетилін	113	1	10	4.0
2283	Фенілбутазон	34	0	6	1.0
2284	Фенілкетонурія	3144	39	179	106.0
2285	Феніндіон	40	0	5	2.0
2286	Фенітоїн	125	1	10	3.5
2287	Феноксиметилпеніцилін	80	0	10	2.0
2288	Фенотерол	116	0	11	3.0
2289	Фенспірид	88	0	8	3.0
2290	Фентиконазол	29	0	4	1.0
2291	Фентоламін	219	2	17	7.0
2292	Феохромоцитома	660	9	35	22.0
2293	Фердинанд фон Гебра	3	0	1	0.0
2294	Фердинанд Штехер	10	0	4	0.0
2295	Фібриляція	517	3	31	16.5
2296	Фіброгастродуоденоскопія	301	2	20	9.5
2297	Фіброзне кільце	97	0	9	3.0
2298	Філатов Володимир Петрович	656	5	59	22.5
2299	Філграстим	50	0	9	2.0
2300	Філіппо Пачіні	15	0	4	1.0
2301	Філяріїдози	173	1	17	5.0
2302	Фінастерид	147	1	9	5.0
2303	Фінголімод	53	0	6	1.5
2304	Флегмона	1513	18	84	50.5
2305	Флекаїнід	28	0	5	1.0
2306	Флувастатин	18	0	4	1.0
2307	Флувоксамін	55	0	6	2.0
2308	Флударабін	22	0	4	1.0
2309	Флуконазол	855	15	50	27.5
2310	Флуоксетин	750	11	38	25.0
2311	Флупіртин	15	0	4	1.0
2312	Флурбіпрофен	91	0	7	2.5
2313	Флутамід	121	1	8	4.0
2314	Флуфеназин	33	0	3	1.0
2315	Флуцитозин	30	0	3	1.0
2316	Флюоресцентна гібридизація in situ	149	0	17	3.0
2317	Флюпентиксол	44	0	11	1.0
2318	Фозиноприл	18	0	5	0.0
2319	Фолікулярна клітина	147	0	12	5.0
2320	Фолікулярний рак щитоподібної залози	147	0	12	4.0
2321	Фондапаринукс	30	0	8	1.0
2322	Формотерол	66	0	10	2.0
2323	Фосампренавір	1	0	1	0.0
2324	Фоскарнет	53	0	6	2.0
2325	Фосфазид	4	0	1	0.0
2326	Фосфоміцин	232	1	19	6.5
2327	Фотемустин	2	0	1	0.0
2328	Фрамбезія	199	1	17	6.0
2329	Фраміцетин	57	0	8	1.0
2330	Франц Бабель де Фронсберґ	6	0	1	0.0
2331	Франц де Пауля Нойгаузер	1	0	1	0.0
2332	Франц Ніссль	19	0	5	1.0
2333	Фрідріх Гаас	23	0	6	1.0
2334	Фрідріх Фюллеборн	3	0	1	0.0
2335	Фріц Шаудін	8	0	2	0.0
2336	Фталилсульфатіазол	82	0	7	3.0
2337	Фтивазид	35	0	4	1.0
2338	Фторлак	14	0	4	0.5
2339	Фторхінолони	724	10	51	23.0
2340	Фузафунгін	44	0	5	1.0
2341	Фузидова кислота	52	0	7	2.0
2342	Фузоспірохетозний фарингіт	311	3	23	9.0
2343	Фульвестрант	15	0	4	1.0
2344	Фуразидин	104	1	7	3.5
2345	Фуразолідон	216	0	15	7.5
2346	Фурункульоз	3338	74	150	109.0
2347	Хантавірусний легеневий синдром	39	0	5	1.0
2348	Харчові отруєння	1695	20	98	56.5
2349	Хасімото Хакару	1	0	1	0.0
2350	Хвороба «рука-нога-рот»	297	1	20	9.5
2351	Хвороба Альцгеймера	6556	128	315	214.5
2352	Хвороба Андерсен	95	0	11	2.0
2353	Хвороба Боуена	276	3	26	8.0
2354	Хвороба Верльгофа	1412	15	71	49.0
2355	Хвороба Вільсона	1037	16	75	31.5
2356	Хвороба Вільяма Александера	155	0	13	5.0
2357	Хвороба Гантінгтона	1214	13	83	36.0
2358	Хвороба Гюнтера	177	2	14	6.0
2359	Хвороба Іценка — Кушинга	925	9	51	32.0
2360	Хвороба К'ясанурського лісу	7	0	2	0.0
2361	Хвороба Канавана	397	2	30	12.5
2362	Хвороба Каслмена	82	0	8	3.0
2363	Хвороба котячих подряпин	836	12	63	26.0
2364	Хвороба Кройцфельда — Якоба	509	8	31	17.0
2365	Хвороба Лайма	6307	111	623	155.5
2366	Хвороба Менкеса	72	0	5	2.0
2367	Хвороба Паркінсона	5292	114	231	179.5
2368	Хвороба Пейроні	211	1	15	6.0
2369	Хвороба Пертеса	533	4	30	17.0
2370	Хвороба Пламмера	2	0	1	0.0
2371	Хвороба Рандю — Ослера	264	1	19	8.5
2372	Хвороба Рейно	2344	40	108	79.5
2373	Хвороба Росаі — Дорфман	6	0	2	0.0
2374	Хвороба Тея — Сакса	798	7	59	23.0
2375	Хвороба Фарбера	85	0	11	2.5
2376	Хвороба Шагаса	421	2	29	14.0
2377	Хвороба Шамберга	111	0	9	3.0
2378	Хвороба, яку спричинює багатокамерний ехінокок	110	0	12	3.0
2379	Хвороба, яку спричинює вірус Ебола	3405	59	217	100.0
2380	Хвороба, яку спричинює вірус Зіка	360	1	54	9.0
2381	Хвороба, яку спричинює вірус Марбург	322	2	32	9.0
2382	Хвороба, яку спричинює вірус Ніпах	58	0	6	2.0
2383	Хвороба, яку спричинює вірус Хендра	25	0	3	1.0
2384	Хвороби, що передаються статевим шляхом	6534	87	443	193.5
2385	Хвостате ядро	74	0	9	2.0
2386	Хидей Ногучі	15	0	3	0.0
2387	Хілоторакс	188	1	15	6.5
2388	Хілурія	101	1	9	3.0
2389	Хінідин	74	0	11	2.0
2390	Хінолони	159	1	18	4.5
2391	Хірургічна операція	1426	24	68	47.5
2392	Хірургія	567	9	30	18.5
2393	Хіфенадин	30	0	4	1.0
2394	Хламідійна лімфогранульома	325	2	22	11.0
2395	Хламідіоз	5434	103	269	177.5
2396	Хлорамбуцил	24	0	6	1.0
2397	Хлорамфенікол	448	7	30	14.5
2398	Хлордіазепоксид	50	0	7	1.0
2399	Хлоропірамін	125	0	9	4.0
2400	Хлорохін	775	1	255	6.0
2401	Хлорфенамін	181	1	15	5.5
2402	Хлорхінальдол	21	0	4	1.0
2403	Холангіт	520	8	37	17.0
2404	Холера	4413	73	385	128.0
2405	Холерний вібріон	432	3	43	12.5
2406	Холестатичний синдром	903	11	59	30.0
2407	Холецистектомія	422	4	22	13.5
2408	Хоменко Григорій Гнатович	15	0	3	1.0
2409	Хондрит (хвороба)	27	0	6	1.0
2410	Хоріонічний гонадотропін	1752	20	109	61.0
2411	Хоріосклероз	78	0	7	2.0
2412	Хржонщевський Никанор Адамович	68	0	9	2.0
2413	Хромафінні клітини	20	0	3	1.0
2414	Хромомікоз	42	0	6	1.0
2415	Хронічна ниркова недостатність	918	14	51	28.5
2416	Хронічний гастрит	794	4	57	26.0
2417	Хронічний гепатит	569	6	38	17.5
2418	Хронічний лімфолейкоз	425	4	23	13.5
2419	Хронічний мієлоцитарний лейкоз	216	1	17	7.5
2420	Хронічний панкреатит	915	13	44	30.0
2421	Цві Ларон	6	0	2	0.0
2422	Целекоксиб	188	1	12	6.0
2423	Целіакія	1446	28	95	45.0
2424	Центральний госпіталь Міністерства внутрішніх справ України	524	5	33	19.0
2425	Центральний госпіталь Служби безпеки України	490	3	31	16.5
2426	Центральний клінічний госпіталь Державної прикордонної служби України	417	6	24	14.5
2427	Ценуроз	83	0	15	1.0
2428	Церивастатин	12	0	3	0.0
2429	Цетиризин	245	2	14	8.0
2430	Цетуксимаб	21	0	3	0.5
2431	Цефадроксил	54	0	6	1.0
2432	Цефазолін	164	2	11	5.0
2433	Цефаклор	48	0	6	1.0
2434	Цефалексин	192	1	12	6.0
2435	Цефалоспорини	1020	17	87	30.5
2436	Цефалотин	23	0	4	0.5
2437	Цефамандол	17	0	4	1.0
2438	Цефепім	147	1	11	4.5
2439	Цефіксим	309	3	17	10.5
2440	Цефоперазон	111	0	11	3.0
2441	Цефотаксим	242	1	16	8.0
2442	Цефпірамід	5	0	1	0.0
2443	Цефпіром	20	0	3	1.0
2444	Цефподоксим	265	4	17	7.0
2445	Цефпрозил	22	0	4	1.0
2446	Цефрадин	12	0	3	0.0
2447	Цефтазидим	77	0	7	2.0
2448	Цефтаролін	58	0	6	2.0
2449	Цефтібутен	14	0	3	0.0
2450	Цефтізоксим	6	0	1	0.0
2451	Цефтобіпрол	45	0	4	1.5
2452	Цефтріаксон	1755	38	92	56.0
2453	Цефуроксим	278	3	15	9.0
2454	Цеце	458	5	27	14.0
2455	Цидофовір	34	0	7	1.0
2456	Цизаприд	55	0	6	2.0
2457	Циклосерин	52	0	8	2.0
2458	Циклоспорин	188	1	13	5.0
2459	Циклоспороз	26	0	5	1.0
2460	Циклофосфамід	120	0	11	4.0
2461	Цилазаприл	6	0	1	0.0
2462	Цилостазол	68	0	7	2.0
2463	Циметидин	81	0	6	2.0
2464	Цинаризин	361	4	24	11.5
2465	Ципрогептадин	61	0	8	2.0
2466	Ципротерон	76	0	8	2.0
2467	Ципрофлоксацин	1013	20	48	33.0
2468	Цироз печінки	2387	45	140	70.0
2469	Цисплатин	138	1	11	4.0
2470	Цистит	4232	84	215	128.0
2471	Цистицеркоз	516	6	30	17.5
2472	Циталопрам	82	0	7	2.5
2473	Цитарабін	30	0	4	1.0
2474	Цитиколін	203	1	13	6.5
2475	Цитомегаловірус	1945	30	117	66.5
2476	Цитомегаловірусна інфекція	1707	26	88	57.5
2477	Ціп'як бичачий	1595	33	93	53.5
2478	Ціп'як свинячий	895	15	53	29.0
2479	Ціп'як собачий	86	0	6	2.0
2480	Цукровий діабет	8969	181	431	310.0
2481	Цукровий діабет тип 1	665	6	36	22.5
2482	Цукровий діабет тип 2	3426	70	216	112.0
2483	Цуцугамуші	35	0	4	1.0
2484	Чарльз Донован	4	0	1	0.0
2485	Червоне ядро	105	0	11	3.0
2486	Черевний тиф	3406	42	221	104.0
2487	Черепні нерви	3445	40	202	119.0
2488	Черепно-мозкова травма	2394	28	145	75.0
2489	Чернов Василь Єгорович	8	0	2	1.0
2490	Четверта холерна пандемія	7	0	2	1.0
2491	Четвертий шлуночок	258	3	25	7.0
2492	Чікунгунья	88	0	10	2.5
2493	Чоловіча статева система	6462	175	310	218.0
2494	Чорна речовина	173	1	21	5.0
2495	Чорна смерть	4800	92	474	121.0
2496	Чорна Тамара Трохимівна	2	0	1	0.0
2497	Чума	11583	223	905	343.0
2498	Чума Юстиніана	867	9	105	23.0
2499	Чумна паличка	269	3	17	8.0
2500	Шагома	67	0	14	1.0
2501	Шарлотта Кліверлі-Бісман	34	0	6	1.0
2502	Шарль Манту	40	0	5	1.0
2503	Шевчук Віктор Григорович	22	0	4	1.0
2504	Шигела Бойда	15	0	3	1.0
2505	Шигела Зонне	67	0	10	3.0
2506	Шигела Флекснера	38	0	5	1.0
2507	Шигельоз	1870	23	123	65.0
2508	Шизофренія	9964	179	425	344.0
2509	Шийний відділ хребта	1775	24	112	58.0
2510	Шина (медицина)	477	1	43	13.0
2511	Шистосомози	267	2	23	10.0
2512	Шия	537	2	31	17.0
2513	Шкала Франкеля	130	0	12	4.0
2514	Шкурба Андрій Вікторович	49	0	6	1.0
2515	Шлунково-кишкова кровотеча	2556	38	128	85.0
2516	Шлунок	3319	49	193	118.0
2517	Шок (медицина)	3868	27	272	121.5
2518	Шоста холерна пандемія	23	0	4	1.0
2519	Шпательний тест	9	0	2	1.0
2520	Шпиталь	246	2	17	8.0
2521	Щербак Юрій Миколайович	554	3	58	17.0
2522	Щитоподібна залоза	5551	103	268	196.0
2523	Щитоподібний хрящ	146	0	10	4.5
2524	Щитошийний стовбур	53	0	7	1.0
2525	Щока	104	0	14	3.0
2526	Юкстагломерулярний апарат	193	1	16	6.0
2527	Юстинус Кернер	10	0	2	0.0
2528	Яворовський Олександр Петрович	24	0	5	1.0
2529	Ядро Едінгера-Вестфаля	38	0	5	1.0
2530	Ядро лицевого нерва	33	0	6	1.0
2531	Ядро одинокого шляху	29	0	4	1.0
2532	Ядро окорухового нерва	63	0	6	2.0
2533	Язикова артерія	41	0	5	1.0
2534	Язикова вена	16	0	4	1.0
2535	Яйцеклітина	6566	66	394	240.0
2536	Ящур	800	14	41	27.5
2537	Aedes albopictus	16	0	3	0.0
2538	Anoplura	90	1	7	3.0
2539	ATC код A	43	0	7	1.0
2540	ATC код B	19	0	3	0.0
2541	ATC код C	18	0	3	0.0
2542	ATC код G	6	0	2	0.0
2543	ATC код H	16	0	6	0.5
2544	ATC код J	23	0	7	0.5
2545	ATC код L	13	0	1	1.0
2546	ATC код N	27	0	4	0.0
2547	ATC код P	17	0	3	1.0
2548	ATC код S	8	0	3	0.0
2549	BMJ	65	0	8	2.0
2550	BRCA1	71	0	8	2.0
2551	Chlamydophila psittaci	39	0	4	1.5
2552	Clostridium botulinum	347	2	26	10.0
2553	D-димер	874	9	48	32.5
2554	Déviation conjuguée	18	0	2	1.0
2555	Echinococcus multilocularis	85	0	9	3.0
2556	Francisella tularensis	37	0	5	1.0
2557	G-клітина	19	0	4	1.0
2558	H5N1	601	6	82	17.5
2559	Helicobacter pylori	2451	42	123	83.5
2560	HeRAMS	3	0	1	0.0
2561	International Trauma Life Support	37	0	8	1.0
2562	Medscape	53	0	6	2.0
2563	Mycobacterium ulcerans	23	0	5	1.0
2564	OMIM	108	1	8	3.5
2565	Plasmodium falciparum	149	0	13	4.0
2566	Plasmodium knowlesi	16	0	2	1.0
2567	Plasmodium malariae	221	2	21	6.0
2568	Plasmodium ovale	109	0	11	3.0
2569	Plasmodium vivax	233	0	20	7.0
2570	PubMed	280	2	30	8.0
2571	SAMPLE	193	1	16	6.0
2572	Shigella dysenteriae	53	0	6	2.0
2573	Tc-99m-MIBI	15	0	3	1.0
2574	Terminologia Anatomica	12	0	3	0.0
2575	The Lancet	74	0	10	2.0
2576	Torch-інфекції	2406	23	197	84.5
2577	UniProt	22	0	4	1.0
2578	Whonamedit?	7	0	3	0.0
2579	Yersinia enterocolitica	236	1	55	5.0
2580	Yersinia pseudotuberculosis	28	0	3	1.0
2581	ZMapp	13	0	2	1.0
