1	Абсолютна система відліку	49	0	5	2.0
2	Абсолютний нуль	935	10	66	27.5
3	Автоколивання	392	2	33	13.0
4	Автолізія	10	0	6	0.0
5	Агрегатний стан	3410	31	216	94.0
6	Адіабатичне наближення	15	0	3	1.0
7	Адіабатичне розмагнічування	25	0	5	1.0
8	Адіабатичний інваріант	6	0	3	0.0
9	Адрон	307	3	24	9.0
10	Аеродинаміка	332	4	19	10.0
11	Аеромеханіка	2	0	1	0.0
12	Азот	7244	96	442	233.5
13	Аксино	7	0	2	0.0
14	Аксіальний струм	8	0	3	0.0
15	Аксіон	24	0	5	1.0
16	Активна фазована антенна решітка	55	0	5	2.0
17	Актиній	143	0	10	4.5
18	Актиноїди	168	0	13	5.5
19	Акумулятор тепла	49	0	4	2.0
20	Акустика	525	7	43	15.5
21	Акустичні фонони	8	0	2	0.0
22	Акустоконцентраційний ефект	2	0	1	0.0
23	Акустооптика	9	0	3	0.0
24	Алніко	27	0	8	1.0
25	Альбедо	1028	13	84	34.0
26	Альфа-спектрометр	11	0	6	0.5
27	Алюміній	7596	66	563	265.0
28	Аматорський радіозв'язок	212	2	15	6.5
29	Амбіполярна дифузія	1	0	1	0.0
30	Американське фізичне товариство	21	0	6	0.0
31	Америцій	114	0	13	3.0
32	Аморфні речовини	1423	12	95	41.5
33	Амплітуда ймовірності	85	0	79	0.5
34	Амплітуда розсіяння	5	0	2	0.0
35	Амплітудна маніпуляція	44	0	5	1.0
36	Амплітудна модуляція	404	1	70	10.5
37	Аналітична механіка	3	0	1	0.0
38	Андреєвське відбиття	2	0	1	0.0
39	Анізотропний магнетоопір	3	0	1	0.0
40	Аніон	702	5	43	22.0
41	Антиматерія	502	11	29	15.0
42	Антинейтрон	26	0	3	1.0
43	Антипротон	56	0	5	1.0
44	Антисвіт	12	0	3	1.0
45	Антисегнетоелектрики	11	0	4	0.0
46	Антиферомагнетики	51	0	7	1.0
47	Аргон	1305	11	89	43.5
48	Аромат (квантове число)	37	0	9	1.0
49	Арсен	1108	16	68	35.5
50	Арсенід алюмінію	12	0	3	1.0
51	Астат	425	4	51	12.5
52	Атмосфера (одиниця вимірювання)	759	7	41	24.5
53	Атмосферна акустика	0	0	0	0.0
54	Атом	10771	77	661	375.0
55	Атомна маса	1303	14	90	39.5
56	Атомна орбіталь	395	2	40	12.0
57	Атомна рефракція	2	0	1	0.0
58	Атомна теорія Дальтона	18	0	6	0.0
59	Атомна фізика	478	3	42	11.5
60	Атомна, молекулярна і оптична фізика	67	0	16	0.5
61	Атомний номер	758	9	46	25.0
62	Атомний остов	6	0	1	0.0
63	Атомний радіус	376	0	32	11.0
64	Атрактивна взаємодія	22	0	3	1.0
65	Атрактор	161	1	11	5.0
66	Аутогезія	9	0	2	1.0
67	Балістика	784	10	59	25.5
68	Барій	719	3	42	23.0
69	Баріони	104	0	8	3.0
70	Баріонний заряд	39	0	3	1.0
71	Басейн притягання	9	0	2	1.0
72	Батарея (електрика)	895	10	53	30.5
73	Безелектродна лампа	10	0	2	0.0
74	Безперервний сигнал	12	0	4	0.0
75	Бекерель	729	4	64	23.5
76	Бер	292	4	17	10.0
77	Берилій	1531	11	115	46.5
78	Берклій	38	0	5	1.0
79	Бета-випромінювання	2111	1	218	67.5
80	Бета-розпад	3339	11	313	109.0
81	Бетатрон	21	0	4	0.5
82	Біекситон	3	0	1	0.0
83	Бінодаль	7	0	1	0.0
84	Біотехнічна система	9	0	3	1.0
85	Біполярний транзистор	1081	5	94	33.5
86	Бісмут	894	14	76	26.0
87	Біфуркація Андронова — Гопфа	25	0	6	1.0
88	Біфуркація подвоєння періоду	22	0	3	1.0
89	Ближнє поле	24	0	4	1.0
90	Бозон	186	2	19	5.0
91	Бозон Ґолдстоуна	8	0	4	0.0
92	Бозон Хіггса	713	9	34	24.5
93	Болометр	46	0	9	1.0
94	Бор	1212	14	77	38.5
95	Борій	73	0	7	2.0
96	Борнове наближення	8	0	2	0.0
97	Брана	26	0	4	1.0
98	Бреггівська дифракція	35	0	4	1.0
99	Бреґґівський пік	21	0	4	1.0
100	Брижі (хвилі)	59	0	8	2.0
101	Бром	1674	15	117	52.5
102	Броунівський рух	2272	19	174	65.5
103	Будівельна механіка	77	0	10	2.0
104	Будівельна фізика	35	0	5	1.0
105	Бульбашка Алькуб'єрре	23	0	4	1.0
106	В'язкоеластичність	15	0	4	0.0
107	Вага	3584	37	280	93.5
108	Валентна зона	35	0	3	2.0
109	Ванадій	430	4	42	13.5
110	Варіаційний принцип	6	0	1	0.0
111	Вейлівський напівметал	9	0	4	0.0
112	Вектор Бюргерса	9	0	2	0.0
113	Вектор поляризації	59	0	7	2.0
114	Вектор стану	16	0	3	1.0
115	Векторний потенціал	50	0	7	1.5
116	Великий адронний колайдер	2973	47	137	105.0
117	Великий канонічний ансамбль	10	0	4	0.0
118	Великий термодинамічний потенціал	7	0	2	0.0
119	Верх валентної зони	1	0	1	0.0
120	Вибух	594	6	46	18.0
121	Вимушене випромінювання	99	0	20	2.0
122	Вимушені коливання	1206	4	83	40.5
123	Випрямлення змінного струму	940	5	73	30.5
124	Вироджений напівпровідник	16	0	3	1.0
125	Вихрові струми	431	3	34	12.5
126	Вібронна спектроскопія	7	0	3	0.0
127	Вігнерівський кристал	8	0	2	0.0
128	Від'ємна диференційна провідність	21	0	4	1.0
129	Відбій	64	0	8	1.5
130	Віддзеркалення	39	0	5	1.0
131	Відносна густина	1981	9	147	64.5
132	Відпрацьоване ядерне паливо	156	0	20	4.0
133	Відстань	1148	13	79	34.5
134	Вільна енергія Гельмгольца	143	0	14	4.0
135	Вільне падіння	1406	21	89	42.0
136	Вільний параметр	0	0	0	0.0
137	Віріальне рівняння стану	4	0	2	0.5
138	Віріальні коефіцієнти	12	0	5	0.0
139	Віртуальна частинка	33	0	4	1.0
140	Віртуальні переміщення	8	0	3	0.0
141	Віскер (металургія)	22	0	6	1.0
142	Вісь обертання	72	0	8	2.0
143	Вісь часу	39	0	5	1.0
144	Вічний двигун	484	7	34	16.0
145	Власна інформація	25	0	6	1.0
146	Власний напівпровідник	137	0	14	4.0
147	Власний час	140	0	23	3.0
148	Внутрішній імпеданс	1	0	1	0.0
149	Водень	7141	95	401	239.0
150	Вологість	591	3	46	18.5
151	Вольт-ампер	216	2	17	6.5
152	Вольфрам	955	16	60	30.0
153	Впливна величина	12	0	2	0.0
154	Всеросійський науково-дослідний інститут експериментальної фізики	8	0	2	0.0
155	Втомне руйнування	59	0	7	2.0
156	Вторинна електронна емісія	32	0	5	1.0
157	Вторинне квантування	15	0	4	0.0
158	Вуглецеві наноконуси	1	0	1	0.0
159	Вуглецеві нанотрубки	204	1	22	5.5
160	Вуглець	5652	69	326	188.0
161	Гадоліній	150	1	15	4.0
162	Газовий розряд	846	6	71	23.0
163	Газоструменевий випромінювач	8	0	2	0.5
164	Гал (фізична одиниця)	26	0	5	1.0
165	Галій	601	5	47	19.5
166	Гальванічний елемент	2815	19	203	88.0
167	Гальмівний шлях	718	6	51	21.0
168	Гамільтоніан	94	0	11	2.5
169	Гамма-промені	3245	19	243	105.0
170	Гамма-спалахи	47	0	5	2.0
171	Гамма-спектроскопія	8	0	2	0.5
172	Гармата Гауса	173	0	16	4.5
173	Гармонічні коливання	2986	17	222	94.0
174	Гасій	95	0	16	2.5
175	Гафній	183	0	18	4.5
176	Гелій	2575	31	145	86.0
177	Гелій-3	96	0	9	3.0
178	Гелій-4	46	0	7	1.0
179	Генерація другої гармоніки	18	0	4	1.0
180	Генерація носіїв заряду	36	0	11	1.0
181	Геометрична оптика	298	1	27	9.5
182	Геофізика	151	2	13	4.0
183	Германій	583	5	50	16.5
184	Герц	1160	20	73	39.5
185	Гетеродин	87	0	9	2.5
186	Гетероструктури	13	0	7	0.0
187	Гідроаеродинаміка	36	0	8	1.0
188	Гідрофон	6	0	2	0.0
189	Гіперболічна траєкторія	12	0	2	0.0
190	Гіперзвукова швидкість	122	1	16	3.5
191	Гіперони	14	0	5	0.0
192	Гіпотеза Ампера	89	0	8	2.0
193	Гіромагнітне співвідношення	39	0	6	1.0
194	Глісування	24	0	3	1.0
195	Глушник мобільних телефонів	59	0	12	2.0
196	Глюбол	29	0	6	1.0
197	Глюон	136	0	12	4.0
198	Головне квантове число	64	0	7	2.0
199	Голономний зв'язок	12	0	2	1.0
200	Гольмій	88	0	13	2.0
201	Гомопауза	16	0	4	0.0
202	Горизонт Коші	3	0	1	0.0
203	Горизонт подій	194	0	12	6.5
204	Гравітаційна сингулярність	263	1	18	9.0
205	Гравітаційне поле	270	2	20	9.0
206	Гравітаційне реліктове випромінювання	5	0	2	0.0
207	Гравітаційний радіус	135	0	10	4.0
208	Гравітація	2507	36	141	87.0
209	Гравітино	27	0	10	1.0
210	Гравітон	120	1	10	4.0
211	Границя міцності	615	7	72	17.0
212	Гранична швидкість	23	0	4	1.0
213	Граничні умови Борна-Кармана	7	0	2	0.0
214	Графен	1154	20	73	38.5
215	Групова швидкість	56	0	9	2.0
216	Густина енергії	282	2	28	7.0
217	Густина потоку частинок	29	0	3	1.0
218	Густина станів	36	0	3	1.0
219	Густина струму	651	3	70	16.5
220	Ґратка Бете	3	0	1	0.0
221	Давидівське розщеплення	9	0	2	1.0
222	Дальній порядок	24	0	5	1.0
223	Дармштадтій	98	0	10	3.0
224	Дарсі (одиниця)	18	0	5	1.0
225	Двомірна ядерна магнітно-резонансна спектроскопія	8	0	1	0.0
226	Двофотонне збудження	6	0	2	0.5
227	Дебай	107	1	12	3.0
228	Дейтерій	447	7	27	14.0
229	Дейтрон	44	0	4	1.0
230	Декстерів перенос енергії	5	0	1	0.0
231	Делокалізований стан	29	0	4	1.0
232	Дельта-баріон	8	0	3	0.0
233	Детермінант Слейтера	4	0	1	0.0
234	Детермінований хаос	72	0	8	2.0
235	Дефект маси	364	1	33	9.0
236	Деформаційний потенціал	0	0	0	0.0
237	Деформація	2821	18	183	98.5
238	Деформація згину	498	2	49	16.0
239	Деформація зсуву	317	2	25	9.5
240	Деформація кручення	380	2	41	11.5
241	Децибел	787	11	53	26.0
242	Дециметрові хвилі	189	1	13	6.0
243	Дзеркало	1009	19	60	31.5
244	Дивність	29	0	5	1.0
245	Дилатон	11	0	5	0.0
246	Динамічна рівновага	641	2	54	20.5
247	Директор (рідкий кристал)	5	0	2	0.0
248	Дислокація (кристалографія)	73	0	9	2.0
249	Дисперсійні сили	24	0	4	1.0
250	Дисперсія світла	3299	23	241	103.0
251	Диспрозій	74	0	10	2.0
252	Диференціальний переріз розсіювання	25	0	3	1.0
253	Диференціатор	34	0	11	1.0
254	Дифракційна ґратка	3463	8	365	74.5
255	Дифракція	5219	33	422	144.5
256	Дифузійний струм	53	0	7	2.0
257	Дифузія	3886	37	242	127.0
258	Дифузія за законом Арреніуса	5	0	2	0.0
259	Дифузне відбиття світла	275	2	33	6.5
260	Діаграма станів (хімія)	0	0	0	0.0
261	Діаграма Фейнмана	133	0	63	2.0
262	Діамагнетики	316	2	31	9.0
263	Діелектрична сприйнятливість	32	0	5	1.0
264	Діелектричне дзеркало	11	0	2	1.0
265	Дійсна густина	25	0	3	1.0
266	Дійсне зображення	301	0	26	11.0
267	Діод Зенера	300	3	23	9.0
268	Дірка (квазічастинка)	200	1	13	6.5
269	Дірка Фермі	0	0	0	0.0
270	Діркова телепортація	7	0	2	0.0
271	Дно зони провідності	2	0	1	0.0
272	Довгі хвилі	222	1	17	6.5
273	Довжина вільного пробігу	259	0	25	8.0
274	Довжина хвилі	6351	30	424	216.0
275	Доплерівське розширення	10	0	1	1.0
276	Дослід радіоактивності Антуаном Анрі Беккерелем	263	0	31	8.0
277	Дослід Штерна-Герлаха	488	2	49	16.0
278	Доцентрове прискорення	680	6	56	22.5
279	Дробовий квантовий ефект Холла	8	0	1	0.0
280	Дроплетон	3	0	1	0.0
281	Друга в'язкість	8	0	5	0.0
282	Друга космічна швидкість	642	5	48	19.0
283	Другий звук	3	0	1	0.0
284	Дуант	5	0	2	0.0
285	Дубній	102	1	7	3.0
286	Духи Фаддєєва — Попова	11	0	3	0.0
287	Еванесцентне поле	14	0	2	1.0
288	Евтектика	219	2	17	6.5
289	Ейнштейн (одиниця)	17	0	4	0.5
290	Ейнштейній	85	0	6	2.5
291	Ейрі кільця	9	0	2	0.0
292	Екзотичний атом	19	0	5	0.0
293	Екранування заряду	25	0	3	1.0
294	Ексимерна люмінесценція	1	0	1	0.0
295	Ексиплексна люмінесценція	4	0	1	0.0
296	Екситон	47	0	7	1.0
297	Екситон Ваньє-Мотта	4	0	2	0.0
298	Екситон Френкеля	10	0	2	1.0
299	Експеримент з олійними краплями	108	0	13	3.0
300	Експеримент Майкельсона — Морлі	241	2	25	7.0
301	Ексцентриситет орбіти	85	0	9	3.0
302	Електрети	51	0	10	1.0
303	Електрика	2752	38	150	87.0
304	Електрична енергія	1491	17	92	49.0
305	Електрична напруга	4862	53	381	153.5
306	Електричне коло	2586	18	162	87.5
307	Електричне поле	4253	30	254	171.0
308	Електричний дипольний момент	363	3	30	10.5
309	Електричний заряд	7143	71	435	243.0
310	Електричний імпеданс	456	4	36	13.0
311	Електричний потік	52	0	5	2.0
312	Електроадгезія	3	0	1	0.0
313	Електроізоляція	254	0	19	9.0
314	Електрокалоричний ефект	2	0	1	0.0
315	Електромагнітна індукція	1930	14	135	58.0
316	Електромагнітна хвиля	6876	42	473	237.5
317	Електромагнітне випромінювання	2176	19	128	79.5
318	Електромагнітне поле	1252	12	86	41.5
319	Електрон	2624	25	143	89.0
320	Електрон провідності	49	0	8	1.5
321	Електрон-діркова рідина	16	0	3	1.0
322	Електрон-фононна взаємодія	19	0	3	1.0
323	Електронна гармата	34	0	6	1.0
324	Електронна густина	70	0	7	2.0
325	Електронна енергія	8	0	4	0.0
326	Електронна лавина	21	0	4	1.0
327	Електронна оболонка	968	6	71	34.0
328	Електронна пара	139	0	16	4.0
329	Електронна спектроскопія	36	0	8	1.0
330	Електронне нейтрино	72	0	8	2.0
331	Електронний генератор	213	1	18	6.5
332	Електронний мікроскоп	695	7	56	21.5
333	Електронний парамагнітний резонанс	108	0	10	3.0
334	Електронний стан	15	0	12	0.0
335	Електронно-променева установка	5	0	4	0.0
336	Електрооптичний ефект	24	0	4	1.0
337	Електрорушійна сила	2708	21	206	88.5
338	Електростатика	494	2	34	16.0
339	Електростатична індукція	190	1	16	6.0
340	Електростатична лінза	5	0	1	0.0
341	Електростатичний генератор Ван де Граафа	103	0	10	3.5
342	Електростатичний потенціал	1330	17	68	48.0
343	Елементарна частинка	1071	8	73	36.0
344	Емітанс пучка	2	0	1	0.0
345	Енергетичний рівень	270	1	20	8.0
346	Енергетичний спектр	33	0	7	1.0
347	Енергія вакууму	69	0	10	2.0
348	Енергія зв'язку	421	1	40	11.0
349	Еніон	7	0	1	0.0
350	Ентропія змішування	9	0	2	0.0
351	Ербій	86	0	14	2.0
352	Ергодична гіпотеза	12	0	3	0.0
353	Ета-мезон	11	0	3	0.0
354	Ефект Вігнера	14	0	3	1.0
355	Ефект де Гааза-ван Альфена	1	0	1	0.0
356	Ефект Джоуля-Томсона	54	0	5	2.0
357	Ефект Доплера	795	9	42	25.5
358	Ефект Зеемана	71	0	7	2.0
359	Ефект Зеєбека	161	1	18	4.0
360	Ефект Казимира	57	0	9	2.0
361	Ефект Керра	21	0	3	1.0
362	Ефект Кея	11	0	3	0.5
363	Ефект конденсатного диску	48	0	5	1.0
364	Ефект Кондо	3	0	1	0.0
365	Ефект Коттона — Мутона	16	0	6	0.0
366	Ефект Мейснера	30	0	4	1.0
367	Ефект Міхеєва — Смирнова — Вольфенштейна	7	0	2	0.0
368	Ефект Нернста	3	0	1	0.0
369	Ефект Овергаузера	2	0	1	0.0
370	Ефект Оже	37	0	4	1.0
371	Ефект Пельтьє	104	1	10	3.0
372	Ефект Перселла	1	0	1	0.0
373	Ефект Рамана	1	0	1	0.0
374	Ефект Рамзауера	14	0	4	0.0
375	Ефект Рашби	6	0	2	0.0
376	Ефект Реннера	0	0	0	0.0
377	Ефект Реннера — Теллера	4	0	2	0.0
378	Ефект Тіндаля	115	0	11	3.0
379	Ефект Томсона	51	0	6	2.0
380	Ефект Фарадея	98	0	15	2.5
381	Ефект Франца-Келдиша	4	0	1	0.0
382	Ефект Штарка	31	0	10	1.0
383	Ефективна густина станів	7	0	2	0.0
384	Ефективна маса	45	0	6	1.0
385	Ефективна площа розсіювання	104	1	9	2.0
386	Ефективна температура	65	0	8	2.0
387	Ефективний коефіцієнт розмноження нейтронів	63	0	6	2.0
388	Ехолокація	361	2	35	11.0
389	Європій	100	0	11	2.0
390	Жаропродуктивність	2	0	1	0.0
391	Загальна коваріантність	14	0	5	0.0
392	Задача трьох тіл	141	0	10	5.0
393	Закон Ампера	1133	7	78	38.5
394	Закон Архімеда	2652	34	173	90.5
395	Закон Беца	11	0	2	0.0
396	Закон Бугера — Ламберта — Бера	504	2	55	12.0
397	Закон всесвітнього тяжіння	2137	27	163	70.0
398	Закон Гука	4005	42	245	123.5
399	Закон Ґейґера — Неттола	7	0	3	0.0
400	Закон Дальтона	464	2	31	15.5
401	Закон Дебая	24	0	3	1.0
402	Закон Джоуля — Ленца	1553	8	99	52.5
403	Закон дисперсії	165	1	10	5.0
404	Закон Дюлонга — Пті	34	0	6	1.0
405	Закон збереження енергії	2470	30	131	85.5
406	Закон збереження імпульсу	1335	15	76	44.5
407	Закон збереження маси	1599	12	107	51.0
408	Закон Мозлі	60	0	9	2.0
409	Закон рівнорозподілу	25	0	4	0.0
410	Закон Снеліуса	550	0	39	20.0
411	Закони термодинаміки	511	6	34	16.0
412	Закони Фіка	125	0	12	4.0
413	Залишкова намагніченість	31	0	4	1.0
414	Залізний пік	1	0	1	0.0
415	Залізо	8153	108	545	266.0
416	Заломлення	1939	10	125	64.5
417	Замерзання	142	0	16	3.0
418	Запізнення	33	0	6	1.0
419	Заряджена частинка	612	2	56	21.5
420	Заряджений струм	6	0	3	0.0
421	Зарядове спряження	7	0	3	0.0
422	Збіднений уран	42	0	4	1.0
423	Зброя спрямованої енергії	50	0	12	1.0
424	Збуджений стан квантовомеханічної системи	32	0	5	1.0
425	Зведена маса	25	0	4	1.0
426	Зворотність	66	0	10	2.0
427	Звукова енергія	19	0	3	1.0
428	Звуковий удар	32	0	3	1.0
429	Згасаюча хвиля	7	0	2	0.0
430	Зминання	34	0	13	1.0
431	Змінний конденсатор	143	0	16	3.5
432	Змінний струм	4314	55	245	165.0
433	Змінні дія — кут	3	0	1	0.0
434	Золото	3312	63	203	109.5
435	Зона провідності	25	0	5	1.0
436	Зонне плавлення	25	0	5	1.0
437	Зоряний нуклеосинтез	26	0	4	0.0
438	Ізобари (ядерна фізика)	71	0	7	3.0
439	Ізовалентна домішка	0	0	0	0.0
440	Ізоентропійний процес	35	0	8	1.0
441	Ізолятор Мотта	6	0	1	0.0
442	Ізотермічний процес	5737	19	476	160.0
443	Ізотопи	5262	44	392	177.0
444	Ізотопічний спін	26	0	3	1.0
445	Ізотопна поширеність	18	0	3	1.0
446	Імплозія (фізика)	30	0	3	1.0
447	Імпульсна модуляція	78	0	9	2.0
448	Імпульсно-кодова модуляція	125	1	10	4.0
449	Інваріант (фізика)	41	0	6	1.0
450	Інваріанти електромагнітного поля	6	0	2	0.5
451	Інверсна заселеність	40	0	10	1.0
452	Індій	341	3	30	9.0
453	Індуктивність	1408	8	92	45.5
454	Індукційний струм	547	1	58	15.5
455	Інерційна система відліку	1098	8	96	30.0
456	Інерція	2649	29	228	69.0
457	Інжекція носіїв заряду	26	0	4	1.0
458	Інженерно-фізичний факультет НТУУ «КПІ»	35	0	4	1.0
459	Інкремент наростання	1	0	1	0.0
460	Інтеграл вздовж траєкторій	19	0	3	1.0
461	Інтеграл перекриття	6	0	2	0.0
462	Інтенсивна величина	36	0	4	1.0
463	Інтеркомбінаційна конверсія	10	0	2	0.0
464	Інтерференція хвиль	1839	9	159	49.0
465	Інтерферометр Майкельсона	43	0	6	2.0
466	Інтерферометр Фабрі-Перо	34	0	4	1.0
467	Інформаційна ентропія	609	6	50	19.0
468	Інфразвук	1326	11	93	41.5
469	Інфразвукова зброя	118	0	9	3.0
470	Іон	2023	28	110	68.5
471	Іонізаційна рівновага	9	0	2	0.0
472	Іоністор	171	0	31	5.0
473	Іонна пастка	12	0	3	0.0
474	Іонний звук	3	0	1	0.0
475	Іпсилон-мезон	8	0	2	0.0
476	Іридій	316	2	22	10.0
477	Іскрова камера	7	0	2	0.0
478	Іскровий розряд	220	1	22	6.0
479	Історія механіки	204	0	20	6.0
480	Історія телескопа	485	4	36	13.0
481	Історія фізики	278	2	20	9.0
482	Ітербій	87	0	9	2.0
483	Ітрій	200	1	52	5.0
484	Йод	2277	32	133	74.5
485	Йод-131	481	2	47	14.5
486	Йодид калію	553	6	36	18.0
487	Йонний кристал	288	1	24	8.5
488	Кадмій	520	7	36	17.0
489	Калібрувальна інваріантність	48	0	5	2.0
490	Калібрувальний бозон	43	0	15	1.0
491	Калій	2284	27	153	70.5
492	Каліфорній	273	4	16	9.0
493	Калорія	931	11	49	31.5
494	Кальцій	2826	38	175	89.0
495	Камера Вільсона	804	10	60	26.5
496	Каналювання	7	0	3	0.0
497	Канонічне перетворення	13	0	2	0.5
498	Канонічний ансамбль (фізика)	8	0	2	0.0
499	Каони	40	0	7	1.0
500	Капілярний ефект	592	3	65	14.5
501	Каустика	40	0	6	1.0
502	Квадратурно-амплітудна модуляція	120	0	12	4.0
503	Квадратурно-фазова модуляція	14	0	4	0.0
504	Квадрупольний момент	23	0	4	1.0
505	Квазікласичне наближення	14	0	3	0.0
506	Квазікристал	27	0	3	1.0
507	Квазічастинка	55	0	8	1.0
508	Квант магнітного потоку	26	0	6	1.0
509	Квантова гравітація	85	0	6	2.5
510	Квантова декогеренція	33	0	4	1.0
511	Квантова дротина	12	0	5	0.0
512	Квантова інформація	26	0	4	1.0
513	Квантова криптографія	121	0	16	2.5
514	Квантова логіка	18	0	5	1.0
515	Квантова механіка	993	15	47	34.5
516	Квантова телепортація	86	0	7	3.0
517	Квантова точка	88	0	10	2.0
518	Квантова тривіальність	0	0	0	0.0
519	Квантова хімія	81	0	8	2.0
520	Квантова хромодинаміка	91	0	9	2.0
521	Квантова яма	12	0	3	0.5
522	Квантовий байєсіанізм	5	0	1	0.0
523	Квантовий вихід	41	0	7	1.0
524	Квантовий ефект	0	0	0	0.0
525	Квантовий ефект Холла	28	0	3	1.0
526	Квантовий комп'ютер	718	14	37	22.5
527	Квантовий перехід	50	0	8	2.0
528	Квантовий стан	105	0	12	3.0
529	Квантовий стрибок	103	1	14	3.0
530	Квантовий хаос	6	0	2	0.0
531	Квантування Дірака	1	0	1	0.0
532	Кварк	1803	17	97	57.0
533	Кварконій	22	0	8	0.0
534	Кільця Ньютона	318	1	42	8.0
535	Кінематика	1155	8	80	40.0
536	Кінетична енергія	3340	30	226	125.5
537	Кінетична теорія	2179	11	151	66.5
538	Кінетичне рівняння	46	0	5	1.5
539	Кінцевий ефект	34	0	5	1.0
540	Класична електродинаміка	484	5	29	16.0
541	Класична фізика	49	0	7	1.0
542	Кластер (фізика)	19	0	2	1.0
543	Клин (механіка)	112	0	14	3.0
544	Клістрон	73	0	7	2.5
545	Кліщі вимірювальні	71	0	9	2.0
546	КМОН	173	1	17	4.5
547	Кобальт	815	11	48	25.5
548	Когезія	125	1	10	4.0
549	Когерентність	1729	11	137	44.5
550	Коефіцієнт дифузії	139	0	18	3.5
551	Коефіцієнт екстинкції	120	1	11	3.0
552	Коефіцієнт жорсткості	4776	36	314	147.5
553	Коефіцієнт корисної дії	1767	23	93	60.5
554	Коефіцієнт підсилення антени	105	0	12	3.0
555	Коефіцієнт рекомбінації	1	0	1	0.0
556	Коефіцієнт самодифузії	2	0	1	0.0
557	Коефіцієнт теплового розширення	270	4	18	8.5
558	Колайдер	239	0	19	7.5
559	Колапс хвильової функції	85	0	40	2.0
560	Коливальний контур	2353	13	160	81.0
561	Коливання	4026	37	258	136.5
562	Коліматор	97	0	7	3.0
563	Колірна температура	575	7	31	21.0
564	Кольоровий заряд	84	0	9	3.0
565	Комірка Вігнера — Зейтца	15	0	3	1.0
566	Компенсований напівпровідник	3	0	1	0.0
567	Комплекс з переносом заряду	7	0	3	0.0
568	Композити	722	8	45	25.0
569	Комптонівське розсіювання	199	0	21	6.0
570	Конденсація Бозе — Ейнштейна	222	1	23	5.5
571	Контактна різниця потенціалів	170	0	14	5.0
572	Конфайнмент	92	0	9	3.0
573	Копенгагенська інтерпретація	66	0	6	2.0
574	Коперницій	86	1	11	2.0
575	Кореляційна енергія	10	0	2	0.0
576	Коронний розряд	228	2	16	7.5
577	Космологічна сингулярність	93	0	8	3.0
578	Космологічна стала	44	0	4	1.0
579	Космологічний масштабний фактор	6	0	1	0.0
580	Котушка Гельмгольца	9	0	2	0.0
581	Криптон	472	4	33	16.0
582	Кристалізація сплавів	149	0	26	3.0
583	Критерій Ліндеманна	3	0	1	0.0
584	Критична точка	185	0	14	5.5
585	Критичний тиск	25	0	4	1.0
586	Критичні індекси	5	0	1	0.0
587	Кріоелектронна мікроскопія	49	0	7	1.0
588	Кріолюмінесценція	6	0	2	0.0
589	Крутильні ваги	2	0	1	0.0
590	Ксенон	455	4	29	14.5
591	Ксі-баріон	18	0	7	0.0
592	Кубічний метр	3144	73	141	109.5
593	Кулон (одиниця)	1021	11	83	33.5
594	Куперівська пара	20	0	2	1.0
595	Кут Брюстера	194	0	19	6.0
596	Кут змочування	134	0	14	3.0
597	Кутова модуляція	29	0	7	1.0
598	Кутова швидкість	1128	10	64	40.5
599	Кутове прискорення	650	4	37	22.0
600	Кюрій	83	0	8	2.0
601	Лабораторна система	4	0	2	0.0
602	Лазер на вільних електронах	14	0	2	1.0
603	Лазерна абляція	43	0	4	1.5
604	Лазерний гіроскоп	29	0	4	1.0
605	Лазерний далекомір	67	0	8	2.0
606	Лампа біжної хвилі	29	0	6	1.0
607	Лантан	281	0	35	8.5
608	Лантаноїди	279	1	32	7.5
609	Ланцюгова реакція	1004	3	79	32.0
610	Ларморова частота	20	0	4	1.0
611	Лембів зсув	11	0	3	0.0
612	Лептон	190	0	15	6.0
613	Лептонний заряд	38	0	5	1.0
614	Ліверморій	91	0	10	2.0
615	Ліквідус	47	0	9	1.0
616	Лінза	4165	17	332	136.5
617	Лінійне середовище	0	0	0	0.0
618	Лінійчастий спектр	743	1	65	20.5
619	Літій	2017	27	128	69.5
620	Лічильник Гейгера	714	6	62	22.5
621	Локалізація Андерсона	2	0	1	0.0
622	Локалізований плазмон	38	0	3	1.0
623	Локалізований стан	39	0	7	1.0
624	Лоренц-коваріантність	11	0	4	0.0
625	Лоуренсій	119	1	8	3.5
626	Лужна батарейка	402	4	27	13.5
627	Луна (акустичне явище)	270	1	25	7.5
628	Людвіг Валентин Лоренц	3	0	1	0.0
629	Люмінесценція	543	4	42	16.5
630	Лютецій	221	0	32	5.0
631	Лямбда-баріон	22	0	7	0.5
632	Лямбда-точка	5	0	2	0.0
633	М-теорія	73	0	9	2.0
634	Магічні числа	35	0	5	1.0
635	Магічні ядра	58	0	6	2.0
636	Магнетизм	370	4	24	12.0
637	Магнетон Бора	25	0	7	0.5
638	Магнетоопір	55	0	8	2.0
639	Магнетрон	434	2	32	13.0
640	Магній	2752	31	162	100.5
641	Магнітна еквівалентність	1	0	1	0.0
642	Магнітна лінза	7	0	2	0.0
643	Магнітне динамо	10	0	2	0.0
644	Магнітне екранування ядра	4	0	1	0.0
645	Магнітне квантове число	52	0	9	1.0
646	Магнітне перез'єднання	9	0	2	0.0
647	Магнітний домен	26	0	4	1.0
648	Магнітний момент	303	2	26	9.5
649	Магнітний момент протона	13	0	6	0.0
650	Магнітний монополь	54	0	8	1.0
651	Магнітний перехід	0	0	0	0.0
652	Магнітний потік	1373	8	99	41.0
653	Магнітний резонанс	128	0	12	4.0
654	Магнітогідродинаміка	19	0	3	1.0
655	Магніторушійна сила	63	0	13	1.5
656	Магнон	14	0	4	0.0
657	Майорон	9	0	3	0.0
658	Майстер-рівняння	3	0	1	0.0
659	Майтнерій	46	0	12	1.0
660	Манган	1428	10	86	49.5
661	Маса електрона	641	3	40	21.0
662	Масове число	1521	8	108	51.0
663	Матеріал	584	3	36	17.5
664	Матеріальна точка	1084	4	72	34.0
665	Матриці Дірака	39	0	7	1.0
666	Матриця густини	30	0	5	1.0
667	Матриця розсіяння	18	0	3	0.0
668	Матрична механіка	22	0	3	1.0
669	Маятник	508	2	42	13.5
670	Межа Чандрасекара	102	0	7	3.0
671	Мезони	179	1	26	5.0
672	Мезоскопічна фізика	12	0	4	0.0
673	Менделевій	57	0	6	1.0
674	Металічний водень	46	0	6	1.0
675	Металічний зв'язок	1323	5	87	52.0
676	Метастабільний стан	74	0	9	2.0
677	Метод Гартрі — Фока	18	0	3	1.0
678	Метод матриць переходу	11	0	4	1.0
679	Метод Чохральського	84	0	8	3.0
680	Метрика простору-часу	37	0	4	1.0
681	Метрика Фрідмана-Леметра-Робертсона-Вокера	14	0	2	1.0
682	Метрика Шварцшильда	33	0	3	1.0
683	Механізм Хіггса	94	0	7	3.5
684	Механічна рівновага	663	3	39	21.5
685	Мідь	4014	51	273	127.5
686	Міжатомна взаємодія	81	0	10	2.0
687	Міжнародний експериментальний термоядерний реактор	809	12	50	27.0
688	Мікроскопічний масштаб	17	0	3	1.0
689	Міліметрові хвилі	62	0	7	2.0
690	Мільйонна частка	582	1	33	22.0
691	Модель Габбарда	14	0	2	0.5
692	Модель Гарячого Всесвіту	19	0	4	1.0
693	Модель желе	8	0	2	0.0
694	Модель Ізінга	25	0	4	1.0
695	Модифікована ньютонівська динаміка	8	0	2	0.0
696	Модулі пружності	123	1	11	4.0
697	Модулометр	6	0	2	0.0
698	Модуль зсуву	207	1	19	7.0
699	Модуль Юнга	943	6	65	30.0
700	Модуляція (фізика)	709	8	69	21.0
701	Модуляція добротності	9	0	2	0.5
702	Молекула	4190	44	227	149.5
703	Молекулярна динаміка	29	0	4	1.0
704	Молекулярна орбіталь	53	0	5	1.0
705	Молекулярна рефракція	9	0	1	1.0
706	Молекулярні кристали	58	0	5	2.0
707	Молекулярно-променева епітаксія	20	0	5	1.0
708	Молібден	820	10	55	24.0
709	Момент сили	1801	22	108	63.5
710	Монохроматична плоска хвиля	328	1	25	11.0
711	Монохроматор	54	0	6	2.0
712	Монохромія	180	1	11	5.5
713	Московій	144	1	11	4.5
714	Мультиплетність	41	0	12	1.0
715	Мультипольний момент	9	0	2	0.0
716	Мюон	142	1	16	4.0
717	Мюоній	15	0	3	0.0
718	Наближення ефективного середовища	5	0	2	0.0
719	Наближення сильного зв'язку	8	0	2	0.0
720	Нагніт лазера	5	0	1	1.0
721	Надвипромінювання Діке	3	0	1	0.0
722	Надґратка	19	0	4	0.0
723	Надзвукова швидкість	533	6	66	14.0
724	Надкритична рідина	30	0	4	1.0
725	Надплинність	111	0	19	3.0
726	Надпорогова іонізація	4	0	2	0.0
727	Надтверді матеріали	30	0	4	1.0
728	Нанодротини	15	0	3	0.0
729	Наноелектромеханічні системи	9	0	2	0.0
730	Наноіоніка	2	0	1	0.0
731	Нанооболонка	1	0	1	0.0
732	Наноскопічний масштаб	4	0	2	0.0
733	Нанотехнології	1213	12	70	40.5
734	Наночастинка	220	4	20	7.0
735	Напівметал (спінтроніка)	5	0	1	0.0
736	Напівпровідник	2719	18	182	92.5
737	Напівпровідник p-типу	280	2	30	9.0
738	Напівтінь	85	0	10	2.5
739	Напруженість магнітного поля	477	3	31	15.0
740	Напруження	795	5	53	28.5
741	Народження пар	27	0	3	1.0
742	Насичена пара	1246	8	88	33.0
743	Нат (одиниця вимірювання)	14	0	3	1.0
744	Натрій	2976	29	181	100.5
745	Наукова містифікація	14	0	2	1.0
746	Небо	422	4	24	14.0
747	Нейтраліно	13	0	3	0.0
748	Нейтральна частинка	83	0	8	3.0
749	Нейтрино	925	8	58	33.0
750	Нейтрон	2237	15	161	79.5
751	Нейтронно-адсорбційний аналіз	4	0	3	0.0
752	Нелінійна система	213	1	19	6.0
753	Нематик	27	0	2	1.0
754	Ненасичена пара	441	1	42	12.0
755	Неодим	166	0	11	5.5
756	Неон	852	11	55	27.0
757	Непрямий екситон	0	0	0	0.0
758	Нептуній	178	1	13	5.0
759	Нерозв'язані проблеми фізики	79	0	7	2.0
760	Нікель	1002	10	58	34.0
761	Ніобій	227	0	29	6.0
762	Ніхоній	101	0	11	3.0
763	Нобелій	109	0	22	3.0
764	Нормальний порядок	1	0	1	0.0
765	Нормальні коливання	57	0	7	2.0
766	Нормальні умови	1095	11	60	40.0
767	Носії заряду	1065	3	68	40.0
768	Нотація бра-кет	38	0	6	1.0
769	Нотація Фогта	16	0	3	1.0
770	Нуклеація	27	0	4	1.0
771	Нуклеосинтез	144	1	12	4.0
772	Нуклід	679	7	66	22.0
773	Нуклон	1038	3	75	36.5
774	Нульовий звук	5	0	1	0.0
775	Нульовий стан квантової системи	2	0	1	0.0
776	Нульові коливання	26	0	4	1.0
777	Об'єднана теорія поля	32	0	4	1.0
778	Об'єднаний інститут ядерних досліджень	43	0	8	1.0
779	Обернений простір	16	0	2	1.0
780	Обернений сантиметр	20	0	2	1.0
781	Обертання	575	6	100	17.0
782	Обійдені ядра	4	0	2	0.0
783	Область збіднення	14	0	3	0.0
784	Обмінна взаємодія	39	0	3	1.0
785	Оболонкова модель ядра	42	0	5	1.0
786	Обчислювальна гідродинаміка для зміни фази матеріалів	3	0	1	0.0
787	Обчислювальна механіка	6	0	2	0.0
788	Обчислювальна фізика	38	0	6	1.0
789	Оганесон	423	7	26	13.0
790	Одноатомний газ	31	0	4	1.0
791	Одноелектронне наближення	15	0	3	1.0
792	Оже-рекомбінація	5	0	1	0.0
793	Оже-спектроскопія	30	0	5	1.0
794	Оксиген	10517	144	717	343.0
795	Омега-баріон	12	0	3	0.0
796	Омега-мезон	6	0	2	0.0
797	Омічний контакт	29	0	8	0.5
798	Ондулятор	9	0	3	0.0
799	Оперативний запас реактивності	13	0	3	0.0
800	Оператор еволюції	19	0	3	1.0
801	Оператор числа частинок	7	0	3	0.0
802	Оператори народження та знищення	25	0	5	0.0
803	Операція молекулярної машини	0	0	0	0.0
804	Опорний сигнал	35	0	4	1.0
805	Опромінення	686	7	49	20.5
806	Оптика тонких плівок	27	0	5	1.0
807	Оптична активність	90	0	13	2.5
808	Оптична вісь	182	0	19	6.5
809	Оптична вісь кристала	10	0	3	0.5
810	Оптична густина	779	2	59	20.5
811	Оптична сила	1270	2	91	37.0
812	Оптична теорема	0	0	0	0.0
813	Оптичне випромінювання	187	1	19	5.5
814	Оптичний параметричний осцилятор	4	0	2	0.0
815	Оптичний стіл	6	0	1	0.0
816	Оптичний телескоп	101	0	13	3.0
817	Оптичний фонон	10	0	2	0.5
818	Оптично активні речовини	61	0	9	2.0
819	Оптоволокно	937	14	52	31.0
820	Орбітальне квантове число	65	0	7	2.0
821	Орбітон	2	0	1	0.0
822	Органічний світлодіод	302	3	21	9.5
823	Органічні напівпровідники	51	0	5	1.0
824	Освітленість	726	5	44	24.5
825	Осмій	414	5	44	12.0
826	Основна фізична величина	323	0	27	8.0
827	Осцилятор Лоренца	8	0	2	0.5
828	Осциляції нейтрино	30	0	5	1.0
829	Осциляції Рабі	6	0	3	0.0
830	Осциляції Шубнікова — де Гааза	10	0	2	1.0
831	П'єзоелектрики	140	1	11	4.0
832	П'єзоефект	214	1	19	6.0
833	Паладій	616	11	34	19.0
834	Пара	461	4	31	13.5
835	Парадокс близнят	190	1	17	4.5
836	Парадокс Еренфеста	13	0	3	0.0
837	Парадокс субмарини	41	0	6	1.0
838	Парамагнетики	420	3	44	13.5
839	Пасивна радіолокація	85	0	6	2.0
840	Пентакварк	14	0	2	0.0
841	Перетворення Гільберта	32	0	3	1.0
842	Перехресна ентропія	50	0	6	2.0
843	Період напіврозпаду	3653	17	298	117.0
844	Питомий імпульс	40	0	4	1.0
845	Питомий коефіцієнт поглинання електромагнітної енергії	69	0	8	2.0
846	Піони	113	0	16	3.0
847	Плазмон	35	0	6	1.0
848	Платина	1040	15	122	31.5
849	Плутоній	467	6	27	15.5
850	Плутоній-239	353	1	26	12.0
851	Повне внутрішнє відбиття	1577	5	121	43.0
852	Поділ ядра	2558	14	177	90.5
853	Позитрон	348	3	24	10.5
854	Позитроній	28	0	3	1.0
855	Полоній	635	5	46	21.5
856	Поляритон	16	0	3	0.0
857	Полярон	20	0	2	1.0
858	Померон	26	0	12	0.0
859	Попов Олександр Степанович	597	2	81	18.5
860	Посудина Дьюара	227	2	20	7.0
861	Поширення радіохвиль	699	6	48	22.5
862	Празеодим	101	0	9	3.0
863	Припустиме затухання	2	0	1	0.0
864	Проєкт Y	54	0	5	2.0
865	Прометій	129	0	10	4.0
866	Протактиній	122	0	11	4.0
867	Протій	85	0	8	2.0
868	Протон	3028	27	188	106.0
869	Радар	606	10	60	19.0
870	Радар із синтезованою апертурою	51	0	9	2.0
871	Радіаційна аварія	447	7	31	13.0
872	Радій	1313	8	89	40.0
873	Радіоелектронна протидія	49	0	6	1.0
874	Радіозв'язок	653	2	46	22.0
875	Радіолокаційні перешкоди	41	0	5	1.0
876	Радіофотонна РЛС	30	0	3	1.0
877	Радон	702	10	35	23.0
878	Реактивний рух	1267	9	92	38.0
879	Резерфордій	78	0	10	2.0
880	Рейкотрон	117	0	9	3.5
881	Реній	153	1	11	5.0
882	Рентгеній	75	0	8	2.0
883	Рівняння Греда — Шафранова	6	0	2	0.0
884	Рівняння дифузії	100	0	7	3.0
885	Рівняння Смолюховського	3	0	3	0.0
886	Рівняння Шредінгера	314	3	32	10.5
887	Рідкі кристали	2119	22	141	63.0
888	Ро-мезон	13	0	5	0.0
889	Родій	437	7	29	14.0
890	Розходження Кульбака — Лейблера	28	0	7	1.0
891	Ротон	16	0	3	0.0
892	Ртуть	3331	48	450	101.0
893	Рубідій	305	2	27	8.5
894	Рутеній	235	2	25	7.0
895	Самарій	114	0	16	3.0
896	Свинець	2080	30	111	68.0
897	Світлодіод	844	14	70	26.5
898	Селен	1283	17	84	41.0
899	Сигма-баріон	16	0	5	0.0
900	Сигма-дельта-модуляція	44	0	4	1.0
901	Сила Лоренца	1426	9	92	49.5
902	Силіцій	2794	30	158	93.5
903	Сіборгій	72	0	8	2.0
904	Сірка	5978	57	370	182.5
905	Скандій	263	2	17	8.5
906	Спектральна ефективність	31	0	5	1.0
907	Спектрофотометр	108	0	9	3.0
908	Список позначень у фізиці	5924	58	351	186.5
909	Спільна ентропія	16	0	3	1.0
910	Сплутані квантові стани	261	3	17	8.5
911	Срібло	3149	52	189	98.5
912	Стандартний стан	228	3	14	8.0
913	Станум	1065	20	65	33.0
914	Статистичний шум	1	0	1	0.0
915	Стерильне нейтрино	13	0	2	0.5
916	Стибій	388	4	24	12.5
917	Стронцій	682	8	76	19.5
918	Супергетеродинний радіоприймач	138	1	11	4.0
919	Суперсиметрія	157	0	12	4.5
920	Супутниковий зв'язок	675	5	46	23.0
921	Сферміон	7	0	1	0.0
922	Сцинтиляційні лічильники	92	0	16	2.0
923	Талій	686	4	202	14.0
924	Тантал (хімічний елемент)	401	4	42	11.0
925	Тау-лептон	35	0	5	1.0
926	Тахіони	182	1	30	5.0
927	Телур	437	1	31	14.0
928	Теннессин	128	1	11	4.0
929	Теорія де Бройля — Бома	33	0	5	1.0
930	Теплобачення	110	0	12	3.0
931	Тербій	78	0	8	1.5
932	Термоядерна енергія	2027	13	138	61.0
933	Тета-мезон	6	0	2	0.0
934	Тетракварк	17	0	4	0.0
935	Технецій	179	1	19	5.0
936	Титан (хімічний елемент)	1491	19	89	43.0
937	Томаш Станецький	5	0	2	0.0
938	Торій	497	5	55	14.5
939	Траєкторія	1019	6	81	31.0
940	Трансфермієві війни	20	0	3	0.0
941	Тритій	396	7	23	13.5
942	Тріон	5	0	1	0.0
943	Тулій	80	0	8	2.0
944	Уран (хімічний елемент)	1154	19	58	36.5
945	Уран-235	1975	14	132	72.0
946	Фазова модуляція	160	1	20	4.5
947	Фазована антенна решітка	121	0	11	3.0
948	Фермій	55	0	5	2.0
949	Ферміон	201	2	21	6.0
950	Фі-мезон	12	0	3	0.0
951	Фізика	2367	37	131	76.0
952	Фізика низьких температур (журнал)	28	0	8	0.0
953	Флеровій	80	0	10	2.5
954	Фонон	81	0	7	2.0
955	Формула Койде	5	0	2	0.0
956	Фосфор	4808	51	281	165.0
957	Фотон	2579	23	200	80.0
958	Францій	274	1	22	8.5
959	Фтор	1493	16	82	52.5
960	Фундаментальна частинка	93	0	8	2.0
961	Фундаментальні взаємодії	388	4	23	13.5
962	Функція розподілу (статистична фізика)	10	0	5	0.0
963	Халькогени	132	0	15	4.0
964	Хлор	3330	41	194	119.0
965	Хром	1224	17	82	37.0
966	Хронологія квантових обчислень	13	0	2	0.0
967	Цезій	483	3	26	16.0
968	Церій	232	4	15	8.0
969	Циклотронна маса	4	0	1	0.0
970	Цинк	2084	32	129	65.0
971	Цирконій	777	13	49	26.0
972	Частотна модуляція	351	3	28	11.5
973	Черенковське випромінювання	220	2	15	7.5
974	Число Авогадро	4006	22	248	147.0
975	Число Маха	658	9	36	22.0
976	Шипіння (ядерна зброя)	4	0	1	0.0
977	Шлях (фізика)	1726	15	156	50.0
978	Ядерна енергетика	5817	38	459	188.0
979	Ядерне випробування	258	1	18	7.0
980	Ядерний вибух	770	11	44	24.0
981	Ядро атома	7010	36	612	226.5
982	B-кварк	35	0	6	1.0
983	B-мезон	10	0	4	0.0
984	BeamForming	64	0	5	2.0
985	C-кварк	27	0	5	0.5
986	CERN	415	3	31	14.0
987	D-кварк	92	0	12	2.0
988	D-мезон	10	0	3	0.0
989	J/ψ-мезон	14	0	3	0.0
990	Ku-діапазон	82	0	6	3.0
991	S-кварк	26	0	5	1.0
992	T-кварк	33	0	4	1.0
993	T-мезон	3	0	1	0.0
994	U-кварк	96	0	10	2.0
995	W- і Z-бозони	36	0	5	1.0
996	Wendelstein 7-X	28	0	4	1.0
997	X та Y бозони	17	0	8	0.0
