1	Абія виблискуюча	51	0	6	2.0
2	Аврора біла	169	1	14	4.0
3	Аґапантіїні	9	0	3	0.0
4	Аґапантія	9	0	5	0.0
5	Акантоліда жовтоголова	7	0	2	0.0
6	Акантоліда сланцева	2	0	1	0.0
7	Акарапідоз	16	0	2	1.0
8	Акариформні кліщі	40	0	4	1.5
9	Акарициди	111	1	12	3.0
10	Акарологія	51	0	8	1.0
11	Американський білий метелик	93	0	8	3.0
12	Амофіла сарептська	31	0	4	1.0
13	Анадримадуза Ретовського	58	1	6	2.0
14	Анатомія комах	1223	12	95	37.0
15	Андрена велика	20	0	3	1.0
16	Андрена золотонога	32	0	4	1.0
17	Андрена ошатна	18	0	3	1.0
18	Андрена степова	16	0	5	0.0
19	Андрена червоноплямиста	6	0	1	1.0
20	Андреніди	10	0	3	0.0
21	Аністиди	11	0	4	1.0
22	Аноплій самарський	46	0	7	1.0
23	Антени (біологія)	126	0	15	3.0
24	Антофора коренаста	12	0	3	0.0
25	Антофора чорновійчаста	8	0	2	0.5
26	Апростема Карпентера	3	0	1	0.0
27	Апростема Пелетьє	2	0	1	0.0
28	Аранеоморфні	19	0	3	0.5
29	Арахнологія	56	0	6	1.5
30	Аргасові кліщі	82	0	7	2.0
31	Арге Беккера	18	0	3	1.0
32	Арге Фрівальдського	4	0	1	1.0
33	Аргіопа тигрова	456	7	27	15.0
34	Аргірестіїди	6	0	2	0.0
35	Артроплевра	75	0	14	2.0
36	Архіметаболія	9	0	4	0.0
37	Архостемати	6	0	3	0.0
38	Асеміни	8	0	3	0.0
39	Асеміні	6	0	3	0.0
40	Аскалаф строкатий	23	0	3	1.0
41	Аскалафові	4	0	1	0.0
42	Афелінус	11	0	6	0.0
43	Африканізована бджола	87	0	17	2.0
44	Бабка перев'язана	131	0	13	4.5
45	Бабки	1518	17	88	50.5
46	Багатозв'яз гірський український	52	0	8	1.0
47	Барвниця грушева	28	0	4	1.0
48	Бджола (геральдика)	31	0	4	1.0
49	Бджола (рід)	286	3	19	9.0
50	Бджола велика	28	0	3	1.0
51	Бджола східна	18	0	3	0.5
52	Бджола-муляр Лефебвра	14	0	4	1.0
53	Бджоли	3073	53	192	91.5
54	Бджолині	68	0	8	2.0
55	Бджоловидка	14	0	2	0.0
56	Бджоловидка звичайна	12	0	3	0.0
57	Бджоловидка лісова	5	0	1	0.0
58	Безвусикові	17	0	5	0.5
59	Бей-Бієнко Григорій Якович	22	0	3	1.0
60	Білан брукв'яний	16	0	4	0.0
61	Білан гірський	9	0	1	1.0
62	Білан жилкуватий	32	0	7	1.0
63	Білан капустяний	612	5	43	19.5
64	Білан ріпаковий	16	0	3	0.5
65	Біланові	39	0	4	1.0
66	Білокрилки	30	0	4	1.0
67	Білюх ріпаковий	9	0	3	0.5
68	Білюх степовий	5	0	1	0.0
69	Білюшок гірчичник	6	0	1	0.0
70	Білюшок Дюпоншеля	6	0	3	0.0
71	Білюшок Морзе	8	0	3	0.5
72	Бірманський бурштин	130	0	61	1.0
73	Бірроїдні	3	0	1	0.0
74	Бластобазиди	2	0	2	0.0
75	Блискітники	5	0	2	0.0
76	Блідий луговий метелик	8	0	3	0.0
77	Блідонога садова мурашка	22	0	2	1.0
78	Блішка бурякова звичайна	22	0	4	1.0
79	Блішка бурякова південна	4	0	1	0.0
80	Блішка льонова синя	15	0	3	1.0
81	Блішка смугаста хлібна	15	0	2	1.0
82	Блішки лляні	2	0	1	0.0
83	Блохи	1193	19	76	40.0
84	Блощиця постільна	0	0	0	0.0
85	Богомол звичайний	875	11	54	28.0
86	Богомоли	788	8	70	23.0
87	Богомольчик Гельдрейха	8	0	2	0.0
88	Богомольчик кримський	45	0	5	1.5
89	Боліварія короткокрила	28	0	5	1.0
90	Больбелязм однорогий	22	0	3	1.0
91	Борошнистий червець	29	0	5	1.0
92	Борошнисті червеці	40	0	6	1.0
93	Борошняний кліщ	53	0	7	1.0
94	Бражник дубовий	76	0	10	2.0
95	Бражник карликовий	11	0	3	0.0
96	Бражник Комарова	5	0	1	0.0
97	Бражник Маака	4	0	1	0.0
98	Бражник мертва голова	217	2	15	6.0
99	Бражник олеандровий	29	0	9	1.0
100	Бражник очкастий	21	0	3	1.0
101	Бражник південний молочайний	25	0	4	1.0
102	Бражник підмаренниковий	12	0	3	0.0
103	Бражник прозерпіна	52	0	6	2.0
104	Бражник скабіозовий	31	0	4	1.0
105	Бражник тополевий	17	0	3	0.0
106	Бражник тютюновий	12	0	4	0.0
107	Бражник хорватський	14	0	3	1.0
108	Бражникові	176	2	12	6.5
109	Браконіди	16	0	3	0.5
110	Брахіцерус зморшкуватий	9	0	3	0.0
111	Бренівкові	5	0	1	0.0
112	Бронзівка волохата	67	0	7	2.0
113	Бронзівка гладка	22	0	4	1.0
114	Бронзівка мармурова	26	0	4	1.0
115	Бронзівка особлива	25	0	6	1.0
116	Бронзівки	42	0	5	1.0
117	Бронтоскорпіо	13	0	3	0.5
118	Букарка	23	0	5	1.0
119	Бупрестоїдні	2	0	1	0.0
120	Буравниця борщевична	7	0	2	0.0
121	Буряковий довгоносик-стеблоїд	18	0	2	1.0
122	Ванесса чорно-руда	25	0	6	1.0
123	Ведмедиці	34	0	4	1.0
124	Ведмедиця велика	121	0	9	4.0
125	Ведмедиця Геба	13	0	3	0.0
126	Ведмедиця Гера	28	0	5	1.0
127	Ведмедиця кайя	13	0	3	0.0
128	Ведмедиця-господиня	80	0	9	2.0
129	Велетенський мурашиний лев західний	39	1	5	1.0
130	Великий в'язовий заболонник	22	0	3	1.0
131	Великокрильці	11	0	2	0.0
132	Веслокрилі	16	0	9	0.0
133	Веснянка велика	31	0	6	1.0
134	Веснянки (комахи)	78	0	9	2.0
135	Віллі Хенніг	3	0	2	0.0
136	Вільгельм Фердинанд Еріхсон	0	0	0	0.0
137	Віялокрилі	14	0	3	0.0
138	Віялокрилки	2	0	2	0.0
139	Вовчок звичайний	681	5	47	22.5
140	Вогнівка акацієва	11	0	2	0.0
141	Вогнівка інжирна	25	0	3	1.0
142	Вогнівка яблунева	8	0	2	0.0
143	Вогнівки	27	0	6	1.0
144	Вогнівки-трав'янки	9	0	2	0.0
145	Водомірки	285	1	22	9.0
146	Водяні скорпіони	27	0	4	1.0
147	Волохокрилець звичайний	12	0	3	0.0
148	Волохокрильці	106	0	9	3.0
149	Воші	2059	50	97	66.0
150	Всеїдні жуки	32	0	3	1.0
151	Вузьконадкрил	9	0	6	0.0
152	Вузьконадкрил рудий	4	0	2	0.0
153	Вусач дубовий	17	0	12	0.0
154	Вусач дубовий великий західний	55	0	12	2.0
155	Вусач дубовий малий	19	0	3	1.0
156	Вусач земляний Мокржецького	5	0	1	0.0
157	Вусач ліщиновий	23	0	4	1.0
158	Вусач пахучий	11	0	6	0.0
159	Вусач пахучий мускусний	35	0	6	1.0
160	Вусач сірий кленовий	23	0	3	1.0
161	Вусач-булавоніг	20	0	18	0.0
162	Вусач-булавоніг кленовий угорський	3	0	1	0.0
163	Вусач-булавоніг пиловусий	2	0	1	0.0
164	Вусач-булавоніг рогатий	3	0	1	0.0
165	Вусач-булавоніг червононогий	2	0	1	0.0
166	Вусач-булавоніг чорний	5	0	2	0.5
167	Вусач-великозуб оленерогий	8	0	2	0.0
168	Вусач-коренеїд	46	0	22	0.0
169	Вусач-коренеїд елегантний	10	0	3	1.0
170	Вусач-коренеїд кримський	2	0	1	0.0
171	Вусач-коренеїд хрестоносець	25	0	3	1.0
172	Вусач-пурпуронадкрил Келера	8	0	2	0.5
173	Вусач-стенокор дубовий	3	0	1	0.0
174	Вусач-титан	12	0	6	0.0
175	Вусач-титан велетенський	98	0	13	3.0
176	Вусач-товстун	11	0	6	0.0
177	Вусач-товстун вербовий	9	0	2	0.5
178	Вусачик-акмеопс	10	0	8	0.0
179	Вусачик-акмеопс семикрапковий	9	0	2	0.0
180	Вусачі	201	1	17	5.0
181	Вусачі Українських Карпат	9	0	2	0.0
182	Вуховертка звичайна	164	1	23	5.0
183	Вуховертки	55	0	7	2.0
184	Гал (біологія)	98	0	9	3.0
185	Галеруцини	5	0	1	0.0
186	Галиці	25	0	6	1.0
187	Галиця виноградна	10	0	4	0.0
188	Галиця вічкова	11	0	2	1.0
189	Галиця пагонова смородинова	8	0	3	0.5
190	Галиця плодова грушева	3	0	2	0.0
191	Гармонія азійська	90	0	13	3.0
192	Гарячка паппатачі	104	0	23	2.0
193	Гемолімфа	476	3	35	13.5
194	Гемоціанін	118	0	11	3.0
195	Генрі Стентон	0	0	0	0.0
196	Гігантський азійський шершень	92	0	8	2.5
197	Гілл-топпінг	6	0	1	0.5
198	Гіляров Меркурій Сергійович	18	0	4	1.0
199	Гіперметаморфоз	7	0	2	0.0
200	Гірняк Евриала	3	0	2	0.0
201	Гірняк ефіоп	5	0	2	0.0
202	Гірняк полонинець	6	0	2	0.0
203	Гірняк Проноя	3	0	1	0.0
204	Гірняк темнорудий	4	0	1	0.0
205	Гниди	562	11	34	18.0
206	Гнойовик звичайний	549	1	54	16.0
207	Гнус	119	1	11	3.5
208	Голова комах	72	0	8	2.0
209	Головогруди	44	0	11	1.0
210	Головотрубка	4	0	1	0.0
211	Головчак Актеон	2	0	2	0.0
212	Головчак Андромеда	3	0	2	0.0
213	Головчак великий рожаний	7	0	2	0.0
214	Головчак ґратчастий	4	0	1	0.0
215	Головчак жилкуватий	4	0	2	0.0
216	Головчак карчоховий	6	0	4	0.0
217	Головчак кома	6	0	2	0.0
218	Головчак крокісовий	2	0	1	0.0
219	Головчак кружало	1	0	1	0.0
220	Головчак лісовий	8	0	3	0.0
221	Головчак мальвовий	7	0	3	0.0
222	Головчак мозаїчний	3	0	1	0.0
223	Головчак Морфей	4	0	2	0.0
224	Головчак Палемон	5	0	3	0.0
225	Головчак поцяткований	2	0	1	0.0
226	Головчак Прото	3	0	1	0.0
227	Головчак серпійний	3	0	1	0.0
228	Головчак сида	3	0	1	0.0
229	Головчак строкатий	2	0	1	0.0
230	Головчак східний	3	0	1	0.0
231	Головчак Таґес	5	0	1	0.0
232	Головчак тире	7	0	3	0.0
233	Головчак французький	3	0	1	0.0
234	Головчак чистецевий	7	0	2	0.0
235	Головчак-лісовик	6	0	1	0.0
236	Головчаки	9	0	2	0.0
237	Голометабола	21	0	3	0.0
238	Горіхотворка дубова	36	0	5	1.0
239	Горохова попелиця	23	0	2	1.0
240	Гребенников Віктор Степанович	47	0	7	1.0
241	Грибоподібні тіла	18	0	4	0.0
242	Грилоблатиди	5	0	1	0.0
243	Груди комах	145	0	15	3.0
244	Губоногі	80	0	11	2.0
245	Гусениця	607	8	40	21.0
246	Густав Майр	2	0	1	0.0
247	Ґедзеві	558	5	31	19.5
248	Ґедзь бичачий	39	0	5	1.0
249	Давньокрилі	42	0	6	1.0
250	Данаєць Хрисипп	18	0	4	1.0
251	Данилевський Олександр Сергійович	8	0	2	0.0
252	Двокрилі	344	2	23	10.0
253	Двопарноногі багатоніжки	46	0	5	1.0
254	Двопорі	3	0	1	0.0
255	Дендрометріни	1	0	1	0.0
256	Деревинник дубовий	21	0	4	1.0
257	Деревний богомол закавказький	12	0	2	0.0
258	Дерновинні молі	3	0	1	0.0
259	Джміль	1197	16	69	39.5
260	Джміль альпійський	2	0	1	0.0
261	Джміль вересовищний	7	0	2	0.0
262	Джміль вірменський	32	0	5	1.0
263	Джміль Вурфлена	6	0	1	0.0
264	Джміль Герштеккера	5	0	2	0.0
265	Джміль гірський	2	0	1	0.0
266	Джміль глинистий	42	0	6	1.5
267	Джміль земляний	31	0	4	1.0
268	Джміль золотисто-підперезаний	6	0	2	0.0
269	Джміль кам'яний	17	0	3	0.5
270	Джміль кінський	4	0	1	0.0
271	Джміль лезус	10	0	2	0.0
272	Джміль луговий	9	0	2	0.0
273	Джміль мінливий	5	0	2	0.0
274	Джміль міський	9	0	1	0.0
275	Джміль моховий	125	0	11	4.0
276	Джміль незвичайний	8	0	1	0.0
277	Джміль норовий	3	0	1	0.0
278	Джміль оперезаний	8	0	2	0.0
279	Джміль пахучий	39	0	4	1.0
280	Джміль північний	4	0	1	0.0
281	Джміль підземний	38	0	6	1.0
282	Джміль піренейський	3	0	1	0.0
283	Джміль пластинчастозубий	5	0	1	0.0
284	Джміль польовий	20	0	2	1.0
285	Джміль полярний	3	0	1	0.0
286	Джміль садовий	16	0	3	0.0
287	Джміль Семенова-Тян-Шанського	3	0	1	0.0
288	Джміль угорський	3	0	1	0.0
289	Джміль червонуватий	53	0	8	1.0
290	Джміль яскравий	50	0	6	2.0
291	Джміль-зозуля білозадий	8	0	2	0.0
292	Джміль-зозуля бородатий	4	0	1	0.0
293	Джміль-чесальник	6	0	2	0.0
294	Джон Обадія Вествуд	1	0	1	0.0
295	Джордж Генрі Горн	2	0	2	0.0
296	Дзвінцеві	58	0	25	1.0
297	Дзюрчалки	96	0	10	2.5
298	Дибка степова	100	1	8	3.0
299	Династес	15	0	8	0.0
300	Династес Мая	3	0	1	0.0
301	Династес титис	6	0	2	0.0
302	Дихальце	21	0	4	1.0
303	Діапауза	113	0	32	2.5
304	Діаприїди	4	0	1	0.0
305	Діляри	6	0	4	0.0
306	Довговус	5	0	3	0.0
307	Довговусі	11	0	3	1.0
308	Довговусі прямокрилі	15	0	4	0.0
309	Довговуска білоплямиста	4	0	2	0.5
310	Довгоніжка шкідлива	20	0	3	0.0
311	Довгоносик бульбочковий смугастий	33	0	5	1.0
312	Довгоносик бульбочковий щетинистий	10	0	2	1.0
313	Довгоносик буряковий звичайний	80	0	10	2.0
314	Довгоносик візерунковий	8	0	1	1.0
315	Довгоносик грушевий	13	0	3	0.0
316	Довгоносик двокільовий	8	0	1	1.0
317	Довгоносик землистий	12	0	4	1.0
318	Довгоносик комірний	106	0	8	3.5
319	Довгоносик конюшиновий стебловий	3	0	2	0.0
320	Довгоносик ліщиновий	30	0	3	1.0
321	Довгоносик малинний	40	0	10	1.0
322	Довгоносик рисовий	22	0	3	1.0
323	Довгоносик сірий бруньковий	38	0	9	1.0
324	Довгоносик сірий буряковий	21	0	4	1.0
325	Довгоносики	209	1	41	5.0
326	Довгоносикоподібні	38	0	7	1.0
327	Дозорець-імператор	98	0	11	3.0
328	Домашній чорний павук	183	0	12	6.0
329	Дріофториди	6	0	3	0.0
330	Дрозофіла чорночерева	141	1	12	4.0
331	Дрозофіли	1180	11	97	33.0
332	Дукачик блакитнуватий	7	0	3	0.0
333	Дукачик бурий	6	0	3	0.0
334	Дукачик ватрак	5	0	1	0.0
335	Дукачик грянець	7	0	3	0.5
336	Дукачик непарний	12	0	1	1.0
337	Дукачик обочень	8	0	2	0.0
338	Дукачик Терсамон	5	0	1	0.0
339	Дукачик фіялковий	3	0	1	0.0
340	Дядечко Микола Платонович	18	0	2	1.0
341	Евцера вірменська	4	0	1	0.0
342	Евцера далматська	4	0	2	0.0
343	Ейлія іржава	8	0	2	0.0
344	Екдізон	5	0	1	0.0
345	Екологія комах	230	0	20	6.0
346	Елія гостроголова	112	0	11	4.0
347	Ембії	21	0	4	0.0
348	Емпуза	13	0	2	0.0
349	Емпуза піщана	36	0	3	1.0
350	Емпуза смугаста	55	0	12	2.0
351	Емпузові	3	0	2	0.0
352	Ентомологічна зброя	47	0	6	1.0
353	Ентомологічний музей Томаса Вітта	4	0	4	0.0
354	Ентомологічний сачок	26	0	8	1.0
355	Ентомологія	426	3	29	14.5
356	Ентомохорія	15	0	6	0.0
357	Ентоцид (Метаризин)	81	0	6	3.0
358	Еребіди	8	0	2	0.0
359	Ернст Людвиг Ташенберг	0	0	0	0.0
360	Євген Йоганн Крістоф Еспер	2	0	1	0.0
361	Жалібниця	141	1	18	4.0
362	Жало (тварин)	116	0	12	3.0
363	Жан Анрі Фабр	18	0	3	0.0
364	Жан Гійом Авдінет-Сервіль	8	0	3	0.0
365	Жирове тіло	188	1	26	5.0
366	Життєвий цикл комах	886	15	51	30.0
367	Жовтюх	10	0	5	0.0
368	Жовтюх альфакарець	8	0	2	0.0
369	Жовтюх Ерато	17	0	8	0.5
370	Жовтюх осьмак	7	0	1	0.0
371	Жовтюх помаранчик	8	0	1	0.0
372	Жовтюх торфовищний	27	0	5	1.0
373	Жовтюх Хрисотеміда	25	0	16	1.0
374	Жовтюх шапранець	8	0	2	0.0
375	Жужелиця дама	7	0	2	0.0
376	Жужелиця Шеврола	4	0	1	0.0
377	Жук малиновий	25	0	4	1.0
378	Жук музейний	8	0	2	0.0
379	Жук хлібний	62	0	8	2.0
380	Жук-Геркулес	93	0	8	3.0
381	Жук-носоріг європейський	272	1	20	8.5
382	Жук-олень	1303	16	106	37.5
383	Жук-самітник	40	0	6	1.0
384	Жуки-бомбардири	100	0	14	2.0
385	Жуки-гнойовики	842	8	52	27.5
386	Жуки-точильники	227	2	14	7.0
387	Жуки-хижаки	135	0	15	4.0
388	Заболонник	16	0	11	0.0
389	Заболонник грабовий	17	0	4	1.0
390	Загуляєв Олексій Костянтинович	3	0	1	0.0
391	Західна бурякова муха	10	0	4	0.0
392	Західний квітковий трипс	95	0	23	2.0
393	Зегрис Евфема	23	0	4	1.0
394	Зелена цитрусова попелиця	3	0	2	0.0
395	Зеленоочка	11	0	2	1.0
396	Земледухи	154	0	10	5.0
397	Зернова міль	18	0	3	1.0
398	Зерноїд бобовий	8	0	2	0.0
399	Зерноїд гороховий	32	0	4	1.0
400	Златка блискуча	23	0	4	1.0
401	Златка бронзова дубова	16	0	2	1.0
402	Златка смородинова вузькотіла	17	0	4	1.0
403	Златка чорна	11	0	3	0.0
404	Златки	44	0	7	1.0
405	Знойко Дмитро Васильович	13	0	2	1.0
406	Золотогуз	33	0	5	1.0
407	Золотоочки	414	1	46	11.0
408	Зораптери	5	0	2	0.0
409	Зоряниця Аврора	27	0	3	1.0
410	Зубарик стегнуватий	9	0	1	0.0
411	Зубарик чорнолапий	7	0	2	0.0
412	Іксодові кліщі	489	6	31	16.0
413	Імаго	363	3	22	11.0
414	Інсектициди	588	5	36	19.0
415	Ірис плямистий	53	0	7	1.0
416	Історія диптерології	5	0	2	0.0
417	Їздці	100	0	11	3.0
418	Їздці-іхневмоніди	22	0	5	1.0
419	Йоганн Гайнріх Гохгут	2	0	1	0.0
420	Йоганн Зігфрід Гуфнагель	6	0	2	0.0
421	Йоганн Ігнац Шіффермюллер	0	0	0	0.0
422	Йоганн Карл Вільгельм Іллігер	6	0	1	0.0
423	Йоганн Каспар Фюсслі	2	0	1	0.0
424	Йоганн Фрідріх Вільгельм Гербст	5	0	2	0.0
425	Казарка (комаха)	28	0	5	1.0
426	Каламеута жовта	7	0	2	0.0
427	Каліфориди	38	0	7	1.0
428	Каптурники	8	0	2	0.0
429	Карадрина	11	0	4	0.0
430	Каракурт	1289	17	103	37.0
431	Карл Пенеке	4	0	1	0.0
432	Касти комах	23	0	2	1.0
433	Катаптерикс кримський	4	0	1	0.0
434	Квіткоїд грушевий	15	0	2	1.0
435	Квіткоїд ріпаковий	15	0	2	1.0
436	Квіткоїд яблуневий	39	0	11	1.0
437	Кененії	19	0	2	1.0
438	Кератофаги	12	0	2	0.0
439	Кержнер Ізяслав Мойсейович	10	0	2	0.5
440	Кириченко Олександр Миколайович	11	0	3	0.0
441	Ківсяки	55	0	5	2.0
442	Кістянки	31	0	4	1.0
443	Клітра	24	0	19	0.0
444	Клітрини	5	0	1	0.0
445	Кліщ собачий	200	1	15	6.5
446	Кліщі	1248	11	76	38.0
447	Клоп грушевий	6	0	2	0.0
448	Клоп маврський	6	0	2	0.0
449	Клоп шкідлива черепашка	76	0	9	2.0
450	Клоп щавлевий	10	0	2	1.0
451	Клоп-арлекін	6	0	1	0.0
452	Клопи	737	14	41	23.0
453	Книжковий скорпіон	56	0	7	1.0
454	Кобилка (Прямокрилі)	24	0	3	1.0
455	Кобилка хрестова	18	0	3	1.0
456	Ковалик смугастий	32	0	6	1.0
457	Ковалики	132	0	13	4.0
458	Коконопряди	5	0	1	0.0
459	Коконопрядоподібні	1	0	1	0.0
460	Колемболи	103	0	16	3.0
461	Колорадський жук	993	14	62	31.5
462	Кольпа Клюге	4	0	2	0.0
463	Комар блискучий	12	0	3	0.0
464	Комар звичайний	420	3	30	12.0
465	Комарик черенковий	6	0	2	0.0
466	Комарі	1469	28	78	45.5
467	Комарівкові	3	0	1	0.0
468	Комахи	9511	103	617	297.0
469	Комахи в культурі	323	1	24	10.0
470	Комахозапилення	3167	35	233	105.5
471	Коник блакитнокрилий	22	0	6	0.0
472	Коник зелений	827	9	52	28.0
473	Кордулегастер кільчастий	16	0	5	0.0
474	Коренегриз звичайний	8	0	2	1.0
475	Коретра	16	0	4	0.0
476	Корнєєв Валерій Олексійович	62	0	9	2.0
477	Корнумутілія	7	0	6	0.0
478	Корнумутілія чотирисмуга	4	0	1	1.0
479	Короїд	188	0	13	6.0
480	Короїд зморшкуватий	12	0	3	0.0
481	Короїд непарний багатоїдний	14	0	3	1.0
482	Короїд непарний західний	37	0	6	1.0
483	Короїди	132	1	11	4.0
484	Коромисла	23	0	3	1.0
485	Коромисло (рід)	18	0	2	1.0
486	Коротковусі двокрилі	31	0	3	1.0
487	Коротковусі прямокрилі	22	0	3	0.0
488	Кортодера волохата	2	0	1	0.0
489	Коршунов Юрій Петрович	1	0	1	0.0
490	Косарики (ентомологія)	171	1	10	5.0
491	Косатцеві	39	0	4	1.0
492	Косатці	3	0	1	0.0
493	Косатцюваті	6	0	1	0.0
494	Костянтин Гормузакі	28	0	8	1.0
495	Краброніди	7	0	3	0.0
496	Кравчик-головач	34	0	4	1.0
497	Красновуска Маккара	3	0	3	0.0
498	Красотіл пахучий	72	0	6	2.5
499	Красуня блискуча кримська	22	0	5	1.0
500	Красуня діва	76	0	7	2.0
501	Кривовусі крихітки-молі	4	0	2	0.0
502	Крила комах	435	2	29	13.5
503	Крилаті комахи	110	0	12	4.0
504	Криптохіл червонуватий	3	0	1	0.0
505	Кровососка оленяча	17	0	4	1.0
506	Круглошовні мухи	8	0	2	0.0
507	Круліковський Леонід Костянтинович	5	0	3	0.0
508	Крупноголови	2	0	1	0.0
509	Ксєнжопольський Антон Владиславович	10	0	4	0.0
510	Ксилокопа	32	0	6	1.0
511	Ксилокопа звичайна	77	0	7	3.0
512	Ксилокопа райдужна	5	0	1	0.0
513	Ксилокопа фіолетова	33	0	5	1.0
514	Ктир велетенський	15	0	3	0.0
515	Ктир шершенеподібний	25	0	4	1.0
516	Ктирі	28	0	5	1.0
517	Кубіталія чорна	8	0	2	0.0
518	Кукуїформні	9	0	3	0.0
519	Кукуйоїдні	2	0	1	0.0
520	Кутикула безхребетних	243	2	20	6.0
521	Левкоринія білолоба	14	0	5	0.0
522	Легіт березовий	3	0	2	0.0
523	Легіт дубовий	6	0	1	0.0
524	Лептура	30	0	24	0.0
525	Лептура етіопка	2	0	1	0.0
526	Лептура золотиста	12	0	3	0.0
527	Лептура кривонога	4	0	3	0.0
528	Лептура червоноспинкова	3	0	2	0.0
529	Лептура чотирисмуга	3	0	2	0.0
530	Лептура-коримбія	14	0	10	0.0
531	Лептурини	12	0	4	0.0
532	Листоблішка грушева	21	0	5	1.0
533	Листоблішка зонтична	8	0	1	1.0
534	Листоблішка яблунева	12	0	2	0.5
535	Листоблішки	12	0	3	0.0
536	Листоїд в'язовий	36	0	4	1.0
537	Листоїд рудий	1	0	1	0.0
538	Листоїд фіолетовий вільховий	15	0	2	1.0
539	Листоїди	124	0	13	3.0
540	Листокрутка брунькова	9	0	3	0.0
541	Листокрутка вербова кривовуса	9	0	2	0.0
542	Листокрутка виноградна	10	0	1	0.0
543	Листокрутка вишнева	8	0	2	0.0
544	Листокрутка кривовуса ліщинова	6	0	1	0.0
545	Листокрутка кривовуса смородинова	10	0	2	0.0
546	Листокрутка полохлива	2	0	1	0.0
547	Листокрутка різноколірна плодова	6	0	3	0.0
548	Листокрутка розанова	13	0	2	0.0
549	Листокрутка свинцевосмугаста	3	0	1	0.0
550	Листокрутка сітчаста	9	0	2	1.0
551	Листокрутка строкато-золотиста	4	0	1	0.0
552	Листокрутка сунична	4	0	1	0.0
553	Лівшиц Іссахар Зельманович	10	0	3	0.0
554	Ліксус катрановий	5	0	2	0.0
555	Лімнефіліди	1	0	1	0.0
556	Лубоїд пістрявий ясеновий	15	0	2	1.0
557	Лук'янович Федір Костянтинович	5	0	2	0.0
558	Лунка срібляста	11	0	3	0.0
559	Луски	567	4	55	16.5
560	Лускокрилі	1989	24	123	65.5
561	Лускокрилі на поштових марках СРСР	10	0	2	0.0
562	Лусочниця звичайна	179	1	14	6.0
563	Людвіг Гангльбауер	1	0	1	0.0
564	Людовико ді Капоріакко	0	0	0	0.0
565	Лялечка	196	1	17	5.5
566	Ляміїні	8	0	5	0.0
567	Лярра анафемська	23	0	5	1.0
568	М'якотілки	18	0	5	0.0
569	Макрофія тевтонська	3	0	2	0.0
570	Максили	57	0	6	1.0
571	Мальпігієві судини	556	3	42	16.0
572	Малярійні комарі	112	0	8	4.0
573	Мандибули	82	0	11	2.0
574	Мантиспові	6	0	1	0.0
575	Мариковський Павло Іустинович	25	0	3	1.0
576	Маріо Бецці	1	0	1	0.0
577	Матка (бджільництво)	133	1	11	4.0
578	Махаон (комаха)	791	3	59	26.0
579	Мацумура Шенен	0	0	0	0.0
580	Мегалара гаруда	6	0	2	0.0
581	Мегасекоптери	0	0	0	0.0
582	Мегахілиди	7	0	2	0.0
583	Мей Беренбаум	6	0	2	0.0
584	Мереживниця Галатея	9	0	3	0.0
585	Мереживниця російська	4	0	2	0.0
586	Мертвоїди	26	0	5	1.0
587	Метелівкові	11	0	3	0.0
588	Мікангій	12	0	6	1.0
589	Міксофаги	7	0	3	0.0
590	Міль бурякова мінуюча	14	0	2	1.0
591	Міль деревоточцева	14	1	13	7.0
592	Міль довговуса зелена	13	0	3	1.0
593	Міль довговуса фіолетова	3	0	2	0.0
594	Міль зонтична	10	0	2	0.0
595	Міль капустяна	21	0	3	1.0
596	Міль листкова	7	0	2	0.0
597	Міль плодова	22	0	3	1.0
598	Міль серпокрила персикова	5	0	2	0.0
599	Міль цибулева	7	0	2	0.0
600	Міль яблунева	25	0	3	1.0
601	Мінери	12	0	4	0.0
602	Мінливець великий	32	0	6	1.0
603	Мінливець малий	7	0	1	0.0
604	Мінливець Метис	4	0	2	0.0
605	Мокреці	22	0	5	0.0
606	Мокржецький Сигізмунд Олександрович	19	0	2	1.0
607	Молі довговусі	5	0	2	0.0
608	Молі-строкатки	16	0	2	1.0
609	Мольорх малий	3	0	1	0.0
610	Монарх (метелик)	692	5	61	20.5
611	Морімус	12	0	6	0.0
612	Морімус блакитний	9	0	3	0.0
613	Морімус справжній	2	0	1	0.0
614	Морфо	155	1	14	4.0
615	Москіт	90	0	20	2.0
616	Москіти	138	0	56	2.0
617	Мотиль	239	0	23	7.0
618	Мурашиний лев звичайний	87	0	10	2.0
619	Мурашині леви	43	0	4	1.0
620	Мурашки	2602	7	180	85.0
621	Муха вишнева	20	0	4	1.0
622	Муха гессенська	24	0	3	1.0
623	Муха капустяна весняна	17	0	4	1.0
624	Муха кімнатна	1519	12	99	46.5
625	Муха морквяна	15	0	3	0.0
626	Мухи	810	10	46	25.0
627	Мухи-стрічкокрилки	14	0	3	0.0
628	Мухоловка звичайна	623	8	68	17.0
629	Надкрила	107	0	10	4.0
630	Наличник (біологія)	7	0	2	0.0
631	Настінні павуки-краби	4	0	2	0.0
632	Неместриніди	2	0	1	0.0
633	Непарний шовкопряд	52	0	7	1.0
634	Неуротома фауста	1	0	1	0.0
635	Нівелія кров'янистонадкрила	7	0	3	0.0
636	Німфа (біологія)	136	0	13	4.0
637	Новокрилі	72	0	6	3.0
638	Ноги комах	526	1	35	17.0
639	Ноліди	4	0	1	0.0
640	Носатки	4	0	1	0.0
641	Носачка-листовидка	19	0	3	0.5
642	Носачки	1	0	1	0.0
643	Нотум	8	0	2	0.0
644	Образцов Микола Сергійович	4	0	2	0.0
645	Оводи	368	1	29	12.5
646	Оглоблін Дмитро Олексійович	10	0	2	0.0
647	Оглоблін Олександр Олексійович	31	0	13	1.0
648	Одноденки	151	0	16	5.0
649	Однопорі	7	0	4	0.0
650	Оксамитниця аретуса	8	0	3	0.0
651	Оксамитниця Тарпея	3	0	1	0.0
652	Оксамитниця Ютта	4	0	2	0.0
653	Оліготоміди	3	0	1	0.0
654	Оматидій	31	0	6	1.0
655	Онтофаг	6	0	3	0.0
656	Опариш	193	2	13	6.0
657	Опістосома	6	0	2	0.0
658	Опостегіди	5	0	2	0.0
659	Орусус паразитичний	6	0	1	1.0
660	Орхідейний богомол	56	0	7	2.0
661	Оса	854	7	56	28.5
662	Осадець білозір	2	0	1	0.0
663	Осадець великий	10	0	2	0.0
664	Осадець Егерія	4	0	1	0.0
665	Осадець Мегера	7	0	2	0.0
666	Осмилоїди	2	0	1	0.0
667	Осмія руда	73	0	8	2.0
668	Очняк вовчок	6	0	1	0.0
669	Очняк волове око	29	0	9	1.0
670	Очняк жовтогарячий	4	0	1	0.0
671	Очняк квітковий	14	0	3	0.5
672	Очняк Лікаон	3	0	1	0.0
673	Очняк ферульний	3	0	2	0.0
674	П'явиця синя	17	0	3	0.0
675	П'ядун аґрусовий	18	0	3	0.5
676	П'ядун березовий	77	0	8	2.0
677	П'ядун зимовий	34	0	5	1.0
678	П'ядун обведений	7	0	2	0.0
679	П'ядун щавлевий	3	0	2	0.0
680	П'ядуни	70	0	12	2.0
681	Павук жовтий	156	1	12	5.0
682	Павук-краб	16	0	4	0.0
683	Павук-сріблянка	321	3	18	11.0
684	Павук-хрестовик	1039	12	58	35.5
685	Павуки	2770	53	152	84.5
686	Павуки роду Argiope	3	0	1	0.0
687	Павуки-краби	71	0	8	2.0
688	Павуки-тенетники	39	0	6	1.0
689	Павуки-шовкопряди	12	0	2	1.0
690	Павукоподібні	2386	36	148	80.5
691	Павутинні кліщі	44	0	4	1.0
692	Панцирні кліщі	31	0	4	1.0
693	Паперові оси	54	0	6	2.0
694	Паразитоформні кліщі	46	0	5	1.0
695	Пасманець Сапфо	7	0	1	1.0
696	Пасманець струмковий	3	0	1	0.0
697	Пауроподи	19	0	3	1.0
698	Пахіта	20	0	16	0.0
699	Пахіта смугаста	3	0	1	0.0
700	Пахіта чотириплямиста	2	0	1	0.0
701	Пацюкова блоха	47	0	4	1.0
702	Педикульоз	2145	42	118	68.0
703	Пелекоцера широколоба	4	0	2	0.0
704	Первиннобезкрилі комахи	89	0	7	3.0
705	Передньоспинка	6	0	1	0.5
706	Перетинчастокрилі	366	4	20	12.0
707	Періодичні цикади	69	0	7	2.0
708	Перлівець Геката	5	0	1	0.0
709	Перлівець Дафна	4	0	1	0.0
710	Перлівець Евномія	2	0	1	0.0
711	Перлівець Єфросина	5	0	2	0.0
712	Перлівець Іно	2	0	1	0.0
713	Перлівець малий	3	0	1	0.0
714	Перлівець північний	4	0	2	0.0
715	Перлівець Селена	10	0	4	0.0
716	Перлівець Титанія	1	0	1	0.0
717	Петрункевич Олександр Іванович	7	0	1	0.0
718	Печерний коник кавказький	2	0	1	0.0
719	Пилкоротиця південна	7	0	2	0.0
720	Пилкохвіст	3	0	1	0.0
721	Пилкохвіст Болдирева	25	0	3	1.0
722	Пилкохвіст український	25	0	5	0.0
723	Пилові кліщі	356	2	29	11.0
724	Пильщик березовий	7	0	2	0.0
725	Пильщики	55	0	6	2.0
726	Північна бурякова муха	13	0	5	0.0
727	Піґулочники	2	0	1	0.0
728	Підглотковий ганглій	5	0	3	0.5
729	Підсрібник Адиппа	4	0	1	0.0
730	Підсрібник великий	13	0	2	0.0
731	Підсрібник габовий	5	0	1	0.0
732	Підсрібник Лаодіка	4	0	2	0.0
733	Підсрібник Латонія	2	0	1	0.0
734	Підсрібник Ніобея	3	0	1	0.0
735	Підсрібник Пандора	9	0	4	0.0
736	Плавунець облямований	212	1	28	6.0
737	Плавунець широкий	32	0	3	1.0
738	Плавунцеві	441	0	34	13.5
739	Плавунці	14	0	2	1.0
740	Пластинчастовусі	86	0	15	2.0
741	Платтяна воша	324	1	18	10.5
742	Плішивий шершень	16	0	3	1.0
743	Плодожерка яблунева	48	0	6	1.0
744	Плоский червоний кліщ	6	0	1	0.5
745	Плоскотілка червона	14	0	3	0.0
746	Плоскотілки	7	0	2	0.0
747	Плоскоходи	8	0	2	0.0
748	Політ комах	132	0	15	4.0
749	Пономаренко Олександр Георгійович	1	0	1	0.0
750	Попелиці	793	6	44	28.5
751	Попелиця баштанна	44	0	6	2.0
752	Порчинський Йосип Алоїзович	9	0	1	1.0
753	Примарові	169	0	12	5.5
754	Принц Яків Іванович	37	0	30	1.0
755	Прихованохоботник стебловий капустяний	22	0	5	1.0
756	Прихованощелепні	18	0	4	0.0
757	Проноцера вузькотіла	4	0	1	0.0
758	Просте око у безхребетних	51	0	7	2.0
759	Прочанок	2	0	1	0.0
760	Прочанок Арканія	4	0	1	0.0
761	Прочанок болотяний	2	0	1	0.0
762	Прочанок Глікеріон	2	0	1	0.0
763	Прочанок Едип	2	0	1	0.0
764	Прочанок Леандр	3	0	1	0.0
765	Прочанок памфіл	27	0	6	1.0
766	Прус італійський	51	0	13	1.0
767	Прусак	74	0	7	2.0
768	Прусак рудий	221	2	13	7.0
769	Прямокрилі	250	2	14	9.0
770	Псарус черевастий	5	0	2	0.0
771	Псевдоскорпіони	108	0	14	3.0
772	Псевдофаенопс Якобсона	3	0	1	0.0
773	Псевдощитівки	16	0	6	0.0
774	Птахокрилка королеви Олександри	61	0	12	2.0
775	Птеростих	6	0	1	0.0
776	Пухоїди	31	0	3	1.0
777	Ранатра звичайна	9	0	2	0.0
778	Рафідофориди	4	0	1	0.0
779	Редувіїди	19	0	2	1.0
780	Рицинулеї	10	0	2	1.0
781	Рівнокрилі	112	0	15	4.0
782	Рівнокрилі бабки	79	0	7	3.0
783	Різнокрилі	60	0	6	2.0
784	Ріодініди	2	0	2	0.0
785	Рогач малий	26	0	5	1.0
786	Рогачі	52	0	6	2.0
787	Рогохвіст-авгур	8	0	2	0.0
788	Рогохвости	5	0	1	0.0
789	Родендорф Борис Борисович	0	0	0	0.0
790	Розкішні вузькокрилі молі	0	0	0	0.0
791	Ротовий апарат комах	1143	16	90	37.5
792	Руднєв Дмитро Федорович	1	0	1	0.0
793	Рябець Аврелія	4	0	2	0.0
794	Рябець Авринія	6	0	2	0.0
795	Рябець арденнський	3	0	1	0.0
796	Рябець Аталія	3	0	1	0.0
797	Рябець Бритомартида	1	0	1	0.0
798	Рябець великий	5	0	2	0.0
799	Рябець діаміна	2	0	1	0.0
800	Рябець звичайний	5	0	2	0.0
801	Рябець рудий	2	0	1	0.0
802	Рябець Феба	3	0	1	0.0
803	Рябець червоний	7	0	2	1.0
804	Сарана	631	9	39	20.5
805	Сарана марокська	22	0	6	1.0
806	Сарана перелітна	276	1	24	9.0
807	Саранові	27	0	5	1.0
808	Саркофагіди	19	0	3	1.0
809	Сатир боровий	6	0	2	0.0
810	Сатир боровий південний	4	0	1	0.0
811	Сатир Брісеїда	3	0	1	0.0
812	Сатир буковий	5	0	1	0.0
813	Сатир Герміона	5	0	2	0.0
814	Сатир Дріада	5	0	2	0.0
815	Сатир Персефона	6	0	1	1.0
816	Сатир Цирцея	11	0	2	0.0
817	Сатурнієві	32	0	6	1.0
818	Сатурнія (метелик)	8	0	2	0.0
819	Сатурнія велика	113	1	11	3.0
820	Світлякові	192	2	17	6.0
821	Сидячечеревні	20	0	2	1.0
822	Сизириди	4	0	1	0.0
823	Симфіли	10	0	2	0.0
824	Синдром руйнування колоній	41	0	4	1.0
825	Синявець Алькон	8	0	2	0.5
826	Синявець Альцет	3	0	1	0.0
827	Синявець Антерос	3	0	1	0.0
828	Синявець Аргирогномон	5	0	1	0.0
829	Синявець Аргіад	2	0	1	0.0
830	Синявець Аргус	4	0	2	0.0
831	Синявець Аріон	6	0	2	0.0
832	Синявець вицвілий	3	0	1	0.0
833	Синявець Вікрама	3	0	1	0.0
834	Синявець голуб'як	5	0	2	0.0
835	Синявець гороховий	10	0	2	0.0
836	Синявець Дамон	3	0	1	0.0
837	Синявець Дамоне	3	0	2	0.0
838	Синявець евмедон	4	0	2	0.0
839	Синявець Ідас	5	0	1	0.0
840	Синявець Ікар	24	0	4	0.5
841	Синявець карликовий	4	0	1	0.0
842	Синявець конюшиновий	8	0	2	0.0
843	Синявець Коридон	2	0	1	0.0
844	Синявець кримський	2	0	1	0.0
845	Синявець крушиновий	5	0	2	0.0
846	Синявець Мелеагр	4	0	2	0.0
847	Синявець Озиріс	3	0	1	0.0
848	Синявець Оріон	2	0	1	0.0
849	Синявець Піритой	4	0	1	0.0
850	Синявець приязний	8	0	2	0.0
851	Синявець Рипарта	3	0	1	0.0
852	Синявець Телей	6	0	1	0.0
853	Синявець темно-синій	6	0	2	0.0
854	Синявець Терсит	3	0	1	0.0
855	Синявець торфовищний	4	0	1	0.0
856	Синявець туркусовий	3	0	1	0.0
857	Синявець хазарський	3	0	1	0.0
858	Синявець чорнуватий	5	0	1	0.0
859	Синявцеві	31	0	7	1.0
860	Сирф перев'язаний	11	0	1	0.0
861	Система Комстока-Нідема	3	0	1	0.0
862	Систематичний перелік родин жуків світу	28	0	5	1.0
863	Сінниця Геро	10	0	1	1.0
864	Сіноїди	16	0	3	1.0
865	Сітчастокрилі	50	0	6	1.0
866	Скарабей	59	0	6	2.0
867	Скарабей священний	716	10	49	20.5
868	Сколія-гігант	54	0	6	1.0
869	Сколопендра	337	2	21	11.0
870	Сколопендра гігантська	71	0	9	2.0
871	Сколопендра кільчаста	44	0	5	1.0
872	Сколопендра товста	3	0	1	0.0
873	Скорпіон кримський	47	0	6	2.0
874	Скорпіони	1412	19	80	45.5
875	Скорпіонові мухи	34	0	4	1.0
876	Слимакоїд кримський	28	0	3	1.0
877	Сліпняк буряковий	9	0	2	1.0
878	Сліпняк люцерновий	21	0	4	1.0
879	Слоник люцерновий	20	0	5	1.0
880	Совинський Вадим Васильович	3	0	1	0.0
881	Совка Агриппіна	27	0	4	1.0
882	Совка капустяна	22	0	2	1.0
883	Совка озима	87	0	11	2.0
884	Совка пірамідальна	10	0	2	0.0
885	Совка соснова	24	0	4	1.0
886	Совка-гамма	36	0	5	1.0
887	Совки	89	1	7	3.0
888	Совки-п'ядуни	6	0	2	0.0
889	Сольпуга звичайна	75	0	18	1.5
890	Сольпуги	260	1	32	6.0
891	Соміти	251	1	17	7.0
892	Сонечка	3349	47	198	107.0
893	Сонечко двокрапкове	144	1	9	5.0
894	Сонечко семикрапкове	953	11	75	28.5
895	Сонцевик адмірал	68	0	7	2.0
896	Сонцевик будяковий	63	0	6	2.0
897	Сонцевик кропив'яний	143	0	11	4.5
898	Сонцевик павиче око	308	1	27	9.0
899	Сонцевик фау-біле	8	0	4	0.0
900	Сонцевики	83	0	10	2.0
901	Сонцевичок змінний	19	0	4	1.0
902	Список аністид України	3	0	1	1.0
903	Список бабок Польщі	2	0	1	0.0
904	Список бабок Росії	0	0	0	0.0
905	Список бабок України	82	0	8	3.0
906	Список богомолів Алжиру	3	0	1	0.0
907	Список богомолів В'єтнаму	2	0	1	0.0
908	Список богомолів Європи	9	0	3	0.0
909	Список богомолів Непалу	0	0	0	0.0
910	Список богомолів Північної Македонії	0	0	0	0.0
911	Список богомолів України	134	1	10	4.0
912	Список богомолів Шрі-Ланки	0	0	0	0.0
913	Список видів бджіл Ізраїлю	6	0	1	0.0
914	Список видів бджіл Швеції	1	0	1	0.0
915	Список видів джмелів України	37	0	6	1.0
916	Список видів мурах Грузії	7	0	2	0.0
917	Список видів мурах Данії	2	0	1	0.0
918	Список видів мурах Польщі	2	0	1	0.0
919	Список видів мурах роду Camponotus	1	0	1	0.0
920	Список видів мурах роду Crematogaster	2	0	1	0.5
921	Список видів мурах Росії	0	0	0	0.0
922	Список видів мурах України	215	0	19	7.5
923	Список видів мурах Швеції	0	0	0	0.0
924	Список видів мурах Шрі-Ланки	8	0	4	0.0
925	Список видів роду джміль	6	0	2	0.0
926	Список видів роду Aedes	1	0	1	0.0
927	Список видів роду Cicindela	3	0	2	0.0
928	Список вимерлих комах	4	0	1	0.0
929	Список вуховерток України	14	0	2	1.0
930	Список двокрилих Польщі	24	0	4	1.0
931	Список денних метеликів Азербайджану	1	0	1	0.0
932	Список денних метеликів Алжиру	0	0	0	0.0
933	Список денних метеликів Вірменії	7	0	2	0.0
934	Список денних метеликів Ірану	2	0	1	0.0
935	Список денних метеликів Намібії	0	0	0	0.0
936	Список денних метеликів Російської Федерації	2	0	1	0.0
937	Список денних метеликів Санкт-Петербурга і Ленінградської області	1	0	1	0.0
938	Список денних метеликів Туреччини	2	0	1	0.0
939	Список денних метеликів України	777	6	47	25.5
940	Список денних метеликів Швеції	0	0	0	0.0
941	Список клопів України	0	0	0	0.0
942	Список комах, занесених до Червоної книги України	456	2	33	14.0
943	Список лускокрилих Австрії	1	0	1	0.0
944	Список лускокрилих Албанії	0	0	0	0.0
945	Список лускокрилих Андорри	2	0	1	0.0
946	Список лускокрилих Бахрейну	26	2	24	13.0
947	Список лускокрилих Бельгії	1	0	1	0.0
948	Список лускокрилих Білорусі	0	0	0	0.0
949	Список лускокрилих Болгарії	1	0	1	0.0
950	Список лускокрилих Боснії і Герцеговини	0	0	0	0.0
951	Список лускокрилих Греції	1	0	1	0.0
952	Список лускокрилих Данії	1	0	1	0.0
953	Список лускокрилих Естонії	3	0	2	0.0
954	Список лускокрилих Ірану	4	0	2	0.0
955	Список лускокрилих Кенії	5	0	2	0.0
956	Список лускокрилих Кіпру	4	0	2	0.0
957	Список лускокрилих Латвії	0	0	0	0.0
958	Список лускокрилих Литви	1	0	1	0.0
959	Список лускокрилих Ліхтенштейну	0	0	0	0.0
960	Список лускокрилих Люксембургу	1	0	1	0.0
961	Список лускокрилих Молдови	1	0	1	0.0
962	Список лускокрилих Намібії	5	0	2	0.0
963	Список лускокрилих Норвегії	2	0	1	0.0
964	Список лускокрилих Острова Пасхи	2	0	1	0.0
965	Список лускокрилих Островів Святої Єлени, Вознесіння і Тристан-да-Кунья	0	0	0	0.0
966	Список лускокрилих Північної Македонії	5	0	5	0.0
967	Список лускокрилих Польщі	1	0	1	0.0
968	Список лускокрилих Російської Федерації	7	0	2	0.0
969	Список лускокрилих Румунії	5	0	5	0.0
970	Список лускокрилих Сербії, Чорногорії та Косова	0	0	0	0.0
971	Список лускокрилих Словаччини	5	0	5	0.0
972	Список лускокрилих Танзанії	12	0	3	0.5
973	Список лускокрилих Угорщини	0	0	0	0.0
974	Список лускокрилих України	55	0	6	2.0
975	Список лускокрилих Фінляндії	1	0	1	0.0
976	Список лускокрилих Хорватії	2	0	1	0.0
977	Список лускокрилих Чехії	5	0	5	0.0
978	Список лускокрилих Швеції	2	0	1	0.0
979	Список лускокрилих Шрі-Ланки	3	0	2	0.0
980	Список метеликів родини Coleophoridae Туреччини	1	0	1	0.0
981	Список молей Туреччини	1	0	1	0.0
982	Список павуків Польщі	22	0	5	1.0
983	Список павуків Шрі-Ланки	6	0	2	0.0
984	Список прямокрилих України	34	0	7	1.5
985	Список скорпіонів Шрі-Ланки	4	0	1	0.0
986	Список совок Туреччини	4	0	3	0.0
987	Список тарганів Польщі	2	0	1	0.0
988	Список турунів Білорусі	5	0	2	0.0
989	Список турунів Естонії	5	0	2	0.0
990	Список турунів Молдови	4	0	1	0.0
991	Справжні ківсяки	7	0	3	0.0
992	Справжні клопи	150	0	11	5.0
993	Справжні коники	673	11	41	22.5
994	Справжні оси	16	0	2	1.0
995	Справжні попелиці	92	0	10	2.0
996	Справжні цвіркуни	114	0	11	3.0
997	Стафілін волохатий	14	0	4	0.0
998	Стафілін пахучий	25	0	3	1.0
999	Стебельчасточеревні	25	0	3	1.0
1000	Стенідея Ґенея	1	0	1	0.0
1001	Стенурелла	20	0	18	0.0
1002	Стерніт	45	0	7	1.0
1003	Странгалія	12	0	10	0.0
1004	Странґаліна вузькотіла	2	0	1	0.0
1005	Стрибуни	10	0	3	0.0
1006	Стрілка (бабка)	7	0	1	0.0
1007	Стрілка Ліндена	18	0	3	1.0
1008	Стрілка Меркурія	19	0	3	1.0
1009	Стрілки (родина)	16	0	2	0.0
1010	Стрільчатка псі	5	0	2	0.0
1011	Стрільчатка тризубець	3	0	1	0.0
1012	Стрільчатка щавлева	4	0	1	0.0
1013	Стрічкарка диз'юнктивна	1	0	1	0.0
1014	Стрічкарка Камілла	3	0	1	0.0
1015	Стрічкарка орденська малинова	17	0	4	1.0
1016	Стрічкарка тополева	13	0	4	1.0
1017	Стрічкарка червоно-жовта	1	0	1	0.0
1018	Стрічкарки	5	0	2	0.0
1019	Строкатки (метелики)	27	0	5	1.0
1020	Строкатокрилки	15	0	3	1.0
1021	Судова ентомологія	19	0	4	0.0
1022	Тагма	7	0	2	0.0
1023	Тарантул	749	12	40	26.0
1024	Тарантул південноруський	393	3	24	13.0
1025	Тарган чорний	125	0	10	4.0
1026	Таргани	952	12	53	30.5
1027	Тарганові перегони	18	0	3	0.0
1028	Тарганоподібні	23	0	3	1.0
1029	Твердокрилі	971	9	59	31.0
1030	Теленга Микола Абрамович	18	0	3	1.0
1031	Тельсон	16	0	4	1.0
1032	Тенебріоноїдні	7	0	2	0.0
1033	Теодор Генрі Фрісон	2	0	1	0.0
1034	Тер-Мінасян Маргарита Єрвандівна	7	0	2	1.0
1035	Тергіт	30	0	7	1.0
1036	Терміти	553	5	36	18.0
1037	Тетригіди	2	0	2	0.0
1038	Товкунчикові	1	0	1	0.0
1039	Томарес Каллімах	2	0	1	0.0
1040	Томас Волластон	1	0	1	0.0
1041	Тонкі ківсяки	4	0	1	0.0
1042	Тонкопряди	4	0	3	0.0
1043	Тонкочеревець Фонсколомба	12	0	3	1.0
1044	Торакс (зоологія)	37	0	6	1.0
1045	Трахеї	380	2	64	10.0
1046	Трахейнодишні	29	0	4	1.0
1047	Триктенотоміди	5	0	2	0.0
1048	Трипси	90	0	10	3.0
1049	Тріскачка ширококрила	4	0	2	0.0
1050	Тромбідіформні кліщі	14	0	2	0.0
1051	Трубкокрут дубовий	15	0	5	0.0
1052	Трубкокрути	28	0	10	0.0
1053	Трубконосики	0	0	0	0.0
1054	Трутень	484	8	26	15.5
1055	Турун	362	2	29	11.5
1056	Турун бесарабський	4	0	2	0.0
1057	Турун Менетріє	9	0	3	0.0
1058	Турун печерний Дублянського	2	0	1	0.0
1059	Турун угорський	12	0	2	0.0
1060	Турун Фабра	5	0	1	0.0
1061	Турун Фабра український	73	0	6	2.0
1062	Турун хлібний	45	0	5	1.0
1063	Турун Щеглова	1	0	1	0.0
1064	Туруни	438	2	36	14.0
1065	Туруноїдні	8	0	2	0.0
1066	Уваров Борис Петрович	9	0	3	1.0
1067	Фасеткове око	207	1	20	5.0
1068	Філіпп Христоф Целлер	28	3	25	14.0
1069	Філоксера виноградна	166	1	19	4.0
1070	Фредерік Мур	2	0	2	0.0
1071	Френсіс Песко	2	0	1	0.0
1072	Хвостюшки	5	0	1	0.0
1073	Хвостюшок акацієвий	3	0	1	0.0
1074	Хвостюшок в'язовий	4	0	1	0.0
1075	Хвостюшок падубник	2	0	1	0.0
1076	Хвостюшок підзелень	9	0	2	0.0
1077	Хвостюшок сливовий	5	0	1	0.0
1078	Хвостюшок терновий	4	0	1	0.0
1079	Хижі жуки	431	0	35	13.0
1080	Хітин	869	17	47	28.0
1081	Хоботкові метелики	12	0	2	0.0
1082	Хореутиди	4	0	2	0.0
1083	Хребтоплав звичайний	15	0	3	1.0
1084	Хризоліна	12	0	6	0.0
1085	Хризомеліни	6	0	2	0.0
1086	Хрущ	447	4	40	12.0
1087	Хрущ волохатий	48	0	6	2.0
1088	Хрущ мармуровий	55	0	8	2.0
1089	Хрущ травневий	1834	6	228	45.5
1090	Хрущак борошняний	69	0	7	2.0
1091	Хрущі	74	0	14	2.0
1092	Царічкова Діана Борисівна	2	0	2	0.0
1093	Цвіркун польовий	181	1	15	5.0
1094	Цвіркуни	145	0	12	4.5
1095	Целонітес абревіатус кримський	2	0	1	0.0
1096	Церамбікоїдні	11	0	5	0.0
1097	Цератофій багаторогий	24	0	3	1.0
1098	Цеце	458	5	27	14.0
1099	Цикади	276	3	23	8.0
1100	Цикадки	14	0	5	0.0
1101	Чарльз Ротшильд	7	0	2	0.0
1102	Чекініола пластисцелідина	20	0	4	1.0
1103	Червеці	32	0	7	1.0
1104	Червець	248	3	17	8.0
1105	Червиця пахуча	15	0	4	0.5
1106	Червневий хрущ	43	0	6	1.0
1107	Червоноклоп червоний	559	2	55	17.0
1108	Червонолоб	5	0	1	0.0
1109	Червчик Комстока	4	0	1	0.0
1110	Черевце	70	0	14	2.0
1111	Черевце комах	123	0	9	4.0
1112	Чорнотілки	69	0	7	2.0
1113	Чохликові молі	6	0	2	0.0
1114	Чубатка пишновуса	5	0	3	0.0
1115	Шапіро Дора Самійлівна	8	0	3	0.0
1116	Шведські мухи	38	0	4	1.0
1117	Шелюжко Лев Андрійович	28	0	5	1.0
1118	Шершень	500	3	34	17.0
1119	Шершень звичайний	129	0	18	4.0
1120	Шершень східний	17	0	3	0.5
1121	Шизоміди	17	0	2	1.0
1122	Шкіроїди	51	0	5	2.0
1123	Шовкопряд салатний	23	0	14	0.0
1124	Шовкопряд шовковичний	496	5	35	13.0
1125	Шовкопряди	22	0	3	1.0
1126	Шовкопряди похідні	15	0	3	1.0
1127	Щербатка c-біле	17	0	2	1.0
1128	Щетинкохвості	27	0	5	1.0
1129	Щитівки	39	0	4	1.0
1130	Щитники	29	0	3	1.0
1131	Щупальця	44	0	8	1.0
1132	Явище флюоресценції у скорпіонів	6	0	1	0.0
1133	Яйцеклад	30	0	3	1.0
1134	Aaaba	9	0	1	0.5
1135	Aaata finchi	3	0	1	0.0
1136	Abax	11	0	5	0.0
1137	Abiromorphus anceyi	9	0	7	0.0
1138	Ableptina	3	0	1	0.0
1139	Acalyptratae	6	0	1	0.0
1140	Acanthaeschna victoria	9	0	2	0.0
1141	Acantholycosa	1	0	1	0.0
1142	Acanthopsychops triaina	0	0	0	0.0
1143	Acanthopteroctetidae	4	0	1	0.0
1144	Aconurella	2	0	1	0.0
1145	Acorius	3	0	1	0.0
1146	Acostemminae	2	0	1	0.0
1147	Acraea horta	4	0	1	0.0
1148	Acromyrmex	2	0	1	0.0
1149	Acronicta	2	0	1	0.0
1150	Actenicerus	3	0	1	0.0
1151	Actenicerus alternatus	2	0	1	0.0
1152	Adela croesella	2	0	1	0.0
1153	Adela cuprella	2	0	1	0.0
1154	Adelomyrmex	2	0	1	0.0
1155	Adelowalkeria	3	0	1	0.0
1156	Adelpholeon lithophorus	0	0	0	0.0
1157	Adosomus	4	0	1	0.0
1158	Adosomus roridus	3	0	1	0.0
1159	Adrapsa	2	0	1	0.0
1160	Adrapsoides	3	0	1	0.0
1161	Aedes	42	0	5	1.0
1162	Aedes aegypti	9	0	2	0.0
1163	Aedes albopictus	16	0	3	0.0
1164	Aedes dorsalis	3	0	1	0.0
1165	Aedes nigromaculis	2	0	1	0.0
1166	Aenictus	3	0	1	0.0
1167	Aethiocarenus burmanicus	2	0	1	0.0
1168	Afghanocleonus	2	0	1	0.0
1169	Afrolarinus	2	0	1	0.0
1170	Agabinae	5	0	1	0.0
1171	Agapanthia amicula	2	0	1	0.0
1172	Agapanthia angelicae	2	0	1	0.0
1173	Agapanthia annularis	2	0	1	0.0
1174	Agapanthia asphodeli	3	0	1	0.0
1175	Agapanthia detrita	3	0	1	0.0
1176	Agapanthia pesarinii	2	0	1	0.0
1177	Agelenidae	22	0	4	1.0
1178	Agelenoidea	5	0	2	0.0
1179	Ageleradix	1	0	1	0.0
1180	Ageleradix cymbiforma	2	0	1	0.0
1181	Ageleradix otiforma	1	0	1	0.0
1182	Agonum	11	0	8	0.0
1183	Agonum dolens	4	0	1	0.0
1184	Agonum ericeti	2	0	1	0.0
1185	Agonum gracilipes	4	0	1	0.0
1186	Agonum lugens	3	0	1	0.0
1187	Agonum sexpunctatum	4	0	2	0.0
1188	Agonum versutum	4	0	1	0.0
1189	Agraeciini	3	0	1	0.0
1190	Agraulis vanillae	8	0	2	0.0
1191	Agrilus	5	0	2	0.0
1192	Aguriahana	2	0	1	0.0
1193	Albicostella	3	0	1	0.0
1194	Alcidion	1	0	1	0.0
1195	Alebra	2	0	1	0.0
1196	Alelimma	2	0	1	0.0
1197	Aleocharinae	6	0	1	0.0
1198	Allantinae	3	0	1	0.0
1199	Allolarinus	2	0	1	0.0
1200	Alobaldia	2	0	1	0.0
1201	Alpigenobombus	2	0	1	0.0
1202	Alucita bulgaria	2	0	1	0.0
1203	Alucita desmodactyla	2	0	1	0.0
1204	Alucita karadagica	3	0	1	0.0
1205	Alucita pliginskii	1	0	1	0.0
1206	Alysiinae	4	0	1	0.0
1207	Amarixys	6	0	2	0.0
1208	Amarixys gracilis	4	0	1	0.0
1209	Ameles	4	0	1	0.0
1210	Ameles assoi	1	0	1	0.0
1211	Ameles decolor	2	0	1	0.0
1212	Ameles fasciipennis	1	0	1	0.0
1213	Ameles gracilis	2	0	1	0.0
1214	Ameles limbata	2	0	1	0.0
1215	Ameles spallanzania	4	0	1	0.0
1216	Amelinae	3	0	1	0.0
1217	Amelini	2	0	1	0.0
1218	Amimenus	3	0	1	0.0
1219	Ammocleonus	3	0	1	0.0
1220	Amselina cedestiella	5	0	2	0.5
1221	Analgoidea	1	0	1	0.0
1222	Anaplectoides	2	0	1	0.0
1223	Anapoma	2	0	1	0.0
1224	Anareolatae	3	0	1	0.0
1225	Aneuretus simoni	2	0	1	0.0
1226	Anomala binotata	2	0	1	0.0
1227	Anomaloninae	8	0	3	0.0
1228	Anopheles	108	0	10	3.0
1229	Anopheles (підрід)	4	0	2	0.0
1230	Anopheles freeborni	5	0	1	0.0
1231	Anopheles minor	2	0	1	0.0
1232	Anoplognathini	3	0	1	0.0
1233	Anoplura	90	1	7	3.0
1234	Anthobiodes	2	0	1	0.0
1235	Anthophila abhasica	2	0	1	0.0
1236	Anthrenus	6	0	1	0.0
1237	Apamea	5	0	1	0.0
1238	Apamea barbara	2	0	1	0.0
1239	Apamea glenura	2	0	1	0.0
1240	Apameini	1	0	1	0.0
1241	Aparotopus	3	0	1	0.0
1242	Aphelinidae	9	0	2	0.0
1243	Aphidiinae	6	0	1	0.0
1244	Aphidoletes	2	0	1	0.0
1245	Aphis	10	0	2	0.0
1246	Aphis baccharicola	3	0	1	0.0
1247	Aphonopelma bacadehuachi	13	0	13	0.0
1248	Aphthartopsychops scutatus	0	0	0	0.0
1249	Aphthona herbigrada	2	0	1	0.0
1250	Aphthona melancholica	3	0	1	0.0
1251	Aplesilus	3	0	1	0.0
1252	Apleurus	4	0	1	0.0
1253	Apoditrysia	2	0	1	0.0
1254	Apoidea	27	0	3	1.0
1255	Aprosthema	6	0	2	0.0
1256	Aptenoperissus	1	0	1	0.0
1257	Aptenoperissus etius	1	0	1	0.0
1258	Aptenoperissus magnifemoris	0	0	0	0.0
1259	Aptenoperissus pusillus	2	0	1	0.0
1260	Apteromantis	2	0	1	0.0
1261	Apteromantis aptera	1	0	1	0.0
1262	Apteropeda	3	0	1	0.0
1263	Araneoidea	4	0	1	0.0
1264	Arbelana	2	0	1	0.0
1265	Arboridia	2	0	1	0.0
1266	Archaeocercus schuvachinae	1	0	1	0.0
1267	Archaeolepis mane	2	0	1	0.0
1268	Archiearinae	5	0	1	0.0
1269	Archiinocellia oligoneura	2	0	1	0.0
1270	Architendipedidae	3	0	1	0.0
1271	Archizelmiridae	3	0	2	0.0
1272	Archocyrtus	1	0	1	0.0
1273	Archocyrtus kovalevi	1	0	1	0.0
1274	Arctiinae	1	0	1	0.0
1275	Arctoperlaria	2	0	1	0.0
1276	Arge pallidinervis	3	0	1	0.0
1277	Argema	5	0	2	0.0
1278	Argema mittrei	20	0	5	1.0
1279	Argiope	48	0	5	2.0
1280	Argiope aemula	4	0	1	0.0
1281	Argiope aetheroides	4	0	1	0.5
1282	Argiope amoena	5	0	1	0.0
1283	Argiope anasuja	4	0	1	0.0
1284	Argiope argentata	1	0	1	0.0
1285	Argiope aurantia	7	0	3	0.0
1286	Argiope boesenbergi	3	0	2	0.5
1287	Argiope catenulata	3	0	1	0.0
1288	Argiope chloreis	2	0	1	0.0
1289	Argiope dang	3	0	1	0.0
1290	Argiope doleschalli	1	0	1	0.0
1291	Argiope hoiseni	0	0	0	0.0
1292	Argiope lobata	91	1	7	3.0
1293	Argiope mangal	1	0	1	0.0
1294	Argiope minuta	4	0	2	0.0
1295	Argiope modesta	1	0	1	0.0
1296	Argiope ocula	4	0	1	0.0
1297	Argiope perforata	2	0	2	0.0
1298	Argiope picta	2	0	1	0.0
1299	Argiope pulchella	1	0	1	0.0
1300	Argiope reinwardti	2	0	1	0.0
1301	Argiope trifasciata	2	0	2	0.0
1302	Argynnini	2	0	1	0.0
1303	Argyresthia albistria	1	0	1	0.0
1304	Argyresthia bergiella	1	0	1	0.0
1305	Argyresthia bonnetella	4	0	3	0.0
1306	Argyresthia brockeella	12	0	11	0.0
1307	Argyresthia conjugella	1	0	1	0.0
1308	Argyresthia fundella	8	0	2	0.0
1309	Argyresthia glabratella	1	0	1	0.0
1310	Argyresthia goedartella	1	0	1	0.0
1311	Argyresthia illuminatella	1	0	1	0.0
1312	Argyresthia ivella	2	0	1	0.0
1313	Argyresthia laevigatella	1	0	1	0.0
1314	Argyresthia praecocella	1	0	1	0.0
1315	Argyresthia pruniella	1	0	1	0.0
1316	Argyresthia pygmaeella	1	0	1	0.0
1317	Argyresthia retinella	3	0	1	0.0
1318	Argyresthia semifusca	1	0	1	0.0
1319	Argyresthia sorbiella	2	0	1	0.0
1320	Argyrotaenia brimuncus	1	0	1	0.0
1321	Aricia artaxerxes	7	0	2	0.0
1322	Arractocetus	2	0	1	0.0
1323	Aruena apicimaculata	3	0	1	0.0
1324	Ascalenia viviparella	2	0	1	0.0
1325	Ascouracaridae	1	0	1	0.0
1326	Asiarge	2	0	1	0.0
1327	Asiarge centralis	3	0	1	0.0
1328	Asiarge regeli	2	0	1	0.0
1329	Asinocleonus	2	0	1	0.0
1330	Asiochaoboridae	2	0	1	0.0
1331	Asphondylia	1	0	1	0.0
1332	Aspidiotinae	2	0	1	0.0
1333	Asproparthenis	4	0	1	0.0
1334	Atactogaster	2	0	1	0.0
1335	Atherigoninae	7	0	2	0.0
1336	Athysanella	2	0	1	0.0
1337	Athysanopsis	3	0	1	0.0
1338	Athysanus	2	0	1	0.0
1339	Atolmis rubricollis	4	0	1	0.0
1340	Atrax sutherlandi	3	0	1	0.0
1341	Atta	10	0	2	1.0
1342	Atta cephalotes	3	0	1	0.0
1343	Atta colombica	1	0	1	0.0
1344	Atta texana	1	0	1	0.0
1345	Atta vollenweideri	3	0	1	0.0
1346	Attacus atlas	82	0	10	2.5
1347	Attercopus fimbriunguis	4	0	1	0.0
1348	Austroasca	2	0	1	0.0
1349	Austroplatypus incompertus	6	0	1	0.5
1350	Autostichidae	5	0	1	0.0
1351	Azteca alfari	2	0	1	0.0
1352	Aztecarpalus	2	0	1	0.0
1353	Balclutha	2	0	1	0.0
1354	Balinskycercella	4	0	1	0.0
1355	Bambusana	2	0	1	0.0
1356	Bangasternus	2	0	1	0.0
1357	Baranowskiella ehnstromi	1	0	1	0.0
1358	Barbitistes constrictus	5	0	1	0.5
1359	Barbitistini	3	0	1	0.0
1360	Bathyphlebia	3	0	1	0.0
1361	Batrachedra pinicolella	2	0	1	0.0
1362	Batrachedra praeangusta	1	0	1	0.0
1363	Batrachedridae	2	0	1	0.0
1364	Batrisini	3	0	1	0.0
1365	Bedellia	21	0	20	0.0
1366	Belgica antarctica	47	0	6	1.0
1367	Bellinympha	0	0	0	0.0
1368	Besuchetiella	2	0	1	0.0
1369	Blaberidae	15	0	2	1.0
1370	Blastobasis phycidella	1	0	1	0.0
1371	Blastobasis ponticella	1	0	1	0.0
1372	Blattellidae	11	0	3	0.0
1373	Blattuloidea	1	0	1	0.0
1374	Blepharodinae	3	0	1	0.0
1375	Blepharopsis mendica	5	0	1	0.0
1376	Bobacella	4	0	1	0.0
1377	Bocana	2	0	1	0.0
1378	Bodemeyeria	2	0	1	0.0
1379	Boganiidae	1	0	1	0.0
1380	Boletobiinae	2	0	1	0.0
1381	Bolivaria	3	0	1	0.0
1382	Bombus melanopygus	3	0	1	0.0
1383	Bombus sylvarum	7	0	2	0.0
1384	Bombus transversalis	3	0	1	0.0
1385	Bombus tricornis	2	0	1	0.0
1386	Bombus trinominatus	2	0	1	0.0
1387	Bombus unicus	4	0	1	0.0
1388	Bothriurus olaen	2	0	1	0.0
1389	Bothrogonia	2	0	1	0.0
1390	Bothynoderes	6	0	2	0.0
1391	Brachodes pumila	2	0	1	0.0
1392	Brachyceridae	3	0	1	0.0
1393	Brachycerinae	4	0	1	0.0
1394	Brachycerini	5	0	1	0.0
1395	Brachycerus	9	0	3	0.0
1396	Brachycleonus	2	0	1	0.0
1397	Brachysternus	2	0	1	0.0
1398	Brachysternus angustus	3	0	1	0.0
1399	Brachysternus germaini	2	0	1	0.0
1400	Brachysternus marginatus	2	0	1	0.0
1401	Brachysternus patagoniensis	2	0	1	0.0
1402	Brachysternus prasinus	2	0	1	0.0
1403	Brachysternus solier	3	0	1	0.0
1404	Brachysternus spectabilis	2	0	1	0.0
1405	Bracon hebetor	12	0	3	0.0
1406	Broconius	4	0	1	0.0
1407	Bryodemella	3	0	1	1.0
1408	Bubas bubalus	2	0	1	0.0
1409	Bubopsis agrionoides	1	0	1	0.0
1410	Buccinatormyia	6	0	2	0.0
1411	Bucculatrix albedinella	2	0	1	0.0
1412	Bucculatrix anthemidella	3	0	1	0.0
1413	Bucculatrix artemisiella	1	0	1	0.0
1414	Bucculatrix bechsteinella	2	0	1	0.0
1415	Bucculatrix frangutella	2	0	1	0.0
1416	Bucculatrix gnaphaliella	2	0	1	0.0
1417	Bucculatrix infans	1	0	1	0.0
1418	Bucculatrix maritima	2	0	1	0.0
1419	Bucculatrix nigricomella	3	0	1	0.0
1420	Bucculatrix noltei	6	0	2	0.0
1421	Bucculatrix paliuricola	1	0	1	0.0
1422	Bucculatrix thoracella	15	0	3	1.5
1423	Bucculatrix ulmella	2	0	1	0.0
1424	Bucculatrix ulmicola	1	0	1	0.0
1425	Bucculatrix ulmifoliae	2	0	1	0.0
1426	Bulbitermes	2	0	1	0.0
1427	Buprestinae	3	0	1	0.0
1428	Buprestis	3	0	1	0.0
1429	Buratina truncata	5	0	3	0.0
1430	Burmanopetalum inexpectatum	10	0	3	0.5
1431	Burmocorynus jarzembowski	0	0	0	0.0
1432	Burmogramma liui	0	0	0	0.0
1433	Burmomacer kirejtshuki	0	0	0	0.0
1434	Burmopsychops	0	0	0	0.0
1435	Cacopsylla	4	0	1	0.0
1436	Cacopsylla costalis	3	0	1	0.0
1437	Cacopsylla crataegi	2	0	1	0.0
1438	Cacopsylla cretica	2	0	1	0.0
1439	Cacopsylla curta	2	0	1	0.0
1440	Cacopsylla difficilis	2	0	1	0.0
1441	Cacopsylla dilonchi	2	0	1	0.0
1442	Cacopsylla elegantula	3	0	1	0.0
1443	Cacopsylla exima	2	0	1	0.0
1444	Calamoceratidae	3	0	2	0.0
1445	Caligula	7	0	2	0.0
1446	Callistolixus	5	0	1	0.5
1447	Calodemas	4	0	1	0.0
1448	Calopterygoidea	5	0	2	0.0
1449	Calyptratae	7	0	1	0.0
1450	Camponotus	15	0	2	1.0
1451	Camponotus rufoglaucus	3	0	1	0.0
1452	Camponotus vagus	10	0	3	0.0
1453	Camptopterohelea odora	2	0	1	0.0
1454	Carabinae	5	0	2	0.0
1455	Carparachne	5	0	2	0.0
1456	Carparachne aureoflava	7	0	2	0.5
1457	Catocalini	5	0	1	0.0
1458	Cauchas fibulella	1	0	1	0.0
1459	Cecidomyiinae	3	0	1	0.0
1460	Centrocleonus	2	0	1	0.0
1461	Cerambyx welensii	4	0	2	0.0
1462	Ceratocampinae	2	0	1	0.0
1463	Chalcophora mariana	14	0	3	1.0
1464	Charaxes candiope	4	0	1	0.0
1465	Chauliognathus pensylvanicus	8	0	1	1.0
1466	Cheiracanthium inclusum	11	0	2	1.0
1467	Chilocorus bipustulatus	3	0	1	0.0
1468	Chilognatha	5	0	2	0.0
1469	Chimerarachne yingi	5	0	1	0.0
1470	Chironomoidea	3	0	1	0.0
1471	Chlidanotinae	1	0	1	0.0
1472	Chorthippus dorsatus	3	0	1	0.0
1473	Chromonotus	4	0	1	0.0
1474	Chromosomus	3	0	1	0.0
1475	Chrysididae	9	0	2	0.0
1476	Chrysidoidea	2	0	1	0.0
1477	Chrysis comparata	3	0	1	0.0
1478	Chrysis fulgida	3	0	1	0.0
1479	Chrysis pulchella	2	0	1	0.0
1480	Chrysis zetterstedti	2	0	1	0.0
1481	Chrysolina (підрід)	2	0	1	0.0
1482	Chrysops	12	0	2	1.0
1483	Chthonioidea	3	0	1	0.0
1484	Cicadula	3	0	2	0.0
1485	Cicindela	4	0	1	0.0
1486	Cicindela hybrida	8	0	2	0.0
1487	Cicindelina	5	0	1	0.0
1488	Cicindelinae	10	0	3	0.0
1489	Cicindelini	3	0	1	0.0
1490	Cimicoidea	8	0	4	0.0
1491	Cimicomorpha	8	0	2	0.0
1492	Citheronia	3	0	1	0.0
1493	Citioica	3	0	1	0.0
1494	Cladofer huangi	0	0	0	0.0
1495	Cleonini	8	0	2	0.0
1496	Cleonis	5	0	2	0.0
1497	Cleonolithus	1	0	1	0.0
1498	Cleridae	9	0	1	0.0
1499	Clistopyga crassicaudata	5	0	2	0.0
1500	Clitumninae	6	0	1	0.0
1501	Clytra appendicina	2	0	1	0.0
1502	Clytra atraphaxidis	3	0	1	0.0
1503	Cnemodontus	3	0	1	0.0
1504	Coccidulinae	6	0	2	0.0
1505	Coccinellinae	6	0	2	0.0
1506	Coccophagus	3	0	1	0.0
1507	Coccophagus lycimnia	4	0	1	1.0
1508	Coccophagus maculipennis	2	0	1	0.0
1509	Coccophagus malthusi	2	0	1	0.0
1510	Coccophagus margaritatus	1	0	1	0.0
1511	Coelidiinae	2	0	1	0.0
1512	Coenagrionoidea	4	0	1	0.0
1513	Coleophora adjunctella	3	0	1	0.0
1514	Coleophora adspersella	3	0	1	1.0
1515	Coleophora albicans	1	0	1	0.0
1516	Coleophora alcyonipennella	1	0	1	0.0
1517	Coleophora alticolella	1	0	1	0.0
1518	Coleophora argentula	1	0	1	0.0
1519	Coleophora armeniae	1	0	1	0.0
1520	Coleophora atriplicis	2	0	1	0.0
1521	Coleophora bagorella	1	0	1	0.0
1522	Coleophora berdjanski	5	0	2	0.0
1523	Coleophora binotapennella	3	0	1	0.0
1524	Coleophora cartilaginella	14	0	13	0.5
1525	Coleophora changaica	15	0	13	0.0
1526	Coleophora cracella	2	0	1	0.0
1527	Coleophora granulatella	3	0	1	0.0
1528	Coleophora halophilella	2	0	1	0.0
1529	Coleophora klimeschiella	16	0	15	1.0
1530	Coleophora nomgona	2	0	1	0.0
1531	Coleophora occatella	4	0	3	0.0
1532	Coleophora ochroflava	13	0	11	0.0
1533	Coleophora parenthella	1	0	1	0.0
1534	Coleophora potentillae	3	0	1	0.0
1535	Coleophora preisseckeri	13	0	11	0.0
1536	Coleophora pseudociconiella	1	0	1	0.0
1537	Coleophora pseudodianthi	1	0	1	0.0
1538	Coleophora pseudorepentis	0	0	0	0.0
1539	Coleophora salicorniae	1	0	1	0.0
1540	Coleophora salinella	1	0	1	0.0
1541	Coleophora saxicolella	1	0	1	0.0
1542	Coleophora squalorella	4	0	2	0.0
1543	Coleophora therinella	0	0	0	0.0
1544	Coleophora versurella	0	0	0	0.0
1545	Coleophora vibicella	0	0	0	0.0
1546	Coleophora vicinella	13	13	13	13.0
1547	Colladonus	4	0	1	0.0
1548	Compsolixus	4	0	1	1.0
1549	Coniocleonus	6	0	1	0.5
1550	Conocephalinae	4	0	1	0.0
1551	Conorhynchus	4	0	1	0.5
1552	Coptera anka	2	0	1	0.0
1553	Coreana raphaelis	2	0	1	0.0
1554	Coreoidea	4	0	1	0.0
1555	Cornupalpatum burmanicum	4	0	1	0.5
1556	Cosmogaster	3	0	1	0.0
1557	Cosmophasis bitaeniata	4	0	1	0.0
1558	Cosmopterix zieglerella	14	0	13	0.0
1559	Cotesia glomerata	2	0	2	0.0
1560	Coulinus	2	0	1	0.0
1561	Cratomyia	0	0	0	0.0
1562	Creatonotos gangis	60	0	7	2.0
1563	Crematogaster	4	0	1	0.0
1564	Crematogaster schmidti	7	0	2	0.0
1565	Creobroter	3	0	1	0.0
1566	Creoleon lugdunensis	3	0	1	0.5
1567	Cretanallachius magnificus	0	0	0	0.0
1568	Cretogramma engeli	1	0	1	0.0
1569	Cretoparacucujus cycadophilus	1	0	1	0.0
1570	Cryphopus	3	0	1	0.0
1571	Ctenurella	1	0	1	0.0
1572	Cuculliinae	2	0	1	0.0
1573	Culex quinquefasciatus	8	0	2	0.0
1574	Culicomorpha	2	0	1	0.0
1575	Cupiennius	4	0	3	0.0
1576	Cupiennius salei	5	0	2	0.0
1577	Curculioididae	3	0	1	0.0
1578	Curculioninae	3	0	1	0.0
1579	Curculionites	1	0	1	0.0
1580	Cybister lateralimarginalis	6	0	2	0.0
1581	Cylindera	3	0	2	0.0
1582	Cylindera germanica	4	0	1	0.0
1583	Cylindera glabra	2	0	1	0.0
1584	Cymothoe sangaris	1	0	1	0.0
1585	Cynthia	3	0	1	0.0
1586	Cyphocleonus	4	0	1	0.0
1587	Danainae	10	0	1	0.0
1588	Daphnusa	5	0	1	0.0
1589	Daphnusa ailanti	2	0	1	0.0
1590	Daphnusa sinocontinentalis	2	0	1	0.0
1591	Darwinylus marcosi	1	0	1	0.0
1592	Dasineura	3	0	1	0.0
1593	Dasystoma salicella	1	0	1	0.0
1594	Deinocroton draculi	4	0	1	0.0
1595	Deltocephalus	3	0	1	0.0
1596	Demodex cyonis	2	0	1	0.0
1597	Dermationidae	2	0	1	0.0
1598	Desis	2	0	1	0.0
1599	Desis bobmarleyi	3	0	1	0.0
1600	Diaea	3	0	1	0.0
1601	Diaea dorsata	4	0	1	0.0
1602	Diaea ergandros	3	0	1	0.0
1603	Diaea evanida	9	0	6	0.0
1604	Diaea giltayi	2	0	1	0.0
1605	Diaeini	3	0	1	0.0
1606	Dicopomorpha echmepterygis	3	0	1	0.0
1607	Dikraneura	2	0	1	0.0
1608	Dilixellus	4	0	1	0.0
1609	Diodontognathus papillatus	0	0	0	0.0
1610	Dipteromantispidae	2	0	1	0.0
1611	Dolichopoda	5	0	3	0.0
1612	Dolichopoda geniculata	2	0	1	0.0
1613	Dolichopoda graeca	3	0	1	0.0
1614	Dolichopoda hussoni	2	0	1	0.0
1615	Dolichopoda makrykapa	4	0	2	0.0
1616	Dolomedes	13	0	3	0.0
1617	Donacia semicuprea	2	0	1	0.0
1618	Doratura	2	0	1	0.0
1619	Dorcadion cinerarium	8	0	3	0.0
1620	Dorcadion fuliginator	3	0	1	0.0
1621	Dorcadion mokrzeckii	9	0	1	1.0
1622	Dorcadion pedestre	2	0	1	0.0
1623	Dorcadion sareptanum	3	0	1	0.0
1624	Drasteria	0	0	0	0.0
1625	Dryocampa	3	0	1	0.0
1626	Dryops	2	0	1	0.0
1627	Dysaphis	2	0	1	0.0
1628	Eacles	5	0	3	0.0
1629	Eacles barnesi	3	0	1	0.0
1630	Eacles oslari	4	0	1	0.0
1631	Echmepteryx hageni	2	0	1	0.0
1632	Eciton	5	0	1	0.0
1633	Ecitophya	2	0	1	0.0
1634	Ectinogonia buqueti	2	0	1	0.0
1635	Ederranus	3	0	1	0.0
1636	Edessena	4	0	2	0.0
1637	Eduardoxenus unicus	1	0	1	0.0
1638	Edwardsiana	3	0	1	0.0
1639	Elaea	1	0	1	0.0
1640	Elaterinae	2	0	1	0.0
1641	Electrocaptivus xui	0	0	0	0.0
1642	Elymana	3	0	1	0.0
1643	Emblemasoma erro	2	0	1	0.0
1644	Empoa	2	0	1	0.0
1645	Empoasca	3	0	1	0.0
1646	Empusa guttula	1	0	1	0.0
1647	Empusa hedenborgii	1	0	1	0.0
1648	Empusa longicollis	2	0	1	0.0
1649	Empusa pennata	2	0	1	0.0
1650	Empusa uvarovi	1	0	1	0.0
1651	Endoxyla cinereus	3	0	1	0.0
1652	Entiminae	5	0	2	0.0
1653	Entymetopus	3	0	1	0.0
1654	Eocleonus	1	0	1	0.0
1655	Eogeometer vadens	0	0	0	0.0
1656	Eophyllium messelensis	3	0	1	0.0
1657	Epaphroditidae	2	0	1	0.0
1658	Epexochus	2	0	1	0.0
1659	Ephimeronotus	2	0	1	0.0
1660	Epiacanthus	2	0	1	0.0
1661	Epidermoptidae	1	0	1	0.0
1662	Epimeces	4	0	1	0.0
1663	Epiocheirata	3	0	1	0.0
1664	Episyrphus balteatus	6	0	2	0.0
1665	Eremiaphila	3	0	1	0.0
1666	Eremiaphilidae	12	0	2	1.0
1667	Eremoplana	1	0	1	0.0
1668	Eriovixia gryffindori	6	0	2	1.0
1669	Eristalis bardus	2	0	1	0.0
1670	Erythracarinae	6	0	2	0.0
1671	Erythromma	4	0	2	0.0
1672	Euacanthellinae	5	0	1	0.0
1673	Eugeniodecus	2	0	1	0.0
1674	Euhypnorna grata	2	0	1	0.0
1675	Eukoenenia	5	0	2	0.0
1676	Eukoenenia christiani	5	0	2	0.0
1677	Eukoenenia strinatii	4	0	2	0.0
1678	Eukoeneniidae	3	0	2	0.0
1679	Eulixus	5	0	2	0.0
1680	Eumecops	3	0	1	0.0
1681	Eumesocampa	1	0	1	0.0
1682	Euophrys omnisuperstes	2	0	1	0.0
1683	Eupelix	3	0	1	0.5
1684	Euphydryas iduna	1	0	1	0.0
1685	Eupithecia basurmanca	2	0	1	0.0
1686	Eupteryx	3	0	1	0.0
1687	Eurhadina	5	0	2	0.0
1688	Eurycleonus	3	0	1	0.0
1689	Eurythyrea	2	0	1	0.0
1690	Euscelis	3	0	1	0.0
1691	Euscorpius beroni	3	0	1	0.0
1692	Eusparassus dufouri	3	0	1	0.0
1693	Eustenopus	2	0	1	0.0
1694	Eutulomatus	2	0	1	0.0
1695	Evacanthus	2	0	1	0.0
1696	Extatosoma tiaratum	23	0	4	1.0
1697	Extraordinarius	21	0	20	0.0
1698	Fagina silvatica	3	0	1	0.0
1699	Fallomyrma	0	0	0	0.0
1700	Fallomyrma anodonta	3	0	2	0.0
1701	Fallomyrma marginata	4	0	4	0.0
1702	Fallomyrma robusta	3	0	3	0.0
1703	Fideliinae	1	0	1	0.0
1704	Filistata maguirei	1	0	1	0.0
1705	Forcipata	3	0	1	0.0
1706	Formiciinae	7	0	3	0.0
1707	Formicini	2	0	1	0.0
1708	Furcantenna yangi	2	0	1	0.0
1709	Gabuciniidae	1	0	1	0.0
1710	Gasteroclisus	2	0	1	0.0
1711	Gastrophysa	3	0	1	0.0
1712	Geomantis	2	0	1	0.0
1713	Geomantis larvoides	1	0	1	0.0
1714	Georginus	2	0	1	0.0
1715	Girtesma	2	0	1	0.0
1716	Glaphyrosoma stephanosoltis	14	0	14	0.0
1717	Glebius	2	0	1	0.0
1718	Gluphisia	2	0	1	0.0
1719	Gluphisia crenata	6	0	1	0.0
1720	Gluphisia lintneri	3	0	1	0.0
1721	Gluphisia oxiana	3	0	1	0.0
1722	Goliathus regius	6	0	3	0.0
1723	Gondwanascorpio emzantsiensis	13	0	2	1.0
1724	Gonioctena	3	0	1	0.0
1725	Gonocleonus	2	0	1	0.0
1726	Gonometa postica	3	0	1	0.0
1727	Grant viridifluvius	3	0	1	0.0
1728	Gromphadorhina portentosa	88	0	7	3.0
1729	Gynacantha vargasi	16	0	14	0.0
1730	Gyranusoidea iranica	2	0	1	0.0
1731	Habralictus	2	0	1	0.0
1732	Hadeninae	1	0	1	0.0
1733	Halter halteratus	1	0	1	0.0
1734	Halteriomantispa grimaldii	0	0	0	0.0
1735	Haplocampa wagnelli	2	0	1	0.0
1736	Haplopelma schmidti	2	0	1	0.0
1737	Harmonia (комаха)	12	0	3	0.5
1738	Harpalinae	5	0	1	0.0
1739	Hedychrum nobile	5	0	1	0.0
1740	Helaeomyia petrolei	5	0	1	0.0
1741	Helichus ussuriensis	2	0	1	0.0
1742	Heliconiinae	11	0	5	0.0
1743	Heliconius erato	2	0	1	0.0
1744	Helicoverpa zea	7	0	2	0.0
1745	Heliozona	3	0	1	0.0
1746	Helminthomorpha	3	0	1	0.0
1747	Hemerobiiformia	3	0	1	0.0
1748	Hepsidera	2	0	1	0.0
1749	Hermatobates lingyangjiaoensis	4	0	2	0.0
1750	Hermetia illucens	62	0	6	1.0
1751	Heterocleonus	2	0	1	0.0
1752	Heterogramma	2	0	1	0.0
1753	Heteropterinae	3	0	1	0.0
1754	Hexarthrius	3	0	1	0.0
1755	Hierodula	9	0	2	0.0
1756	Hispa atra	8	0	2	1.0
1757	Holaptilon	2	0	1	0.0
1758	Holaptilon pusillulum	1	0	1	0.0
1759	Holcopogon bubulcellus	15	0	13	0.0
1760	Hololixus	2	0	1	0.0
1761	Homalictus	2	0	1	0.0
1762	Homalictus achrostus	1	0	1	0.0
1763	Homalictus terminalis	1	0	1	0.0
1764	Hormisa	2	0	1	0.0
1765	Hovalarinus	2	0	1	0.0
1766	Hybomitra	4	0	2	0.0
1767	Hybomitra altaica	2	0	1	0.0
1768	Hybomitra alticola	2	0	1	0.0
1769	Hydrillodes	2	0	1	0.0
1770	Hyles	9	0	5	0.0
1771	Hylobius abietis	17	0	2	1.0
1772	Hymenopodidae	9	0	2	0.0
1773	Hypatopa binotella	1	0	1	0.0
1774	Hypatopa inunctella	1	0	1	0.0
1775	Hypatopa segnella	1	0	1	0.0
1776	Hypenula	3	0	1	0.0
1777	Hypoechana fuliginosa	4	0	2	0.0
1778	Hypogastruroidea	2	0	1	0.0
1779	Hypolixus	2	0	1	0.0
1780	Hyponeuma	2	0	1	0.0
1781	Hypsicorypha gracilis	5	0	2	0.0
1782	Idia	3	0	1	0.0
1783	Idolomantis diabolica	38	0	11	1.0
1784	Ileomus	3	0	1	0.5
1785	Ilybius	4	0	1	0.0
1786	Insolentipalpus	2	0	1	0.0
1787	Integripalpia	7	0	2	0.0
1788	Iolana iolas	6	0	2	0.0
1789	Iris	13	0	2	1.0
1790	Iris oratoria	6	0	1	0.0
1791	Ischnocolus vanandelae	12	0	12	0.0
1792	Isomerops	2	0	1	0.0
1793	Isotogastrura	1	0	1	0.0
1794	Isotomidae	3	0	2	0.0
1795	Ixodida	73	1	6	2.0
1796	Julodinae	2	0	1	0.0
1797	Junonia coenia	5	0	1	0.0
1798	Junonia lemonias	3	0	1	0.0
1799	Kalligramma	2	0	1	0.0
1800	Kalligramma paradoxum	0	0	0	0.0
1801	Kalligrammatidae	1	0	1	0.0
1802	Kallima inachus	4	0	1	0.0
1803	Katarinia	2	0	1	0.0
1804	Katha	2	0	1	0.0
1805	Katha depressa	3	0	1	0.0
1806	Katha laevis	2	0	1	0.0
1807	Katha magnata	3	0	1	0.0
1808	Katha moorei	3	0	1	0.0
1809	Katha nankunshanica	2	0	1	0.0
1810	Katha nigropoda	2	0	1	0.0
1811	Katha prabana	3	0	1	0.0
1812	Katha suffusa	2	0	1	0.0
1813	Kekveus jason	0	0	0	0.0
1814	Khobotun elephantinus	5	0	2	0.0
1815	Klassius	2	0	1	0.0
1816	Knemidokoptes	1	0	1	0.0
1817	Koenigius	3	0	1	0.0
1818	Kyneria	2	0	1	0.0
1819	Labidura riparia	8	0	3	0.0
1820	Lachnaeus	3	0	1	0.0
1821	Lachnaia	16	0	13	0.0
1822	Lagonomegopidae	1	0	1	0.0
1823	Lambula	5	0	2	0.0
1824	Lambula aethalocis	2	0	1	0.0
1825	Lambula agraphia	2	0	1	0.0
1826	Lambula aroa	2	0	1	0.0
1827	Lambula bilineata	1	0	1	0.0
1828	Lambula bivittata	3	0	1	0.0
1829	Lambula buergersi	3	0	1	0.0
1830	Laothoe	5	0	1	0.0
1831	Larentiinae	3	0	1	0.0
1832	Larinodontes	2	0	1	0.0
1833	Larinomesius	5	0	1	0.0
1834	Larinus	3	0	1	0.0
1835	Larinus (підрід)	7	0	1	0.5
1836	Larinus turbinatus	5	0	1	0.0
1837	Larinus vulpes	2	0	1	0.0
1838	Lascoria	2	0	1	0.0
1839	Lasiocampinae	3	0	1	0.0
1840	Lasiommata	2	0	1	0.0
1841	Lasiommata maerula	2	0	1	0.0
1842	Latrodectinae	5	0	2	0.0
1843	Lepismachilis eocaenica	1	0	1	0.0
1844	Leptopodomorpha	5	0	1	0.0
1845	Lestremiinae	2	0	1	0.0
1846	Lestremiini	2	0	1	0.0
1847	Lethocerus deyrollei	6	0	3	0.0
1848	Lethocerus grandis	3	0	1	0.0
1849	Lethocerus indicus	18	0	5	0.0
1850	Leucatomis	2	0	1	0.0
1851	Leucochromus	2	0	1	0.0
1852	Leucomigus	3	0	1	0.0
1853	Leucophyes	4	0	1	0.0
1854	Leucorchestris arenicola	4	0	1	0.0
1855	Libelloides italicus	4	0	2	0.0
1856	Libelluloidea	5	0	1	0.0
1857	Limnephilus antiquastepposus	2	0	1	0.0
1858	Limnephilus kaspievi	1	0	1	0.0
1859	Limnephilus metakaspievi	1	0	1	0.0
1860	Limnephilus parakaspievi	1	0	1	0.0
1861	Limnephilus valliculacerasinus	2	0	1	0.0
1862	Limnichidae	3	0	1	0.0
1863	Linguatormyia teletacta	1	0	1	0.0
1864	Liocleonus	3	0	1	0.0
1865	Lipoptena mazamae	3	0	1	0.0
1866	Lithosiina	1	0	1	0.0
1867	Lithosiinae	1	0	1	0.0
1868	Lithosiini	4	0	1	0.0
1869	Lixinae	133	0	11	4.5
1870	Lixini	3	0	1	0.0
1871	Lixocleonus	2	0	1	0.0
1872	Lixoglyptus	2	0	1	0.0
1873	Lixomorphus	3	0	1	0.0
1874	Lixopachys	2	0	1	0.0
1875	Lixus	5	0	1	0.0
1876	Lixus (підрід)	3	0	1	0.0
1877	Lophocorona	3	0	1	0.0
1878	Lucaninae	6	0	1	0.0
1879	Lucanus	22	0	3	1.0
1880	Lucanus placidus	3	0	1	0.0
1881	Luciliinae	2	0	1	0.0
1882	Lycorma delicatula	4	0	1	0.0
1883	Lycosa aragogi	12	0	3	1.0
1884	Lysibia nana	2	0	1	0.0
1885	Machaerotypus sibiricus	2	0	1	0.0
1886	Macleodiella electrina	0	0	0	0.0
1887	Macrochilo	3	0	1	0.0
1888	Macroglossinae	3	0	1	0.0
1889	Macrolepidoptera	4	0	1	0.0
1890	Macroplea	5	0	4	0.0
1891	Macrosiphini	3	0	2	0.0
1892	Macrotermes	3	0	1	0.0
1893	Macrotermes gilvus	3	0	1	0.0
1894	Macroxiphus	4	0	1	0.0
1895	Macroxiphus nasicornis	2	0	1	0.0
1896	Macroxiphus sumatranus	2	0	1	0.0
1897	Manica	3	0	1	0.0
1898	Mantidae	8	0	2	0.0
1899	Mantis	14	0	2	1.0
1900	Mantoididae	0	0	0	0.0
1901	Maratus personatus	1	0	1	0.0
1902	Marumba spectabilis	2	0	1	0.0
1903	Marumba tigrina	2	0	1	0.0
1904	Maximus	7	0	2	0.0
1905	MCD-пептид	5	0	2	0.0
1906	Mecaspis	3	0	1	0.0
1907	Medaurini	4	0	1	0.0
1908	Medauroidea	7	0	3	0.0
1909	Medocostes lestoni	26	0	16	10.0
1910	Megachilinae	2	0	1	0.0
1911	Megaphragma	2	0	2	0.0
1912	Megaphragma caribea	3	0	3	0.0
1913	Megaphragma mymaripenne	6	0	2	0.0
1914	Megatominae	1	0	1	0.0
1915	Melitaea acentria	2	0	1	0.0
1916	Melitaea ornata	2	0	1	0.0
1917	Menecleonus	3	0	1	0.0
1918	Menthastriella	3	0	1	0.0
1919	Mesocleonus	3	0	1	0.0
1920	Mesostigmata	16	0	3	0.0
1921	Mesothelae	13	0	4	0.0
1922	Metacucujus	2	0	1	0.0
1923	Metacucujus encephalarti	1	0	1	0.0
1924	Metallyticus	3	0	1	0.0
1925	Metopininae	5	0	1	0.0
1926	Metriocampa	2	0	1	0.0
1927	Microcleonus	4	0	1	0.0
1928	Microlarinus	5	0	2	0.0
1929	Microlixus	2	0	1	0.0
1930	Microplitis croceipes	2	0	1	0.0
1931	Micropterix calthella	1	0	1	0.0
1932	Microthespis	1	0	1	0.0
1933	Miomantinae	2	0	1	0.0
1934	Miomantini	5	0	2	0.0
1935	Miomantis paykullii	13	0	9	0.0
1936	Mionycha	2	0	1	0.0
1937	Misumena vatia	108	1	9	3.0
1938	Misumenoides formosipes	4	0	1	0.0
1939	Moegistorhynchus longirostris	3	0	1	0.0
1940	Molytinae	6	0	2	0.0
1941	Mongolocleonus	3	0	1	0.0
1942	Monolophus	2	0	1	0.0
1943	Morphini	5	0	1	1.0
1944	Morpho rhetenor	14	0	7	0.0
1945	Muschampia	1	0	1	0.0
1946	Muscoidea	8	0	2	0.0
1947	Mycotrichus	2	0	1	0.0
1948	Myrmarachne	8	0	2	0.0
1949	Myrmarachne assimilis	2	0	1	0.0
1950	Myrmarachne caliraya	2	0	1	0.0
1951	Myrmarachne plataleoides	4	0	1	0.0
1952	Myrmekiaphila neilyoungi	2	0	1	0.0
1953	Myrmeleon fasciatus	2	0	1	0.0
1954	Myrmeleon quinquemaculatus	1	0	1	0.0
1955	Myrmeleontiformia	1	0	1	0.0
1956	Myrmica angulata	7	0	3	0.0
1957	Myrmicini	8	0	2	0.0
1958	Myrmozercon cyrusi	2	0	1	0.0
1959	Mystrium camillae	3	0	1	0.0
1960	Myzocallis	2	0	1	0.0
1961	Nannochoristidae	4	0	1	0.0
1962	Nanosella fungi	1	0	1	0.0
1963	Nastus (жуки)	3	0	1	0.0
1964	Nauphoeta cinerea	14	0	5	1.0
1965	Naxa seriaria	2	0	1	0.0
1966	Nefis	2	0	1	0.0
1967	Negastriinae	2	0	1	0.0
1968	Neivamyrmex	2	0	1	0.0
1969	Nemaspela ladae	4	0	1	0.0
1970	Nematopogon metaxella	1	0	1	0.0
1971	Nematopogon pilella	2	0	2	0.0
1972	Nematopogon robertella	12	0	11	1.0
1973	Nemophora degeerella	4	0	1	0.0
1974	Nemophora dumerilella	1	0	1	0.0
1975	Nemophora fasciella	3	0	1	0.0
1976	Nemophora metallica	18	0	16	0.0
1977	Nemophora pfeifferella	2	0	1	0.0
1978	Nemopteridae	5	0	1	0.0
1979	Nemopteroidea	2	0	1	0.0
1980	Neocleonus	2	0	1	0.0
1981	Neodermaptera	4	0	1	0.0
1982	Neolipoptena ferrisi	2	0	1	0.0
1983	Nepa cinerea	13	0	2	1.0
1984	Nephrotoma australasiae	3	0	1	0.0
1985	Nicrophorinae	4	0	1	0.0
1986	Nicrophorus	20	0	4	1.0
1987	Nicrophorus interruptus	3	0	1	0.0
1988	Nicrophorus investigator	1	0	1	0.0
1989	Nicrophorus japonicus	3	0	1	0.0
1990	Nipponaphis monzeni	3	0	1	0.5
1991	Nomimonyx	2	0	1	0.0
1992	Notiothauma reedi	3	0	1	0.0
1993	Nudobius lentus	6	0	1	0.0
1994	Nuttalliella namaqua	2	0	1	0.0
1995	Nymphavus progenitor	0	0	0	0.0
1996	Nymphidae	2	0	1	0.0
1997	Obtectomera	2	0	1	0.0
1998	Ochyrocera aragogue	2	0	1	0.0
1999	Oecophylla	22	0	7	1.0
2000	Oecophylla taurica	2	0	1	0.0
2001	Oestroidea	9	0	2	1.0
2002	Oligochlora semirugosa	1	0	1	0.0
2003	Oligopsychopsis	1	0	1	0.0
2004	Oligotrophini	3	0	1	0.0
2005	Oniticellini	3	0	1	0.0
2006	Onthophagini	2	0	1	0.0
2007	Onthophagus sagittarius	0	0	0	0.0
2008	Onthophagus vacca	4	0	1	0.0
2009	Opostega	2	0	1	0.0
2010	Opostegoides	3	0	1	0.0
2011	Oramiella wisei	2	0	1	0.0
2012	Orgyia recens	2	0	1	0.0
2013	Orsunius electronefelus	1	0	1	0.0
2014	Orthodera novaezealandiae	5	0	1	0.0
2015	Ortholixus	3	0	1	0.0
2016	Orthophlebiidae	1	0	1	0.0
2017	Oryctes	9	0	2	0.0
2018	Oryctes agamemnon	2	0	1	0.0
2019	Oryctes rhinoceros	1	0	1	0.0
2020	Osmia cornuta	10	0	6	0.0
2021	Osmylops	1	0	1	0.0
2022	Othorene	4	0	1	0.0
2023	Pachycerus	4	0	1	0.0
2024	Pachyiulus humicola	4	0	2	0.0
2025	Pachymerium tabacarui	4	0	1	0.0
2026	Paederinae	6	0	2	0.0
2027	Pajnisoodes	2	0	1	0.0
2028	Palaeortona quercyensis	0	0	0	0.0
2029	Palaeotendipes alexii	1	0	1	0.0
2030	Palomena prasina	28	0	4	1.0
2031	Paracucujus rostratus	3	0	1	0.0
2032	Paradoxosisyra groehni	1	0	1	0.0
2033	Paradoxosisyrinae	2	0	1	0.0
2034	Paraponera	3	0	1	0.0
2035	Parastrachiidae	4	0	1	0.0
2036	Paratarsotomus	3	0	1	0.0
2037	Paratarsotomus sabulosus	2	0	1	0.0
2038	Parileomus	2	0	1	0.0
2039	Parnopes grandior	3	0	1	0.0
2040	Pedanoptera arachnophila	1	0	1	0.0
2041	Pelophila	8	0	3	0.0
2042	Peltosyne triassica	1	0	1	0.0
2043	Pemphigidae	5	0	2	0.0
2044	Pentatominae	3	0	1	0.0
2045	Pentatomoidea	5	0	1	0.0
2046	Pentatomomorpha	4	0	1	0.0
2047	Pentatropis	2	0	1	0.0
2048	Perlamantis allibertii	1	0	1	0.0
2049	Permarachne novokshonovi	2	0	1	0.0
2050	Phaneropterinae	3	0	2	0.0
2051	Phasmatidae	8	0	2	0.0
2052	Phaulosomus	2	0	1	0.0
2053	Philidris nagasau	3	0	1	0.0
2054	Phillixus	4	0	1	0.0
2055	Phlebotomus papatasi	5	0	2	0.0
2056	Phlebotomus papuensis	2	0	1	0.0
2057	Phlebotomus pedifer	2	0	1	0.0
2058	Phlebotomus perfiliewi	2	0	1	0.0
2059	Phlebotomus perniciosus	3	0	1	0.0
2060	Phlebotomus pexopharynx	5	0	1	0.0
2061	Phlebotomus sergenti	2	0	1	0.0
2062	Phobaeticus chani	7	0	1	0.0
2063	Phobaeticus kirbyi	4	0	1	0.0
2064	Phyllochrysa huangi	0	0	0	0.0
2065	Phyllodromica	2	0	1	0.0
2066	Phyllodromica merrakescha	2	0	1	0.0
2067	Phyllonomeus	4	0	1	0.0
2068	Phyllonorycter ivani	0	0	0	0.0
2069	Phytotelmatrichis osopaddington	2	0	1	0.0
2070	Pisaura mirabilis	157	1	36	3.0
2071	Pison	2	0	1	0.0
2072	Planodiscus	2	0	1	0.0
2073	Planodiscus foreli	2	0	1	0.0
2074	Planodiscus furcatus	2	0	1	0.0
2075	Platyscelidini	2	0	1	0.0
2076	Pleurocleonus	5	0	1	0.0
2077	Pliocleonus	1	0	1	0.0
2078	Poduromorpha	4	0	1	0.0
2079	Poecilimon ampliatus	2	0	1	0.0
2080	Poecilimon elegans	2	0	1	0.0
2081	Poecilimon gracilis	2	0	1	0.0
2082	Poliochera	1	0	1	0.0
2083	Poliochera cretacea	1	0	1	0.0
2084	Poliochera gibbsi	2	0	1	0.0
2085	Poliochera glabra	2	0	1	0.0
2086	Poliochera punctulata	2	0	1	0.0
2087	Poliochera pustulatus	3	0	1	0.0
2088	Poliocheridae	2	0	1	0.0
2089	Polyneoptera	3	0	2	0.0
2090	Polyommatus eros	3	0	1	0.0
2091	Polyommatus pljushtchi	6	0	2	0.0
2092	Ponomarenkia belmonthensis	2	0	1	0.0
2093	Porocleonus	2	0	1	0.0
2094	Prionolixus	2	0	1	0.0
2095	Prionorhinus	2	0	1	0.0
2096	Pristomyrmex elmesi	4	0	3	0.0
2097	Pritha garfieldi	1	0	1	0.0
2098	Prochoreutis pseudostellaris	2	0	1	0.0
2099	Prochoreutis sehestediana	1	0	1	0.0
2100	Prochoreutis stellaris	1	0	1	0.0
2101	Proctophyllodes huitzilopochtlii	0	0	0	0.0
2102	Prodryas persephone	3	0	2	0.0
2103	Prohamitermes	1	0	1	0.0
2104	Prokoenenia	3	0	2	0.0
2105	Prokoeneniidae	4	0	2	0.0
2106	Proleptothorax primitivus	4	0	3	0.0
2107	Prostigmata	19	0	3	1.0
2108	Protonemestrius	1	0	1	0.0
2109	Protosiphoniella anthophila	1	0	1	0.0
2110	Psectra diptera	3	0	2	0.0
2111	Psephenidae	4	0	1	0.0
2112	Pseudeumecops	2	0	1	0.0
2113	Pseudisomerus	2	0	1	0.0
2114	Pseudochazara cingovskii	2	0	1	0.0
2115	Pseudocleonus	7	0	3	0.0
2116	Pseudopostega	2	0	1	0.0
2117	Pseudopulex	1	0	1	0.0
2118	Pseudoyersinia	2	0	1	0.0
2119	Pseudoyersinia andreae	12	0	7	1.0
2120	Pseudoyersinia betancuriae	4	0	1	0.0
2121	Pseudoyersinia brevipennis	5	0	1	0.0
2122	Pseudoyersinia canariensis	2	0	1	0.0
2123	Pseudoyersinia lagrecai	3	0	1	0.0
2124	Pseudoyersinia paui	2	0	1	0.0
2125	Pseudoyersinia pilipes	3	0	1	0.0
2126	Pseudoyersinia subaptera	2	0	1	0.0
2127	Pseudoyersinia teydeana	2	0	1	0.0
2128	Psoroptidia	9	0	3	0.5
2129	Psychodomorpha	2	0	1	0.0
2130	Psychopsidae	3	0	1	0.0
2131	Psyllobora	4	0	1	0.0
2132	Pterocroce capillaris	1	0	1	0.0
2133	Pterodectes rutilus	1	0	1	0.0
2134	Pterolichoidea	1	0	1	0.0
2135	Pteromalidae	8	0	2	0.0
2136	Pterostichinae	3	0	1	0.0
2137	Pterostichus alexeji	2	0	1	0.0
2138	Pterostichus burkhan	2	0	1	0.0
2139	Pterostichus rodionovi	2	0	1	0.0
2140	Ptilodon	2	0	1	0.0
2141	Ptilodoninae	3	0	1	0.0
2142	Ptilophora	3	0	1	0.0
2143	Ptiloscola	4	0	1	0.0
2144	Puer maculatus	2	0	2	0.0
2145	Pycnodactylopsis	2	0	1	0.0
2146	Pygaerinae	5	0	1	0.0
2147	Rachesa	4	0	2	0.0
2148	Reclinervellus nielseni	7	0	3	0.0
2149	Rhabdorrhynchus	4	0	1	0.0
2150	Rhinocyllus	7	0	1	0.0
2151	Rhinocyllus conicus	5	0	1	0.0
2152	Rhizoglyphus robini	3	0	2	0.0
2153	Rhopalocera	63	0	8	2.0
2154	Rhopalosomatidae	2	0	1	0.0
2155	Rhynchophorus	8	0	2	0.0
2156	Rhynchophorus ferrugineus	11	0	2	0.0
2157	Ricinoides	4	0	1	0.0
2158	Ricinoides feae	2	0	1	0.0
2159	Ricinoides hanseni	2	0	1	0.0
2160	Ricinoides karschii	2	0	1	0.0
2161	Ricinoides leonensis	2	0	1	0.0
2162	Ricinoides megahanseni	2	0	1	0.0
2163	Ricinoides olounoua	3	0	1	0.0
2164	Ricinoides sjostedtii	2	0	1	0.0
2165	Ricinoididae	5	0	2	0.0
2166	Rivetina	2	0	1	0.0
2167	Rivetinini	1	0	1	0.0
2168	Rophalis relicta	4	0	3	0.0
2169	Rovnoholoneurus	2	0	1	0.0
2170	Sabatinca	2	0	1	0.0
2171	Sahastata sinuspersica	1	0	1	0.0
2172	Samia	5	0	1	0.0
2173	Saturnia pinratanai	2	0	1	0.0
2174	Saturniini	3	0	1	0.0
2175	Satyrus virbius	1	0	1	0.0
2176	Saurophthirus	4	0	1	0.0
2177	Saurophthirus longipes	2	0	1	0.0
2178	Scaphomorphus	5	0	1	0.0
2179	Scarabaeinae	3	0	1	0.0
2180	Scarabaeus fraterculus	5	0	2	0.0
2181	Schausiella	3	0	1	0.0
2182	Schistomitra joelmineti	20	0	20	0.0
2183	Schizophora	7	0	1	0.0
2184	Sciaroidea	4	0	1	0.0
2185	Scymninae	4	0	1	0.0
2186	Selandriinae	2	0	1	0.0
2187	Sepsidae	4	0	2	0.0
2188	Sericomyrmex	2	0	1	0.0
2189	Sericomyrmex radioheadi	3	0	1	0.0
2190	Sicarius hahni	14	0	4	0.0
2191	Sidorchukatia gracilis	4	0	2	0.0
2192	Sipalinus gigas	2	0	1	0.0
2193	Sitophilus	7	0	3	0.0
2194	Smerinthini	2	0	1	0.0
2195	Solariola	21	0	21	10.5
2196	Solenopsis	46	0	5	1.0
2197	Speyeria	3	0	1	0.0
2198	Speyeria clara	2	0	1	0.0
2199	Sphaerites	1	0	1	0.0
2200	Sphecomyrminae	5	0	1	0.0
2201	Sphingonotini	4	0	1	0.0
2202	Sphingulini	1	0	1	0.0
2203	Sphodromantis	1	0	1	0.0
2204	Sphodromantis viridis	19	0	3	1.0
2205	Stalagtia skadarensis	1	0	1	0.0
2206	Steatoda grossa	31	0	10	0.0
2207	Stephanocleonus	6	0	1	0.0
2208	Stephanoidea	7	0	1	0.0
2209	Sterrhinae	2	0	1	0.0
2210	Stethophyma grossum	12	0	2	0.0
2211	Stilbum cyanurum	3	0	1	0.0
2212	Streblote	4	0	1	0.0
2213	Streblote fainae	3	0	1	0.0
2214	Streblote finitorum	2	0	1	0.0
2215	Stromboscerinae	3	0	1	0.0
2216	Stromboscerus	4	0	1	0.0
2217	Sublarinus	2	0	1	0.0
2218	Supraserphites draculi	0	0	0	0.0
2219	Surchania	2	0	1	0.0
2220	Symphypleona	3	0	1	0.0
2221	Syndesinae	4	0	1	0.0
2222	Syntomini	3	0	1	0.0
2223	Syssphinx	4	0	1	0.0
2224	Tabaninae	2	0	1	0.0
2225	Taeniopterygidae	4	0	2	0.0
2226	Taeniopteryx	2	0	1	0.0
2227	Taeniopteryx lita	2	0	1	0.0
2228	Taeniopteryx lonicera	2	0	1	0.0
2229	Taeniopteryx maura	2	0	1	0.0
2230	Taeniopteryx mercuryi	3	0	2	0.0
2231	Taeniopteryx metequi	2	0	1	0.0
2232	Taeniopteryx nebulosa	3	0	1	0.0
2233	Tanyderidae	2	0	1	0.0
2234	Tanymecus	4	0	1	0.0
2235	Taurodemus	2	0	1	0.0
2236	Tebenna bjerkandrella	2	0	1	0.0
2237	Temnorhinus	7	0	2	0.0
2238	Temnothorax nylanderi	1	0	1	0.0
2239	Tenthredininae	2	0	1	0.0
2240	Tenthredinoidea	6	0	1	0.0
2241	Terminasiania	3	0	1	0.0
2242	Terpsicroton alticeps	2	0	1	0.0
2243	Tetragnatha	11	0	2	0.0
2244	Tetragonothorax	2	0	1	0.0
2245	Teyia branislav	0	0	0	0.0
2246	Thermesiini	1	0	1	0.0
2247	Thomisinae	3	0	1	0.0
2248	Thomisoidea	2	0	1	0.0
2249	Thysania	1	0	1	0.0
2250	Tibiceninae	2	0	1	0.0
2251	Tilloidea	4	0	1	0.0
2252	Timarcha lugens	2	0	1	0.0
2253	Timema cristinae	3	0	1	0.0
2254	Timogenes elegans	3	0	1	0.0
2255	Tineoidea	10	0	3	0.0
2256	Tortricinae	4	0	1	0.0
2257	Trachydemus	2	0	1	0.0
2258	Triatoma sanguisuga	10	0	2	1.0
2259	Trichocleonus	2	0	1	0.0
2260	Trichopria	1	0	1	0.0
2261	Trichotocleonus	2	0	1	0.0
2262	Trichoura pardeos	0	0	0	0.0
2263	Trigonopterus yoda	1	0	1	0.0
2264	Trigonotarbida	10	0	2	0.0
2265	Trjapitzion cylindrocerus	2	0	1	0.0
2266	Trychopeplus laciniatus	2	0	1	0.0
2267	Turbinoptidae	2	0	1	0.0
2268	Tylogonus (павуки)	3	0	2	0.0
2269	Ulomoides dermestoides	9	0	2	0.0
2270	Umma gumma	3	0	1	0.0
2271	Uraraneida	16	0	2	1.0
2272	Uroballus carlei	4	0	1	0.0
2273	Vasaces	2	0	1	0.0
2274	Verophasmatodea	4	0	1	0.0
2275	Vespa basalis	11	0	2	1.0
2276	Vespamantoida wherleyi	28	0	24	0.0
2277	Vestalis amethystina	1	0	1	0.0
2278	Wasmanniella	2	0	1	0.0
2279	Whiteheadia	2	0	1	0.0
2280	Xanthochelus	2	0	1	0.0
2281	Xanthopan morganii	3	0	1	0.0
2282	Xanthorhoe	2	0	1	0.0
2283	Xanthorhoe fluctuata	4	0	1	0.0
2284	Xanthorhoe heliopharia	2	0	1	0.0
2285	Xanthorhoini	2	0	1	0.0
2286	Xenomacrus	2	0	1	0.0
2287	Xenomorphia	2	0	1	0.0
2288	Xenomorphia handschini	1	0	1	0.0
2289	Xenomorphia resurrecta	2	0	1	0.0
2290	Xyleborini	3	0	1	0.0
2291	Xylodromus affinis	3	0	1	0.0
2292	Yponomeutoidea	6	0	2	0.0
2293	Zerynthia	3	0	1	0.0
2294	Zhangsolvidae	0	0	0	0.0
2295	Zygaena carniolica	4	0	1	0.0
