1	Абсолютна система відліку	95	0	8	2.0
2	Абсолютний нуль	696	6	40	22.0
3	Автоколивання	489	0	51	10.0
4	Автолізія	2	0	1	0.0
5	Агрегатний стан	2014	16	147	55.0
6	Адіабатичне наближення	16	0	3	1.0
7	Адіабатичне розмагнічування	26	0	4	0.0
8	Адіабатичний інваріант	3	0	1	0.0
9	Адрон	228	0	21	7.0
10	Аеродинаміка	423	4	26	12.0
11	Аеромеханіка	5	0	2	0.0
12	Азот	6207	32	421	172.0
13	Аксино	10	0	1	1.0
14	Аксіальний струм	4	0	2	0.0
15	Аксіон	60	0	16	1.0
16	Активна фазована антенна решітка	58	0	9	2.0
17	Актиній	131	1	14	3.0
18	Актиноїди	166	1	13	5.0
19	Акумулятор тепла	39	0	5	1.0
20	Акустика	572	4	37	15.0
21	Акустичні фонони	6	0	1	0.0
22	Акустоконцентраційний ефект	0	0	0	0.0
23	Акустооптика	12	0	2	0.0
24	Алніко	11	0	2	0.0
25	Альбедо	1139	9	90	30.0
26	Альфа-спектрометр	3	0	1	0.0
27	Алюміній	4882	19	384	132.0
28	Аматорський радіозв'язок	173	1	10	6.0
29	Амбіполярна дифузія	6	0	1	0.0
30	Американське фізичне товариство	13	0	2	0.0
31	Америцій	103	0	14	2.0
32	Аморфні речовини	1212	9	82	37.0
33	Амплітуда ймовірності	11	0	2	0.0
34	Амплітуда розсіяння	5	0	1	0.0
35	Амплітудна маніпуляція	72	0	11	2.0
36	Амплітудна модуляція	529	3	34	17.0
37	Аналітична механіка	6	0	3	0.0
38	Андреєвське відбиття	3	0	2	0.0
39	Анізотропний магнетоопір	4	0	1	0.0
40	Аніон	462	5	28	15.0
41	Антиматерія	521	6	28	16.0
42	Антинейтрон	55	0	12	1.0
43	Антипротон	57	0	5	1.5
44	Антисвіт	9	0	5	0.0
45	Антисегнетоелектрики	5	0	3	0.0
46	Антиферомагнетики	54	0	6	1.0
47	Аргон	1015	3	87	27.5
48	Аромат (квантове число)	33	0	5	1.0
49	Арсен	1002	9	61	28.5
50	Арсенід алюмінію	5	0	2	0.0
51	Астат	305	3	17	9.5
52	Атмосфера (одиниця вимірювання)	543	4	41	14.0
53	Атмосферна акустика	1	0	1	0.0
54	Атом	10107	40	708	261.0
55	Атомна маса	1148	7	78	31.5
56	Атомна орбіталь	479	2	29	14.0
57	Атомна рефракція	11	0	9	0.0
58	Атомна теорія Дальтона	14	0	4	0.0
59	Атомна фізика	290	1	26	7.0
60	Атомна, молекулярна і оптична фізика	65	0	17	1.0
61	Атомний номер	614	2	45	14.0
62	Атомний остов	15	0	4	0.0
63	Атомний радіус	448	2	67	11.0
64	Атрактивна взаємодія	16	0	3	1.0
65	Атрактор	180	2	17	6.0
66	Аутогезія	4	0	1	0.0
67	Балістика	684	3	68	19.0
68	Барій	516	3	40	13.5
69	Баріони	116	0	10	3.0
70	Баріонний заряд	33	0	3	1.0
71	Басейн притягання	4	0	3	0.0
72	Батарея (електрика)	695	7	50	17.5
73	Безелектродна лампа	9	0	2	0.0
74	Безперервний сигнал	8	0	2	0.0
75	Бекерель	268	0	30	6.0
76	Бер	253	2	16	8.0
77	Берилій	835	6	59	20.5
78	Берклій	56	0	6	2.0
79	Бета-випромінювання	1216	0	115	17.0
80	Бета-розпад	1572	2	146	30.0
81	Бетатрон	23	0	4	1.0
82	Біекситон	4	0	1	0.0
83	Бінодаль	8	0	2	0.0
84	Біотехнічна система	11	0	6	0.0
85	Біполярний транзистор	1360	13	101	43.0
86	Бісмут	562	4	37	17.0
87	Біфуркація Андронова — Гопфа	24	0	9	0.0
88	Біфуркація подвоєння періоду	16	0	2	1.0
89	Ближнє поле	26	0	3	1.0
90	Бозон	242	3	20	6.0
91	Бозон Ґолдстоуна	0	0	0	0.0
92	Бозон Хіггса	778	15	36	23.0
93	Болометр	39	0	7	1.0
94	Бор	1166	10	79	38.0
95	Борій	74	0	6	2.0
96	Борнове наближення	2	0	1	0.0
97	Брана	29	0	3	1.0
98	Бреггівська дифракція	72	0	11	1.5
99	Бреґґівський пік	19	0	3	1.0
100	Брижі (хвилі)	38	0	6	1.0
101	Бром	1499	12	95	42.0
102	Броунівський рух	1986	7	158	54.0
103	Будівельна механіка	131	0	14	3.0
104	Будівельна фізика	61	0	12	1.0
105	Бульбашка Алькуб'єрре	32	0	4	1.0
106	В'язкоеластичність	15	0	3	0.0
107	Вага	1371	12	118	37.0
108	Валентна зона	60	0	10	1.5
109	Ванадій	372	2	22	10.0
110	Варіаційний принцип	7	0	2	0.0
111	Вейлівський напівметал	2	0	1	0.0
112	Вектор Бюргерса	14	0	4	0.0
113	Вектор поляризації	164	0	13	4.5
114	Вектор стану	31	0	4	1.0
115	Векторний потенціал	48	0	7	1.0
116	Великий адронний колайдер	2634	40	133	84.5
117	Великий канонічний ансамбль	15	0	5	0.0
118	Великий термодинамічний потенціал	5	0	1	0.0
119	Верх валентної зони	3	0	1	0.0
120	Вибух	343	1	23	11.0
121	Вимушене випромінювання	90	0	11	2.0
122	Вимушені коливання	1651	6	143	25.5
123	Випрямлення змінного струму	816	1	51	27.5
124	Вироджений напівпровідник	15	0	4	0.0
125	Вихрові струми	297	2	44	8.0
126	Вібронна спектроскопія	21	0	3	1.0
127	Вігнерівський кристал	5	0	2	0.0
128	Від'ємна диференційна провідність	13	0	3	0.0
129	Відбій	74	0	7	2.0
130	Віддзеркалення	48	0	5	1.0
131	Відносна густина	1468	1	156	26.5
132	Відпрацьоване ядерне паливо	81	0	7	3.0
133	Відстань	980	3	63	27.0
134	Вільна енергія Гельмгольца	143	0	28	3.5
135	Вільне падіння	1191	10	70	32.0
136	Вільний параметр	0	0	0	0.0
137	Віріальне рівняння стану	2	0	1	0.0
138	Віріальні коефіцієнти	7	0	2	0.0
139	Віртуальна частинка	44	0	5	1.0
140	Віртуальні переміщення	15	0	3	1.0
141	Віскер (металургія)	13	0	2	0.0
142	Вісь	305	1	22	10.0
143	Вісь обертання	90	0	13	2.0
144	Вісь часу	85	0	8	2.0
145	Вічний двигун	492	9	36	14.0
146	Власна інформація	19	0	7	0.0
147	Власний напівпровідник	172	0	20	5.0
148	Власний час	390	0	50	6.0
149	Внутрішній імпеданс	0	0	0	0.0
150	Водень	6173	42	404	153.5
151	Вологість	289	1	26	8.0
152	Вольт-ампер	175	1	11	6.0
153	Вольфрам	910	11	54	29.0
154	Впливна величина	3	0	1	0.0
155	Всеросійський науково-дослідний інститут експериментальної фізики	8	0	2	0.0
156	Втомне руйнування	24	0	4	1.0
157	Вторинна електронна емісія	43	0	9	1.0
158	Вторинне квантування	9	0	2	0.0
159	Вуглецеві наноконуси	10	0	2	1.0
160	Вуглецеві нанотрубки	300	3	32	8.0
161	Вуглець	5382	36	324	152.5
162	Гадоліній	106	0	7	3.0
163	Газовий розряд	560	4	44	17.0
164	Газоструменевий випромінювач	14	0	2	1.0
165	Гал (фізична одиниця)	27	0	3	1.0
166	Галій	577	5	40	16.0
167	Гальванічний елемент	1474	7	135	40.0
168	Гальмівний шлях	415	2	27	13.0
169	Гамільтоніан	91	0	8	3.0
170	Гамма-промені	3011	12	233	87.0
171	Гамма-спалахи	45	0	6	1.5
172	Гамма-спектроскопія	13	0	2	1.0
173	Гармата Гауса	192	1	13	6.0
174	Гармонічні коливання	3359	17	265	48.5
175	Гасій	74	0	5	2.5
176	Гафній	160	1	17	3.5
177	Гелій	2033	18	138	62.5
178	Гелій-3	131	1	12	3.0
179	Гелій-4	44	0	9	1.0
180	Генерація другої гармоніки	22	0	2	1.0
181	Генерація носіїв заряду	38	0	8	1.0
182	Геометрична оптика	390	0	33	11.0
183	Геофізика	155	0	26	3.0
184	Германій	481	3	26	15.5
185	Герц	1183	14	70	33.5
186	Гетеродин	70	0	10	2.0
187	Гетероструктури	13	0	2	0.0
188	Гідроаеродинаміка	23	0	4	1.0
189	Гідрофон	7	0	1	0.0
190	Гіперболічна траєкторія	12	0	3	0.0
191	Гіперзвукова швидкість	142	1	16	3.0
192	Гіперони	26	0	4	1.0
193	Гіпотеза Ампера	80	0	9	2.0
194	Гіромагнітне співвідношення	40	0	7	1.0
195	Глісування	17	0	2	1.0
196	Глушник мобільних телефонів	51	0	7	1.0
197	Глюбол	29	0	4	1.0
198	Глюон	158	0	12	4.0
199	Головне квантове число	95	0	10	2.0
200	Голономний зв'язок	13	0	2	1.0
201	Гольмій	84	0	15	2.0
202	Гомопауза	8	0	2	0.0
203	Горизонт Коші	7	0	2	0.0
204	Горизонт подій	285	1	20	8.0
205	Гравітаційна сингулярність	343	4	25	10.5
206	Гравітаційне поле	489	2	51	11.0
207	Гравітаційне реліктове випромінювання	4	0	1	0.0
208	Гравітаційний радіус	100	0	8	3.0
209	Гравітація	2397	34	136	67.0
210	Гравітино	37	0	10	1.0
211	Гравітон	121	1	9	3.0
212	Границя міцності	469	1	51	13.0
213	Гранична швидкість	15	0	2	0.0
214	Граничні умови Борна-Кармана	3	0	1	0.0
215	Графен	1391	17	142	38.5
216	Групова швидкість	75	0	7	1.5
217	Густина енергії	292	2	18	9.5
218	Густина потоку частинок	28	0	4	1.0
219	Густина станів	54	0	24	1.0
220	Густина струму	508	4	49	15.5
221	Ґратка Бете	3	0	1	0.0
222	Давидівське розщеплення	3	0	1	0.0
223	Дальній порядок	28	0	5	1.0
224	Дармштадтій	89	1	6	3.0
225	Дарсі (одиниця)	6	0	2	0.0
226	Двомірна ядерна магнітно-резонансна спектроскопія	7	0	1	0.0
227	Двофотонне збудження	9	0	4	0.0
228	Дебай	90	0	25	2.0
229	Дейтерій	501	7	42	15.0
230	Дейтрон	41	0	7	1.0
231	Декстерів перенос енергії	1	0	1	0.0
232	Делокалізований стан	27	0	4	1.0
233	Дельта-баріон	8	0	2	0.0
234	Детермінант Слейтера	17	0	4	0.0
235	Детермінований хаос	58	0	4	2.0
236	Дефект маси	232	0	23	6.0
237	Деформаційний потенціал	3	0	2	0.0
238	Деформація	1811	6	143	43.0
239	Деформація згину	430	2	37	13.0
240	Деформація зсуву	332	0	22	10.0
241	Деформація кручення	299	1	22	8.5
242	Децибел	805	8	39	26.0
243	Дециметрові хвилі	167	1	14	4.0
244	Дзеркало	988	11	61	31.0
245	Дивність	25	0	3	1.0
246	Дилатон	22	0	5	0.5
247	Динамічна рівновага	241	0	25	5.5
248	Директор (рідкий кристал)	3	0	1	0.0
249	Дислокація (кристалографія)	60	0	8	1.0
250	Дисперсійні сили	34	0	4	1.0
251	Дисперсія світла	1718	12	122	42.0
252	Диспрозій	46	0	5	1.0
253	Диференціальний переріз розсіювання	23	0	7	0.0
254	Диференціатор	37	0	11	1.0
255	Дифракційна ґратка	931	1	76	20.0
256	Дифракція	2479	10	178	63.0
257	Дифузійний струм	59	0	8	1.5
258	Дифузія	3816	33	304	91.5
259	Дифузія за законом Арреніуса	2	0	2	0.0
260	Дифузне відбиття світла	392	0	50	6.0
261	Діаграма станів (хімія)	3	0	1	0.0
262	Діаграма Фейнмана	38	0	4	1.0
263	Діамагнетики	243	2	18	6.0
264	Діелектрична сприйнятливість	76	0	8	2.0
265	Діелектричне дзеркало	24	0	11	0.5
266	Дійсна густина	6	0	3	0.0
267	Дійсне зображення	94	0	13	2.0
268	Діод Зенера	420	1	55	11.0
269	Дірка (квазічастинка)	220	0	29	5.5
270	Дірка Фермі	0	0	0	0.0
271	Діркова телепортація	4	0	1	0.0
272	Дно зони провідності	5	0	2	0.0
273	Довгі хвилі	287	0	28	7.0
274	Довжина вільного пробігу	184	0	15	4.5
275	Довжина хвилі	6943	17	544	96.0
276	Доплерівське розширення	23	0	4	1.0
277	Дослід радіоактивності Антуаном Анрі Беккерелем	329	0	43	9.0
278	Дослід Штерна-Герлаха	524	1	58	12.0
279	Доцентрове прискорення	542	4	36	15.5
280	Дробовий квантовий ефект Холла	12	0	3	0.0
281	Дроплетон	7	0	2	0.0
282	Друга в'язкість	9	0	2	1.0
283	Друга космічна швидкість	654	4	40	19.0
284	Другий звук	7	0	2	0.0
285	Дуант	11	0	9	0.0
286	Дубній	93	0	7	2.5
287	Духи Фаддєєва — Попова	19	0	4	0.0
288	Еванесцентне поле	19	0	3	1.0
289	Евтектика	177	0	16	4.0
290	Ейнштейн (одиниця)	30	0	5	0.0
291	Ейнштейній	85	0	7	2.0
292	Ейрі кільця	5	0	1	0.0
293	Екзотичний атом	11	0	2	0.0
294	Екранування заряду	29	0	5	1.0
295	Ексимерна люмінесценція	0	0	0	0.0
296	Ексиплексна люмінесценція	0	0	0	0.0
297	Екситон	36	0	3	1.0
298	Екситон Ваньє-Мотта	11	0	4	0.0
299	Екситон Френкеля	10	0	2	0.0
300	Експеримент з олійними краплями	141	0	19	3.0
301	Експеримент Майкельсона — Морлі	436	1	41	8.5
302	Ексцентриситет орбіти	209	0	94	4.0
303	Електрети	40	0	10	1.0
304	Електрика	3076	28	215	77.0
305	Електрична енергія	1092	12	87	24.5
306	Електрична напруга	2823	22	181	76.5
307	Електричне коло	1261	9	82	29.5
308	Електричне поле	5254	16	474	88.5
309	Електричний дипольний момент	395	3	31	12.0
310	Електричний заряд	8230	16	739	189.0
311	Електричний імпеданс	436	2	33	12.5
312	Електричний потік	103	0	11	2.0
313	Електроадгезія	5	0	2	0.0
314	Електроізоляція	211	0	15	6.5
315	Електрокалоричний ефект	3	0	1	0.0
316	Електромагнітна індукція	1417	11	81	42.5
317	Електромагнітна хвиля	11168	30	919	224.0
318	Електромагнітне випромінювання	2833	10	232	59.5
319	Електромагнітне поле	1446	8	112	31.5
320	Електрон	2925	13	218	71.5
321	Електрон провідності	32	0	4	1.0
322	Електрон-діркова рідина	6	0	2	1.0
323	Електрон-фононна взаємодія	14	0	4	0.0
324	Електронна гармата	58	0	9	2.0
325	Електронна густина	77	0	10	2.0
326	Електронна енергія	3	0	2	0.0
327	Електронна лавина	11	0	3	0.0
328	Електронна оболонка	758	3	64	17.5
329	Електронна пара	97	0	11	3.0
330	Електронна спектроскопія	14	0	4	0.0
331	Електронне нейтрино	42	0	9	1.0
332	Електронний генератор	177	1	20	4.0
333	Електронний мікроскоп	449	1	42	13.0
334	Електронний парамагнітний резонанс	124	0	10	3.0
335	Електронний стан	7	0	2	0.0
336	Електронно-променева установка	4	0	2	0.0
337	Електрооптичний ефект	18	0	3	1.0
338	Електрорушійна сила	2096	15	145	49.0
339	Електростатика	493	2	31	16.5
340	Електростатична індукція	240	1	18	7.0
341	Електростатична лінза	11	0	3	0.0
342	Електростатичний генератор Ван де Граафа	103	0	9	3.0
343	Електростатичний потенціал	1262	8	73	36.0
344	Елементарна частинка	782	8	57	24.0
345	Емітанс пучка	3	0	3	0.0
346	Енергетичний рівень	162	0	15	4.5
347	Енергетичний спектр	32	0	6	1.0
348	Енергія вакууму	41	0	7	1.0
349	Енергія зв'язку	239	1	28	5.5
350	Еніон	3	0	1	0.0
351	Ентропія змішування	18	0	3	0.0
352	Ербій	81	0	6	2.0
353	Ергодична гіпотеза	11	0	3	0.0
354	Ета-мезон	8	0	2	0.0
355	Ефект Вігнера	11	0	2	1.0
356	Ефект де Гааза-ван Альфена	3	0	1	0.0
357	Ефект Джоуля-Томсона	57	0	7	2.0
358	Ефект Доплера	1285	10	88	36.5
359	Ефект Зеемана	80	0	7	2.0
360	Ефект Зеєбека	178	0	12	5.0
361	Ефект Казимира	102	0	16	2.0
362	Ефект Керра	30	0	7	1.0
363	Ефект Кея	11	0	4	0.0
364	Ефект конденсатного диску	59	0	8	2.0
365	Ефект Кондо	2	0	1	0.0
366	Ефект Коттона — Мутона	14	0	6	0.0
367	Ефект Мейснера	34	0	3	1.0
368	Ефект Міхеєва — Смирнова — Вольфенштейна	3	0	1	0.0
369	Ефект Нернста	4	0	2	0.0
370	Ефект Овергаузера	2	0	1	0.0
371	Ефект Оже	36	0	6	1.0
372	Ефект Пельтьє	143	0	11	4.0
373	Ефект Перселла	5	0	2	0.0
374	Ефект Рамана	2	0	1	0.0
375	Ефект Рамзауера	30	0	4	1.0
376	Ефект Рашби	8	0	3	0.0
377	Ефект Реннера	2	0	1	0.0
378	Ефект Реннера — Теллера	0	0	0	0.0
379	Ефект Тіндаля	89	0	8	2.0
380	Ефект Томсона	57	0	7	2.0
381	Ефект Фарадея	86	0	23	2.0
382	Ефект Франца-Келдиша	8	0	2	0.0
383	Ефект Штарка	21	0	4	0.0
384	Ефективна густина станів	4	0	1	0.0
385	Ефективна маса	38	0	8	1.0
386	Ефективна площа розсіювання	100	1	9	3.0
387	Ефективна температура	42	0	11	1.0
388	Ефективний коефіцієнт розмноження нейтронів	36	0	5	1.0
389	Ехолокація	644	1	53	18.0
390	Європій	70	0	5	2.0
391	Жаропродуктивність	3	0	1	0.0
392	Загальна коваріантність	13	0	4	0.0
393	Задача трьох тіл	131	1	12	3.0
394	Закон Ампера	1103	8	75	33.0
395	Закон Архімеда	1789	20	102	51.5
396	Закон Беца	10	0	3	0.0
397	Закон Бугера — Ламберта — Бера	295	1	29	8.0
398	Закон всесвітнього тяжіння	1715	14	101	53.0
399	Закон Гука	3161	7	285	77.5
400	Закон Ґейґера — Неттола	8	0	3	0.0
401	Закон Дальтона	249	1	19	6.0
402	Закон Дебая	17	0	3	1.0
403	Закон Джоуля — Ленца	1120	6	70	37.5
404	Закон дисперсії	181	0	14	5.0
405	Закон Дюлонга — Пті	54	0	8	1.0
406	Закон збереження енергії	2753	26	171	82.0
407	Закон збереження імпульсу	1771	13	111	49.5
408	Закон збереження маси	1225	4	106	33.0
409	Закон Мозлі	124	0	17	3.0
410	Закон рівнорозподілу	61	0	9	1.0
411	Закон Снеліуса	497	1	50	8.5
412	Закони термодинаміки	484	5	34	14.0
413	Закони Фіка	192	0	18	4.0
414	Залишкова намагніченість	23	0	4	1.0
415	Залізний пік	6	0	2	0.0
416	Залізо	5102	31	412	118.5
417	Заломлення	2184	3	203	40.0
418	Замерзання	69	0	16	2.0
419	Запізнення	26	0	3	1.0
420	Заряджена частинка	398	0	49	6.0
421	Заряджений струм	2	0	2	0.0
422	Зарядове спряження	10	0	2	0.0
423	Збіднений уран	43	0	4	1.0
424	Зброя спрямованої енергії	51	0	6	1.5
425	Збуджений стан квантовомеханічної системи	23	0	3	1.0
426	Зведена маса	34	0	4	1.0
427	Зворотність	53	0	6	1.0
428	Звукова енергія	29	0	3	1.0
429	Звуковий удар	45	0	5	1.0
430	Згасаюча хвиля	8	0	2	0.0
431	Зминання	18	0	3	1.0
432	Змінний конденсатор	92	0	8	2.0
433	Змінний струм	4131	37	258	105.5
434	Змінні дія — кут	4	0	1	0.0
435	Золото	3404	37	174	94.5
436	Зона провідності	59	0	7	1.0
437	Зонне плавлення	46	0	9	1.0
438	Зоряний нуклеосинтез	30	0	5	1.0
439	Ізобари (ядерна фізика)	85	0	8	2.5
440	Ізовалентна домішка	1	0	1	0.0
441	Ізоентропійний процес	26	0	6	1.0
442	Ізолятор Мотта	4	0	1	0.0
443	Ізотермічний процес	1438	5	125	35.5
444	Ізотопи	5863	12	520	173.0
445	Ізотопічний спін	19	0	2	0.0
446	Ізотопна поширеність	18	0	5	0.5
447	Імплозія (фізика)	35	0	9	1.0
448	Імпульсна модуляція	85	0	12	2.0
449	Імпульсно-кодова модуляція	212	1	16	5.5
450	Інваріант (фізика)	40	0	6	1.0
451	Інваріанти електромагнітного поля	18	0	3	1.0
452	Інверсна заселеність	34	0	5	1.0
453	Індій	193	1	17	4.5
454	Індуктивність	1355	7	97	35.5
455	Індукційний струм	309	1	29	6.5
456	Інерційна система відліку	1116	8	85	28.5
457	Інерція	2076	16	198	51.0
458	Інжекція носіїв заряду	39	0	5	1.0
459	Інженерно-фізичний факультет НТУУ «КПІ»	20	0	2	1.0
460	Інкремент наростання	2	0	1	0.0
461	Інтеграл вздовж траєкторій	32	0	4	1.0
462	Інтеграл перекриття	4	0	1	0.0
463	Інтенсивна величина	28	0	3	1.0
464	Інтеркомбінаційна конверсія	11	0	5	0.0
465	Інтерференція хвиль	1003	6	84	22.5
466	Інтерферометр Майкельсона	53	0	7	2.0
467	Інтерферометр Фабрі-Перо	42	0	7	1.0
468	Інформаційна ентропія	424	5	30	14.0
469	Інфразвук	1849	5	146	54.0
470	Інфразвукова зброя	180	1	16	4.0
471	Іон	2101	13	140	55.5
472	Іонізаційна рівновага	5	0	2	0.0
473	Іоністор	182	0	11	5.0
474	Іонна пастка	10	0	4	0.0
475	Іонний звук	2	0	1	0.0
476	Іпсилон-мезон	10	0	2	0.0
477	Іридій	322	4	20	9.5
478	Іскрова камера	11	0	3	0.0
479	Іскровий розряд	138	0	13	4.0
480	Історія механіки	164	0	18	3.0
481	Історія телескопа	778	1	72	19.0
482	Історія фізики	294	1	22	8.5
483	Ітербій	69	0	7	2.0
484	Ітрій	159	1	11	5.0
485	Йод	2127	25	135	61.0
486	Йод-131	337	0	31	8.0
487	Йодид калію	521	6	38	13.5
488	Йонний кристал	192	0	19	4.5
489	Кадмій	478	3	38	12.5
490	Калібрувальна інваріантність	24	0	2	1.0
491	Калібрувальний бозон	41	0	4	1.5
492	Калій	1566	14	96	41.5
493	Каліфорній	327	1	25	10.5
494	Калорія	875	13	48	25.0
495	Кальцій	1809	9	118	55.0
496	Камера Вільсона	467	3	39	12.0
497	Каналювання	2	0	1	0.0
498	Канонічне перетворення	29	0	5	1.0
499	Канонічний ансамбль (фізика)	6	0	2	0.0
500	Каони	23	0	3	0.0
501	Капілярний ефект	299	0	27	8.0
502	Каустика	41	0	5	1.0
503	Квадратурно-амплітудна модуляція	108	0	7	3.0
504	Квадратурно-фазова модуляція	14	0	3	0.5
505	Квадрупольний момент	29	0	4	1.0
506	Квазікласичне наближення	23	0	3	1.0
507	Квазікристал	36	0	5	1.0
508	Квазічастинка	60	0	10	1.0
509	Квант магнітного потоку	32	0	4	1.0
510	Квантова гравітація	122	0	11	3.0
511	Квантова декогеренція	35	0	4	1.0
512	Квантова дротина	8	0	2	0.0
513	Квантова інформація	18	0	2	1.0
514	Квантова криптографія	65	0	9	2.0
515	Квантова логіка	22	0	3	1.0
516	Квантова механіка	1148	20	52	35.0
517	Квантова телепортація	107	0	16	3.0
518	Квантова точка	99	0	12	2.0
519	Квантова тривіальність	8	0	2	0.0
520	Квантова хімія	78	0	9	2.0
521	Квантова хромодинаміка	65	0	6	2.0
522	Квантова яма	21	0	3	1.0
523	Квантовий байєсіанізм	7	0	2	0.0
524	Квантовий вихід	27	0	5	1.0
525	Квантовий ефект	4	0	1	0.0
526	Квантовий ефект Холла	38	0	7	1.0
527	Квантовий комп'ютер	896	11	50	29.0
528	Квантовий перехід	38	0	5	1.0
529	Квантовий стан	85	0	6	3.0
530	Квантовий стрибок	117	0	8	3.0
531	Квантовий хаос	12	0	3	0.0
532	Квантування Дірака	3	0	1	0.0
533	Кварк	952	12	50	27.0
534	Кварконій	11	0	2	0.0
535	Кільця Ньютона	143	0	16	3.0
536	Кінематика	1081	8	77	32.0
537	Кінетична енергія	3087	21	211	95.0
538	Кінетична теорія	1204	5	98	27.0
539	Кінетичне рівняння	38	0	4	1.0
540	Кінцевий ефект	47	0	6	1.0
541	Класична електродинаміка	525	3	38	12.0
542	Класична фізика	65	0	8	1.5
543	Кластер (фізика)	15	0	2	1.0
544	Клин (механіка)	126	0	19	2.0
545	Клістрон	63	0	5	2.0
546	Кліщі вимірювальні	63	0	8	2.0
547	КМОН	266	0	27	7.0
548	Кобальт	680	8	49	20.5
549	Когезія	170	0	16	4.0
550	Когерентність	1055	5	71	28.0
551	Коефіцієнт дифузії	130	0	15	3.0
552	Коефіцієнт екстинкції	45	0	5	1.0
553	Коефіцієнт жорсткості	2534	3	195	58.5
554	Коефіцієнт корисної дії	1426	11	106	37.0
555	Коефіцієнт підсилення антени	109	0	9	3.0
556	Коефіцієнт рекомбінації	3	0	1	0.0
557	Коефіцієнт самодифузії	5	0	1	0.0
558	Коефіцієнт теплового розширення	267	1	19	7.0
559	Колайдер	346	5	32	10.0
560	Колапс хвильової функції	58	0	5	2.0
561	Коливальний контур	2957	3	259	50.5
562	Коливання	4931	18	403	85.0
563	Коліматор	86	0	9	2.0
564	Колірна температура	502	6	32	17.0
565	Кольоровий заряд	60	0	5	2.0
566	Комірка Вігнера — Зейтца	19	0	5	0.0
567	Компенсований напівпровідник	4	0	2	0.0
568	Комплекс з переносом заряду	6	0	1	0.0
569	Композити	705	3	57	21.0
570	Комптонівське розсіювання	244	0	16	7.0
571	Конденсація Бозе — Ейнштейна	135	1	11	4.0
572	Контактна різниця потенціалів	165	0	17	4.0
573	Конфайнмент	82	0	6	2.0
574	Копенгагенська інтерпретація	69	0	8	2.0
575	Коперницій	80	0	6	2.0
576	Кореляційна енергія	7	0	1	0.0
577	Коронний розряд	200	0	17	6.0
578	Космологічна сингулярність	133	1	13	3.0
579	Космологічна стала	55	0	4	2.0
580	Космологічний масштабний фактор	11	0	2	1.0
581	Котушка Гельмгольца	14	0	2	0.5
582	Криптон	484	2	63	12.0
583	Кристалізація сплавів	97	0	10	2.0
584	Критерій Ліндеманна	3	0	1	0.0
585	Критична точка	153	0	32	4.0
586	Критичний тиск	32	0	3	1.0
587	Критичні індекси	6	0	2	0.0
588	Кріоелектронна мікроскопія	45	0	7	1.0
589	Кріолюмінесценція	7	0	1	0.5
590	Крутильні ваги	2	0	1	0.0
591	Ксенон	480	2	72	12.5
592	Ксі-баріон	10	0	2	0.0
593	Кубічний метр	2787	37	143	82.5
594	Кулон (одиниця)	848	4	57	20.5
595	Куперівська пара	23	0	6	0.5
596	Кут Брюстера	116	0	14	3.0
597	Кут змочування	103	0	16	2.0
598	Кутова модуляція	43	0	7	1.0
599	Кутова швидкість	1060	9	70	31.0
600	Кутове прискорення	620	0	44	18.5
601	Кюрій	80	0	10	2.0
602	Лабораторна система	7	0	1	0.0
603	Лазер на вільних електронах	12	0	2	0.0
604	Лазерна абляція	24	0	4	1.0
605	Лазерний гіроскоп	42	0	5	1.5
606	Лазерний далекомір	64	0	6	2.5
607	Лампа біжної хвилі	52	0	9	1.5
608	Лантан	157	0	15	4.0
609	Лантаноїди	269	1	17	7.5
610	Ланцюгова реакція	390	1	48	7.5
611	Ларморова частота	24	0	5	1.0
612	Лембів зсув	16	0	4	0.0
613	Лептон	205	1	15	6.0
614	Лептонний заряд	29	0	3	1.0
615	Ліверморій	79	0	8	2.0
616	Ліквідус	46	0	5	1.5
617	Лінза	1797	7	180	36.0
618	Лінійне середовище	3	0	1	0.0
619	Лінійчастий спектр	362	1	37	7.5
620	Літій	1608	15	132	43.0
621	Лічильник Гейгера	500	3	47	12.0
622	Локалізація Андерсона	1	0	1	0.0
623	Локалізований плазмон	23	0	2	1.0
624	Локалізований стан	24	0	4	1.0
625	Лоренц-коваріантність	14	0	3	0.0
626	Лоуренсій	116	0	11	2.5
627	Лужна батарейка	465	4	27	14.5
628	Луна (акустичне явище)	269	1	38	6.5
629	Людвіг Валентин Лоренц	7	0	3	0.0
630	Люмінесценція	427	3	30	13.0
631	Лютецій	104	0	9	3.0
632	Лямбда-баріон	15	0	2	0.0
633	Лямбда-точка	13	0	7	0.0
634	М-теорія	92	0	9	3.0
635	Магічні числа	35	0	14	1.0
636	Магічні ядра	58	0	7	2.0
637	Магнетизм	435	5	59	12.5
638	Магнетон Бора	42	0	5	1.0
639	Магнетоопір	24	0	4	1.0
640	Магнетрон	463	4	30	13.0
641	Магній	2048	14	129	64.0
642	Магнітна еквівалентність	3	0	2	0.0
643	Магнітна лінза	8	0	1	0.0
644	Магнітне динамо	17	0	5	0.0
645	Магнітне екранування ядра	5	0	1	1.0
646	Магнітне квантове число	104	0	10	2.0
647	Магнітне перез'єднання	7	0	4	0.0
648	Магнітний домен	42	0	4	1.0
649	Магнітний момент	295	1	23	8.5
650	Магнітний момент протона	13	0	4	1.0
651	Магнітний монополь	53	0	8	1.0
652	Магнітний перехід	0	0	0	0.0
653	Магнітний потік	932	5	71	26.5
654	Магнітний резонанс	114	0	12	3.0
655	Магнітогідродинаміка	17	0	3	0.0
656	Магніторушійна сила	45	0	5	1.0
657	Магнон	26	0	9	1.0
658	Майорон	6	0	1	0.0
659	Майстер-рівняння	2	0	1	0.0
660	Майтнерій	53	0	4	1.5
661	Манган	1335	14	93	38.5
662	Маса електрона	626	2	45	15.5
663	Масове число	1438	3	136	27.0
664	Матеріал	462	3	28	12.5
665	Матеріальна точка	757	4	51	23.0
666	Матриці Дірака	9	0	2	0.0
667	Матриця густини	27	0	4	1.5
668	Матриця розсіяння	36	0	12	1.0
669	Матрична механіка	31	0	16	0.0
670	Маятник	669	2	51	21.0
671	Межа Чандрасекара	55	1	5	2.0
672	Мезони	111	0	12	3.0
673	Мезоскопічна фізика	18	0	4	0.0
674	Менделевій	51	0	6	1.5
675	Металічний водень	40	0	6	1.0
676	Металічний зв'язок	892	2	77	22.5
677	Метастабільний стан	64	0	7	2.0
678	Метод Гартрі — Фока	32	0	8	1.0
679	Метод матриць переходу	10	0	3	1.0
680	Метод Чохральського	87	0	8	2.0
681	Метрика простору-часу	55	0	8	2.0
682	Метрика Фрідмана-Леметра-Робертсона-Вокера	19	0	2	1.0
683	Метрика Шварцшильда	38	0	5	1.0
684	Механізм Хіггса	62	0	7	1.0
685	Механічна рівновага	535	1	47	12.0
686	Мідь	3413	25	214	114.0
687	Міжатомна взаємодія	81	0	15	2.0
688	Міжнародний експериментальний термоядерний реактор	534	6	37	16.0
689	Мікроскопічний масштаб	13	0	2	0.0
690	Міліметрові хвилі	54	0	6	1.5
691	Мільйонна частка	491	3	34	15.5
692	Модель Габбарда	8	0	2	0.0
693	Модель Гарячого Всесвіту	34	0	16	1.0
694	Модель желе	29	0	4	1.0
695	Модель Ізінга	23	0	3	1.0
696	Модифікована ньютонівська динаміка	6	0	2	0.0
697	Модулі пружності	91	0	11	3.0
698	Модулометр	7	0	2	0.0
699	Модуль зсуву	190	0	23	4.0
700	Модуль Юнга	771	3	55	23.5
701	Модуляція (фізика)	773	3	62	18.0
702	Модуляція добротності	4	0	1	0.0
703	Молекула	2997	25	193	89.0
704	Молекулярна динаміка	25	0	4	1.0
705	Молекулярна орбіталь	74	0	10	2.0
706	Молекулярна рефракція	5	0	2	0.0
707	Молекулярні кристали	59	0	15	1.0
708	Молекулярно-променева епітаксія	15	0	2	1.0
709	Молібден	653	9	39	19.0
710	Момент сили	1759	16	119	55.0
711	Монохроматична плоска хвиля	276	1	20	8.0
712	Монохроматор	27	0	4	1.0
713	Монохромія	177	1	23	4.0
714	Московій	130	0	11	3.5
715	Мультиплетність	22	0	3	1.0
716	Мультипольний момент	7	0	1	0.0
717	Мюон	109	1	10	3.0
718	Мюоній	11	0	2	0.0
719	Наближення ефективного середовища	2	0	1	0.0
720	Наближення сильного зв'язку	14	0	2	1.0
721	Нагніт лазера	12	0	2	0.0
722	Надвипромінювання Діке	5	0	2	0.0
723	Надґратка	23	0	5	1.0
724	Надзвукова швидкість	553	8	34	16.0
725	Надкритична рідина	19	0	3	1.0
726	Надплинність	69	0	7	2.0
727	Надпорогова іонізація	4	0	2	0.0
728	Надтверді матеріали	45	0	6	1.0
729	Нанодротини	12	0	2	0.0
730	Наноелектромеханічні системи	23	0	3	1.0
731	Наноіоніка	3	0	2	0.0
732	Нанооболонка	1	0	1	0.0
733	Наноскопічний масштаб	5	0	2	0.0
734	Нанотехнології	1568	9	132	40.5
735	Наночастинка	187	1	21	4.5
736	Напівметал (спінтроніка)	14	0	2	1.0
737	Напівпровідник	2325	13	169	54.0
738	Напівпровідник p-типу	237	0	32	6.0
739	Напівтінь	143	0	17	3.0
740	Напруженість магнітного поля	464	2	27	13.5
741	Напруження	650	3	57	20.0
742	Народження пар	29	0	3	1.0
743	Насичена пара	551	3	50	15.5
744	Нат (одиниця вимірювання)	12	0	2	1.0
745	Натрій	2017	8	140	53.0
746	Наукова містифікація	25	0	14	0.0
747	Небо	427	3	30	11.5
748	Нейтраліно	15	0	2	1.0
749	Нейтральна частинка	76	0	11	1.0
750	Нейтрино	865	6	60	25.0
751	Нейтрон	1810	11	119	47.5
752	Нейтронно-адсорбційний аналіз	8	0	7	0.0
753	Нелінійна система	182	1	17	5.0
754	Нематик	12	0	2	0.0
755	Ненасичена пара	195	1	21	5.0
756	Неодим	157	0	12	5.0
757	Неон	836	5	74	21.5
758	Непрямий екситон	0	0	0	0.0
759	Нептуній	244	0	21	6.0
760	Нерозв'язані проблеми фізики	101	0	9	3.0
761	Нікель	797	8	48	22.0
762	Ніобій	225	0	21	5.5
763	Ніхоній	109	0	11	3.0
764	Нобелій	68	0	5	2.0
765	Нормальний порядок	1	0	1	0.0
766	Нормальні коливання	51	0	6	1.0
767	Нормальні умови	716	3	54	18.5
768	Носії заряду	738	4	62	16.0
769	Нотація бра-кет	40	0	10	1.0
770	Нотація Фогта	29	0	6	1.0
771	Нуклеація	41	0	6	1.5
772	Нуклеосинтез	148	2	10	4.0
773	Нуклід	948	5	71	22.0
774	Нуклон	808	2	67	14.5
775	Нульовий звук	6	0	3	0.0
776	Нульовий стан квантової системи	9	0	2	0.0
777	Нульові коливання	21	0	3	1.0
778	Об'єднана теорія поля	53	0	8	1.0
779	Об'єднаний інститут ядерних досліджень	36	0	4	1.0
780	Обернений простір	5	0	1	0.0
781	Обернений сантиметр	15	0	3	0.0
782	Обертання	593	5	43	15.0
783	Обійдені ядра	8	0	2	0.0
784	Область збіднення	21	0	3	1.0
785	Обмінна взаємодія	40	0	19	1.0
786	Оболонкова модель ядра	80	0	28	1.0
787	Обчислювальна гідродинаміка для зміни фази матеріалів	2	0	1	0.0
788	Обчислювальна механіка	3	0	1	0.0
789	Обчислювальна фізика	40	0	5	1.0
790	Оганесон	465	5	53	11.5
791	Одноатомний газ	33	0	4	1.0
792	Одноелектронне наближення	15	0	5	1.0
793	Оже-рекомбінація	1	0	1	0.0
794	Оже-спектроскопія	23	0	8	1.0
795	Оксиген	8996	24	590	243.5
796	Омега-баріон	15	0	3	1.0
797	Омега-мезон	8	0	3	0.0
798	Омічний контакт	63	0	14	1.0
799	Ондулятор	10	0	3	0.0
800	Оперативний запас реактивності	32	0	8	1.0
801	Оператор еволюції	10	0	3	0.0
802	Оператор числа частинок	4	0	2	0.0
803	Оператори народження та знищення	28	0	3	1.0
804	Операція молекулярної машини	2	0	1	0.0
805	Опорний сигнал	76	0	11	2.0
806	Опромінення	571	3	49	13.5
807	Оптика тонких плівок	31	0	9	1.0
808	Оптична активність	62	0	8	2.0
809	Оптична вісь	85	0	11	2.0
810	Оптична вісь кристалу	5	0	1	0.0
811	Оптична густина	364	0	27	8.5
812	Оптична сила	470	0	56	7.5
813	Оптична теорема	3	0	1	0.0
814	Оптичне випромінювання	166	0	26	4.0
815	Оптичний параметричний осцилятор	7	0	1	0.0
816	Оптичний стіл	4	0	1	0.0
817	Оптичний телескоп	90	0	9	2.0
818	Оптичний фонон	10	0	3	0.0
819	Оптично активні речовини	83	0	8	3.0
820	Оптоволокно	1120	7	69	35.0
821	Орбітальне квантове число	132	0	13	4.0
822	Орбітон	2	0	1	0.0
823	Органічний світлодіод	398	6	26	10.0
824	Органічні напівпровідники	48	0	5	1.0
825	Освітленість	630	2	50	17.0
826	Осмій	462	2	32	12.5
827	Основна фізична величина	175	0	16	5.0
828	Осцилятор Лоренца	9	0	4	0.0
829	Осциляції нейтрино	103	0	76	0.0
830	Осциляції Рабі	19	0	3	1.0
831	Осциляції Шубнікова — де Гааза	6	0	2	0.0
832	П'єзоелектрики	98	1	11	2.0
833	П'єзоефект	180	1	18	5.0
834	Паладій	860	14	49	25.5
835	Пара	290	1	19	9.0
836	Парадокс близнят	466	1	72	10.0
837	Парадокс Еренфеста	18	0	2	1.0
838	Парадокс субмарини	35	0	6	1.0
839	Парамагнетики	311	2	28	8.0
840	Пасивна радіолокація	92	0	11	3.0
841	Пентакварк	18	0	2	1.0
842	Перетворення Гільберта	27	0	5	1.0
843	Перехресна ентропія	42	0	5	1.0
844	Період напіврозпаду	2295	6	196	36.5
845	Питомий імпульс	41	0	4	1.0
846	Питомий коефіцієнт поглинання електромагнітної енергії	70	0	9	2.0
847	Піони	85	0	10	2.0
848	Плазмон	38	0	9	1.0
849	Платина	940	8	53	26.5
850	Плутоній	522	4	31	15.5
851	Плутоній-239	315	2	35	9.0
852	Повне внутрішнє відбиття	1441	3	157	26.0
853	Поділ ядра	1071	3	132	16.0
854	Позитрон	384	3	22	12.0
855	Позитроній	23	0	3	0.0
856	Полоній	496	2	36	13.0
857	Поляритон	24	0	2	1.0
858	Полярон	17	0	2	0.5
859	Померон	19	0	6	1.0
860	Попов Олександр Степанович	617	2	65	13.5
861	Посудина Дьюара	176	0	13	5.0
862	Поширення радіохвиль	916	2	73	27.0
863	Празеодим	80	0	5	2.5
864	Припустиме затухання	3	0	2	0.0
865	Проєкт Y	95	0	10	3.0
866	Прометій	97	0	9	3.0
867	Протактиній	61	0	7	1.5
868	Протій	107	0	14	3.0
869	Протон	2722	12	192	60.5
870	Радар	702	5	59	20.0
871	Радар із синтезованою апертурою	48	0	5	1.5
872	Радіаційна аварія	232	0	26	4.5
873	Радій	839	4	58	23.0
874	Радіоелектронна протидія	75	0	7	2.0
875	Радіозв'язок	864	2	54	26.0
876	Радіолокаційні перешкоди	76	0	10	2.0
877	Радіофотонна РЛС	37	0	4	1.0
878	Радон	650	6	44	20.0
879	Реактивний рух	1003	5	76	26.0
880	Резерфордій	81	0	7	2.0
881	Рейкотрон	199	1	20	5.0
882	Реній	168	0	11	4.0
883	Рентгеній	77	0	7	2.5
884	Рівняння Греда — Шафранова	0	0	0	0.0
885	Рівняння дифузії	69	0	9	2.0
886	Рівняння Смолюховського	7	0	3	1.0
887	Рівняння Шредінгера	544	5	59	16.0
888	Рідкі кристали	1699	15	131	41.0
889	Ро-мезон	10	0	2	0.0
890	Родій	870	3	124	15.0
891	Розходження Кульбака — Лейблера	46	0	6	1.0
892	Ротон	12	0	2	0.0
893	Ртуть	2659	32	299	77.0
894	Рубідій	242	2	16	8.0
895	Рутеній	215	1	22	6.0
896	Самарій	80	0	6	2.5
897	Свинець	1780	17	119	48.0
898	Світлодіод	850	12	61	25.0
899	Селен	1193	7	70	37.0
900	Сигма-баріон	8	0	2	0.0
901	Сигма-дельта-модуляція	92	0	10	3.0
902	Сила Лоренца	1222	7	80	35.0
903	Силіцій	2664	16	192	74.0
904	Сіборгій	80	1	5	2.0
905	Сірка	5771	30	431	157.5
906	Скандій	269	2	24	7.0
907	Спектральна ефективність	25	0	4	1.0
908	Спектрофотометр	88	0	10	2.0
909	Список позначень у фізиці	4237	14	288	94.0
910	Спільна ентропія	20	0	7	1.0
911	Сплутані квантові стани	294	2	26	7.0
912	Срібло	2764	28	157	86.5
913	Стандартний стан	199	1	15	6.0
914	Станум	942	13	50	30.0
915	Статистичний шум	4	0	2	0.0
916	Стерильне нейтрино	22	0	4	1.0
917	Стибій	497	4	29	15.5
918	Стронцій	477	6	30	12.5
919	Супергетеродинний радіоприймач	159	0	12	4.0
920	Суперсиметрія	136	0	9	4.0
921	Супутниковий зв'язок	1202	4	104	34.5
922	Сферміон	6	0	1	0.0
923	Сцинтиляційні лічильники	61	0	8	1.0
924	Талій	358	3	35	9.5
925	Тантал (хімічний елемент)	832	3	245	13.5
926	Тау-лептон	39	0	5	1.0
927	Тахіони	265	0	29	7.0
928	Телур	311	1	24	9.5
929	Теннессин	111	0	9	3.5
930	Теорія де Бройля — Бома	54	0	7	1.0
931	Теплобачення	117	0	10	3.0
932	Тербій	114	0	23	2.0
933	Термоядерна енергія	653	4	92	12.0
934	Тета-мезон	2	0	1	0.0
935	Тетракварк	15	0	2	0.0
936	Технецій	158	1	12	4.5
937	Титан (хімічний елемент)	1224	15	70	40.5
938	Томаш Станецький	0	0	0	0.0
939	Торій	479	3	49	11.0
940	Траєкторія	645	3	40	21.0
941	Трансфермієві війни	21	0	3	1.0
942	Тритій	463	7	31	13.0
943	Тріон	4	0	2	0.0
944	Тулій	63	0	5	2.0
945	Уран (хімічний елемент)	1193	11	71	37.5
946	Уран-235	1204	13	105	31.5
947	Фазова модуляція	167	0	24	4.0
948	Фазована антенна решітка	183	1	17	6.0
949	Фермій	60	0	5	2.0
950	Ферміон	214	2	16	6.0
951	Фі-мезон	10	0	2	0.0
952	Фізика	2328	25	124	65.0
953	Фізика низьких температур (журнал)	10	0	2	1.0
954	Флеровій	65	0	5	2.0
955	Фонон	90	0	10	2.5
956	Формула Койде	5	0	2	0.0
957	Фосфор	3834	21	280	95.0
958	Фотон	1638	18	97	39.0
959	Францій	238	2	18	6.0
960	Фтор	1508	7	104	41.5
961	Фундаментальна частинка	67	0	6	2.0
962	Фундаментальні взаємодії	484	5	44	13.5
963	Функція розподілу (статистична фізика)	25	0	6	1.0
964	Халькогени	154	0	12	5.0
965	Хлор	2881	18	197	81.0
966	Хром	1146	7	69	37.0
967	Хронологія квантових обчислень	111	0	51	1.0
968	Цезій	420	3	32	11.0
969	Церій	160	1	12	4.0
970	Циклотронна маса	4	0	2	0.0
971	Цинк	1780	18	123	51.5
972	Цирконій	683	9	40	21.0
973	Частотна модуляція	412	2	36	13.0
974	Черенковське випромінювання	221	2	17	6.5
975	Число Авогадро	3294	13	318	75.5
976	Число Маха	823	13	44	26.0
977	Шипіння (ядерна зброя)	1	0	1	0.0
978	Шлях (фізика)	997	10	70	29.5
979	Ядерна енергетика	1899	7	246	32.5
980	Ядерне випробування	258	0	15	9.0
981	Ядерний вибух	906	6	108	23.0
982	Ядро атома	6102	10	514	97.5
983	B-кварк	40	0	10	1.0
984	B-мезон	11	0	2	0.0
985	BeamForming	62	0	7	1.0
986	C-кварк	21	0	3	0.0
987	CERN	482	4	37	14.5
988	D-кварк	45	0	6	1.0
989	D-мезон	19	0	9	0.0
990	J/ψ-мезон	17	0	4	0.0
991	Ku-діапазон	126	0	14	3.0
992	S-кварк	19	0	3	0.0
993	T-кварк	23	0	4	0.0
994	T-мезон	8	0	2	0.0
995	U-кварк	57	0	6	1.0
996	W- і Z-бозони	45	0	6	1.0
997	Wendelstein 7-X	37	0	5	1.0
998	X та Y бозони	13	0	3	0.0
