1	5-фторурацил	87	0	8	2.0
2	Абакавір	19	0	5	0.0
3	Абакавір/Ламівудин	11	0	4	0.0
4	Абарестезія	19	0	2	1.0
5	Абатестезія	7	0	2	0.0
6	Абдоміналізація серця	11	0	2	1.0
7	Абдомінопластика	328	2	48	9.0
8	Абсанс	345	5	21	11.0
9	Абсцес	2499	35	137	70.0
10	Абсцес легень	1334	15	82	39.0
11	Август Вагенманн	2	0	1	0.0
12	Авілова Ольга Матвіївна	73	0	7	2.0
13	Авітамінози	1906	15	110	49.5
14	Австралійський кліщовий рикетсіоз	39	0	3	1.0
15	Автоімунні захворювання	1840	23	95	58.0
16	Агнозія	475	4	44	13.0
17	Агомелатин	69	0	7	2.0
18	Агорафобія	931	18	42	29.0
19	Агранулоцитоз	669	6	53	19.0
20	Адалімумаб	99	1	8	3.0
21	Адам Крістіян Тебезій	3	0	1	0.0
22	Аддералл	1114	17	59	34.0
23	Аддісонова хвороба	1174	16	66	37.0
24	Аделькі Негрі	3	0	1	0.0
25	Аденовіруси	481	3	41	14.0
26	Аденовірусна інфекція	1415	18	83	41.5
27	Аденома гіпофіза	274	1	17	8.5
28	Аденома щитоподібної залози	305	2	23	9.0
29	Адинамія	62	0	6	2.0
30	Адонізид	54	0	13	1.0
31	Адреналектомія	36	0	6	1.0
32	Адреногенітальний синдром	466	5	25	14.5
33	Адренокортикальна аденома	78	0	7	2.0
34	Адренокортикальна карцинома	20	0	4	1.0
35	Адренокортикотропний гормон	581	2	32	18.0
36	Адсорбована коклюшно-дифтерійно-правцева вакцина	1051	6	70	34.5
37	Аерофагія	100	0	7	3.0
38	Азеластин	27	0	3	1.0
39	Азилсартан	38	0	5	1.0
40	Азитроміцин	823	4	47	26.0
41	Азлоцилін	17	0	6	0.0
42	Азооспермія	167	1	15	5.0
43	Азотемія	149	1	10	4.5
44	Азтреонам	32	0	4	1.0
45	Айван Магілл	6	0	1	0.0
46	Айзенберг Олександр Абрамович	10	0	3	0.0
47	Аймалін	26	0	3	1.0
48	Акінезія	64	0	7	2.0
49	Акне	3054	50	155	92.5
50	Акривастин	15	0	3	0.0
51	Акрихін	30	0	4	1.0
52	Акромегалія	683	6	41	19.5
53	Актиномікоз	239	1	18	8.0
54	Актовегін	229	1	18	6.5
55	Акушерка	208	1	15	6.0
56	Алберт Аґуайо	13	0	10	0.0
57	Александер Флемінг	612	4	46	16.0
58	Алексія	95	0	8	3.0
59	Алемтузумаб	12	0	3	0.5
60	Алергічний дерматит	448	2	27	14.0
61	Алергія на латекс	76	0	6	3.0
62	Алессандра Джиліані	6	0	2	0.0
63	Алкоголізм	4402	81	237	129.0
64	Алоїз Альцгеймер	73	0	7	2.0
65	Алоїз Капуано	1	0	1	0.0
66	Алпразолам	1131	21	45	35.0
67	Альбендазол	559	4	42	14.5
68	Альберто Асколі	14	0	5	0.0
69	Альберто Бартон	2	0	1	0.0
70	Альбумінурія	61	0	10	1.0
71	Альдостерон	633	4	40	17.0
72	Альфа-адреноблокатори	368	3	29	10.0
73	Альфа-клітина	21	0	3	1.0
74	Альфа-фетопротеїн	585	2	42	19.0
75	Альфонс Якоб	5	0	1	0.0
76	Альфред Вельпо	11	0	4	0.0
77	Альфузозин	24	0	5	1.0
78	Амантадин	160	0	38	3.0
79	Амбазон	66	0	5	2.0
80	Амбліопія	736	4	42	23.0
81	Амброксол	564	5	34	17.0
82	Амебіаз	1002	3	66	28.0
83	Аменорея	1032	7	56	31.0
84	Американська колегія хірургів	7	0	1	0.0
85	Амізон	511	2	57	10.0
86	Амікацин	169	1	13	4.0
87	Амілоїд	81	0	7	3.0
88	Амілоїдоз	770	6	49	23.5
89	Амімія	34	0	4	1.0
90	Аміноглікозиди	475	1	33	14.0
91	Амінотрансферази	207	0	19	5.0
92	Аміодарон	153	1	12	4.0
93	Амісульприд	52	0	5	1.5
94	Амітриптилін	1094	13	62	31.0
95	Амлодипін	452	3	26	13.5
96	Амнезія	726	13	48	22.0
97	Амніоцентез	171	1	11	4.5
98	Амоксицилін	873	14	48	25.5
99	Амоксицилін/клавуланова кислота	399	4	27	12.0
100	Амосов Микола Михайлович	2819	35	182	82.5
101	Ампренавір	7	0	2	0.0
102	Ампутація	225	2	18	6.0
103	Амрінон	14	0	4	0.0
104	Амтолметин гуацил	19	0	4	0.0
105	Амузія	30	0	6	1.0
106	Амфетамін	4350	99	192	135.0
107	Амфотерицин В	88	0	11	2.0
108	Анагрелід	16	0	3	0.0
109	Анапластичний рак щитоподібної залози	40	0	4	1.0
110	Анасарка	446	6	29	12.0
111	Анастомоз	182	0	19	5.0
112	Анастрозол	85	1	8	2.0
113	Анатоксин	239	1	19	6.5
114	Анатомічний театр Київського університету Св. Володимира	34	0	6	1.0
115	Анатомо-терапевтично-хімічна класифікація	203	0	26	5.5
116	Анафілаксія	513	5	33	14.0
117	Анафілактичний шок	2277	12	148	62.5
118	Ангіологія	46	0	8	1.0
119	Ангіома	353	2	21	10.5
120	Ангіосаркома	23	0	3	1.0
121	Ангіосаркома щитоподібної залози	8	0	6	0.0
122	Ангіоспазм	191	0	14	6.0
123	Ангіостронгільоз	43	0	5	1.0
124	Анджело Челлі	29	0	8	0.5
125	Андрейчин Михайло Антонович	139	0	13	3.0
126	Андрогени	566	8	28	17.0
127	Андростендіон	118	1	8	3.0
128	Аневризма	1626	28	84	48.5
129	Аневризма аорти	1021	16	60	31.0
130	Анемія	8210	78	461	226.5
131	Анестезія	875	6	54	25.0
132	Анеуплоїдія	549	2	53	14.5
133	Анідулафунгін	6	0	2	0.0
134	Анізакіди	71	0	9	1.0
135	Анізакідоз	239	0	99	3.5
136	Анізокорія	724	10	38	23.0
137	Анкілоз	286	1	25	7.0
138	Анкілозуючий спондилоартрит	1418	11	77	42.5
139	Анкілостомози	141	0	10	4.5
140	Анорексія (симптом)	2119	36	132	62.0
141	Антагоністи альдостерону	143	0	13	4.0
142	Антиаритмічні препарати	431	1	38	12.0
143	Антигіпертензивні препарати	1181	14	73	36.0
144	Антипсихотичні препарати	867	10	41	27.0
145	Антитіла	2393	23	130	74.5
146	Антифосфоліпідний синдром	351	1	34	8.5
147	Антон Вексельбаум	3	0	1	0.0
148	Антон Гон	11	5	6	5.5
149	Антоні Крупський	4	0	1	0.0
150	Антраль	1581	28	86	51.0
151	Антропоноз	588	2	45	16.0
152	Анурія	354	2	22	11.5
153	Аортальна недостатність	412	1	34	12.0
154	Апатія (медицина)	1730	39	73	53.0
155	Апендицит	2639	39	117	88.5
156	Апное	453	6	23	14.5
157	Апное уві сні	1099	21	63	34.0
158	Аполіпопротеїн A1	27	0	4	1.0
159	Апраксія	456	4	29	13.5
160	Апрепітант	26	1	11	5.0
161	Аптека	352	2	47	10.0
162	Арахноїдит	387	3	28	11.0
163	Арбідол	221	1	26	4.0
164	Арбовірусні хвороби	154	0	21	4.0
165	Аргентинська геморагічна гарячка	41	0	7	1.0
166	Арипіпразол	62	0	7	1.0
167	Арман Труссо	8	0	2	0.0
168	Армодафініл	177	0	13	5.0
169	Артеріальна гіпертензія	7042	82	376	202.0
170	Артеріальна гіпотензія	2146	38	95	69.0
171	Артеріосклероз	126	1	12	4.0
172	Артерія м'яза-підіймача яєчка	17	0	4	0.0
173	Артерія сім'явивідної протоки	35	0	4	2.0
174	Артерія яєчка	70	0	6	2.0
175	Артралгія	513	3	31	15.5
176	Артремфіт	54	0	5	1.0
177	Артрит	2786	48	144	81.0
178	Артроз плечового суглоба	168	0	14	5.0
179	Артропластика	63	0	22	1.0
180	Артур Ернест Гведел	13	0	3	0.0
181	Асептика	733	1	57	20.0
182	Аскарида людська	3353	33	189	86.0
183	Аскаридоз	2275	18	122	68.0
184	Аспарагіназа	47	0	6	1.0
185	Аспергільоз	195	1	21	5.5
186	Астазія	50	0	5	2.0
187	Астемізол	19	0	3	0.0
188	Астенія	2048	35	114	64.5
189	Асфіксія	1902	23	109	52.0
190	Асцит	792	11	62	21.5
191	Атазанавір	17	0	2	0.5
192	Атаксія	657	8	47	20.0
193	Атезолізумаб	26	0	5	1.0
194	Ателектаз легені	913	4	51	27.0
195	Атеросклероз	5510	60	344	144.5
196	Атетоз	135	1	10	5.0
197	Атипова пневмонія	2186	2	346	26.0
198	Атлант (анатомія)	399	6	27	11.5
199	Атоваквон	18	0	3	1.0
200	Атонія	227	1	16	6.0
201	Аторвастатин	215	0	14	6.0
202	Атропін	775	4	63	22.5
203	Атрофія	800	9	53	21.0
204	Аура (симптом)	248	3	18	7.5
205	Аускультація	376	3	27	10.5
206	Аутопсія	671	7	45	20.0
207	Аутотрансплантація	94	1	11	2.0
208	Афект первинний	38	0	5	1.0
209	Афонія	135	0	11	4.0
210	Афти	96	0	7	3.0
211	Ахілів рефлекс	167	0	12	6.0
212	Ахондроплазія	227	1	13	7.5
213	Ацеклофенак	73	0	7	2.0
214	Аценокумарол	107	0	14	3.0
215	Ацетилсаліцилова кислота/гідроксид магнію	111	0	13	3.0
216	Ацетилцистеїн	486	4	27	15.0
217	Ацикловір	844	7	54	25.5
218	Бабезіоз	175	1	16	4.5
219	Базиліксимаб	7	0	2	0.0
220	Базофілопенія	16	0	3	1.0
221	Бактеріємія	220	0	17	6.0
222	Балантидіаз	178	0	13	5.5
223	Бальнеологія	441	3	37	12.0
224	Барабанна струна	81	1	7	2.0
225	Бардах Яків Юлійович	12	0	2	1.0
226	Барлова хвороба	58	0	7	1.0
227	Баротравма	261	0	78	5.0
228	Бартолініт	88	0	9	2.0
229	Бартолінові залози	458	4	24	14.0
230	Бартонельози	89	1	7	3.0
231	Баттологія	26	0	3	1.0
232	Бацилярний ангіоматоз	47	0	6	1.0
233	Бацилярний пурпурний гепатит	29	0	5	1.0
234	Бевацизумаб	82	0	10	2.0
235	Бедаквілін	70	0	6	2.0
236	Беджель	110	0	10	3.0
237	Безифлоксацин	6	0	1	0.5
238	Безоар	172	0	31	4.5
239	Безредка Олександр Михайлович	63	0	8	2.0
240	Безсоння	1089	17	50	34.0
241	Беклометазон	59	0	8	2.0
242	Беміпарин	16	0	3	1.0
243	Беназеприл	29	0	4	1.0
244	Бендамустин	41	0	5	1.0
245	Бенджамін Раш	21	0	4	1.0
246	Бенедикт Ваґнер	2	0	1	0.0
247	Бензатин бензилпеніцилін	130	0	9	4.0
248	Бензатин феноксиметилпеніцилін	9	0	4	0.0
249	Бензобарбітал	18	0	3	1.0
250	Бенфлуорекс	9	0	2	0.0
251	Бепридил	11	0	5	0.0
252	Бері-бері	630	3	36	20.0
253	Бернгард Нохт	2	0	1	0.0
254	Бета-2-адреностимулятори	235	1	13	7.5
255	Бета-блокатор	1114	16	59	31.0
256	Бета-клітина	85	0	8	2.0
257	Бета-лактамази	123	0	10	3.5
258	Бетагістин	76	0	7	2.0
259	Бетаксолол	28	0	4	1.0
260	Бешиха	3691	54	196	98.5
261	Бівалірудин	7	0	2	0.0
262	Бігуняк Володимир Васильович	33	0	5	1.0
263	Бікалутамід	30	0	3	1.0
264	Біла гарячка	1569	33	64	48.5
265	Біластин	87	0	9	2.5
266	Біль	914	9	59	28.0
267	Біль за грудиною	96	0	10	3.0
268	Біодоступність	276	0	26	7.5
269	Біохімічний аналіз крові	3327	29	165	116.0
270	Біпериден	29	0	5	1.0
271	Біполярний афективний розлад	5408	111	235	165.5
272	Біфоназол	54	0	8	1.0
273	Бічний аміотрофічний склероз	1765	24	112	53.0
274	Бленорея	147	0	13	4.0
275	Блеоміцин	22	0	3	1.0
276	Блефарит	333	4	19	10.0
277	Близькосхідний коронавірусний респіраторний синдром	2396	0	393	21.0
278	Бліда куля	61	0	7	2.0
279	Блокатори кальцієвих каналів	812	8	59	23.5
280	Блокатори H2-гістамінових рецепторів	439	3	35	12.0
281	Блювання	546	8	31	15.5
282	Богданов Іван Лукіянович	5	0	2	0.0
283	Бокавірусна інфекція	159	0	93	2.0
284	Болівійська геморагічна гарячка	44	0	9	1.0
285	Бородавка	1583	22	79	47.5
286	Борозна (мозок)	329	0	23	7.5
287	Ботулізм	3099	56	148	95.5
288	Боцепревір	7	0	2	0.0
289	Брадикардія	2259	19	137	73.5
290	Брахідактилія	100	0	10	2.0
291	Браян Артур Селлік	7	0	4	0.0
292	Брентуксимаб ведотин	30	0	6	1.0
293	Бретилію тозилат	25	0	3	1.0
294	Бривудин	9	0	4	0.0
295	Брижа (кишечник)	329	2	22	10.5
296	Бринцидофовір	5	0	2	0.0
297	Бромгексин	512	5	42	15.0
298	Бромокриптин	109	0	12	3.0
299	Бронхіальна астма	994	1	206	3.0
300	Бронхіт	6524	90	326	200.0
301	Бронхоектатична хвороба	1598	8	107	42.0
302	Бронхоспазм	491	7	30	14.0
303	Бругіоз	29	0	3	1.0
304	Бруцельоз	1252	11	75	33.0
305	Бубновський Сергій Михайлович	593	5	34	18.0
306	Бубон (медицина)	623	3	62	18.5
307	Бубонна чума	4070	13	709	83.5
308	Будесонід	164	1	13	5.0
309	Булімія	1845	32	95	56.0
310	Бупренорфін	362	3	27	9.5
311	Бупропіон	125	0	11	4.0
312	Бурсит	1232	24	65	38.0
313	Бусерелін	6	0	1	0.0
314	Буспірон	288	2	19	8.5
315	Бусульфан	11	0	4	0.0
316	Бутоконазол	3	0	1	0.0
317	Буторфанол	108	1	10	3.0
318	Вавжинєц Прессен	4	0	1	0.0
319	Вагінальний кандидоз	2557	39	119	78.0
320	Вазоактивний інтестинальний пептид	21	0	4	1.0
321	Вазопресин	1381	13	81	43.0
322	Вакцина проти гепатиту А	107	0	10	3.5
323	Вакцина проти епідемічного паротиту	82	0	9	3.0
324	Вакцина проти кору	295	0	23	7.5
325	Вакцинація	986	7	80	27.0
326	Вакцини	2172	14	124	67.0
327	Вакцини проти холери	48	0	3	1.0
328	Валацикловір	123	1	9	4.0
329	Валганцикловір	23	0	6	1.0
330	Валсартан	172	1	13	4.0
331	Вальпроєва кислота	191	1	16	5.0
332	Варикоз	1488	16	99	42.0
333	Варфарин	309	1	19	9.5
334	Васкуліт	849	9	51	22.5
335	Ведолізумаб	16	0	3	1.0
336	Везикульозний рикетсіоз	76	0	6	2.0
337	Велика Лондонська чума	13	3	10	6.5
338	Великий кам'янистий нерв	54	0	9	1.5
339	Великогомілкова кістка	446	3	38	13.0
340	Венеричні хвороби	1761	33	98	48.5
341	Венерологія	234	0	15	7.0
342	Венесуельський енцефаломієліт	19	0	4	1.0
343	Венлафаксин	106	0	9	3.0
344	Верапаміл	205	1	13	6.0
345	Вернакалант	39	0	4	1.0
346	Вертикальний механізм передачі інфекції	205	0	25	5.0
347	Верхнє слиновидільне ядро	7	0	2	0.0
348	Верхній гортанний нерв	28	0	4	1.0
349	Верхньощелепна артерія	186	1	15	6.0
350	Верхньощелепна вена	13	0	2	1.0
351	Верхня гортанна артерія	3	0	1	0.0
352	Верхня щитоподібна артерія	22	0	3	1.0
353	Верхня щитоподібна вена	5	0	1	0.0
354	Виноградов Костянтин Миколайович	2	0	1	0.0
355	Випадкова смерть та інвалідність: знехтуване захворювання сучасного суспільства	0	0	0	0.0
356	Виразка Бурулі	92	0	9	2.5
357	Висип	1747	23	97	50.0
358	Висівкоподібний (різнокольоровий) лишай	3409	47	153	108.0
359	Високоактивна антиретровірусна терапія	307	2	19	9.5
360	Високович Володимир Костянтинович	95	0	22	1.5
361	Висотна хвороба	547	5	41	15.0
362	Висхідна глоткова артерія	26	0	5	1.0
363	Висхідна шийна артерія	25	0	4	1.0
364	Відрижка	368	4	19	12.0
365	Відшарування сітківки	256	1	20	8.0
366	Військова медицина в Україні	125	0	11	3.5
367	Військові медичні заклади України	146	0	10	4.5
368	Військово-лікарські комісії України	646	3	50	16.5
369	Віктор Бабеш	13	0	3	0.0
370	Вілем Душан Лямбль	17	0	4	0.0
371	Вілізієве коло	434	1	31	13.0
372	Вільгельм Ґрізінґер	12	0	9	0.0
373	Вільям Буг Лейшман	6	0	1	0.0
374	Вільям Горгас	5	0	1	0.0
375	Віментин	24	0	2	1.0
376	Вінбластин	43	0	4	1.0
377	Вінорельбін	19	0	4	1.0
378	ВІПома	18	0	3	0.5
379	Вірджинія Апгар	42	0	5	1.0
380	Вірус Епштейна — Барр	2830	29	146	93.5
381	Вірус Зіка	518	1	117	11.0
382	Вірус імунодефіциту людини	5081	51	359	138.0
383	Вірус Норуолк	131	0	15	3.0
384	Вірус папіломи людини	2507	38	127	76.5
385	Вірусемія	57	0	7	2.0
386	Вірусні захворювання	470	1	46	10.5
387	Віспа мавп	84	0	7	3.0
388	Вісцеральний лейшманіоз	159	0	30	3.0
389	Вітамін B12	2388	30	122	76.0
390	Вітряна віспа	7332	146	304	237.0
391	Внутрішнє вухо	745	7	45	22.0
392	Внутрішньоартеріальна ін'єкція	26	0	4	1.0
393	Внутрішньовенна ін'єкція	1244	14	63	43.0
394	Внутрішньолікарняна інфекція	567	5	42	17.5
395	Внутрішньом'язова ін'єкція	1551	12	104	43.0
396	Внутрішньочерепна гіпертензія	952	10	64	27.5
397	Внутрішня грудна артерія	127	0	9	4.0
398	Внутрішня сонна артерія	234	0	14	7.5
399	Внутрішня яремна вена	379	5	22	12.0
400	Воєнно-медична доктрина України	99	0	10	3.0
401	Возіанова Жанна Іванівна	40	0	4	1.0
402	Войцех Жердинський	4	0	2	0.0
403	Волинська гарячка	134	1	11	4.0
404	Волянський Юрій Леонідович	21	0	3	1.0
405	Вориконазол	34	0	5	1.0
406	Вортіоксетин	62	0	6	2.0
407	Воші	2625	48	122	80.0
408	Всесвітній день боротьби з цукровим діабетом	43	0	21	1.0
409	Всеукраїнський центр професійної реабілітації інвалідів	189	1	16	5.0
410	Всеукраїнський центр радіохірургії	116	0	10	3.5
411	Вузлик	274	3	22	8.5
412	Вузликовий періартеріїт	411	0	35	11.5
413	Вухереріоз	40	0	7	1.0
414	Вушна раковина	196	0	13	6.0
415	Габапентин	290	2	21	9.0
416	Газова гангрена	910	5	71	27.5
417	Галітоз	348	2	33	10.0
418	Галоперидол	1156	18	74	35.5
419	Галофантрин	17	0	5	1.0
420	Галюцинація	475	8	28	14.0
421	Гамалія Микола Федорович	191	1	15	6.0
422	Гангрена	2162	36	98	64.5
423	Гангрена Фурньє	29	29	29	29.0
424	Ганс Сельє	122	0	10	4.0
425	Ганс Цінссер	6	0	4	0.0
426	Ганс-Герхард Кройцфельд	5	0	1	0.0
427	Ганцикловір	66	0	5	2.0
428	Гаплогрупа R1a	646	4	55	17.5
429	Гарячка	2713	26	181	77.5
430	Гарячка денге	590	4	60	17.0
431	Гарячка Західного Нілу	182	1	19	4.0
432	Гарячка Ласса	225	0	21	6.5
433	Гарячка лісу Барма	4	0	2	0.0
434	Гарячка лісу Семлікі	14	0	2	1.0
435	Гарячка паппатачі	73	0	15	2.0
436	Гарячка Ріфт Валлі	45	0	6	1.0
437	Гарячка Росс Рівер	40	0	5	1.0
438	Гарячка Сіндбіс	9	0	2	1.0
439	Гарячки від укусу пацюків	31	0	4	1.0
440	Гастринома	31	0	5	1.0
441	Гастрит	2528	30	146	73.5
442	Гастроезофагеальна рефлюксна хвороба	3238	39	172	96.5
443	Гатіфлоксацин	111	0	7	3.5
444	Гвайфенезин	830	13	39	27.0
445	Гексопреналін	6	0	2	0.0
446	Гельмінти	2322	20	151	71.5
447	Гельмінтози	1061	9	64	30.5
448	Гемартроз	144	0	11	5.0
449	Гематома	1370	23	75	44.0
450	Гематурія	504	7	31	15.0
451	Геміпарез	554	4	30	18.0
452	Геміфлоксацин	17	0	3	0.0
453	Гемолітична анемія	722	3	49	19.0
454	Гемоперикард	27	0	6	1.0
455	Геморагічна гарячка	499	0	74	10.5
456	Геморагічна гарячка з нирковим синдромом	343	0	28	8.5
457	Геморагічний васкуліт	1402	20	71	43.0
458	Геморагічний інсульт	1163	9	70	35.5
459	Геморой	3379	56	153	102.5
460	Гемофілія	3435	36	434	77.5
461	Гемофільна інфекція	869	7	58	24.5
462	Гемохроматоз	270	1	27	7.0
463	Гемцитабін	50	0	4	1.0
464	Генетичні хвороби	1475	12	105	37.5
465	Генрик Кадий	3	0	1	0.0
466	Генрик Мосінг	65	0	7	2.0
467	Генрі Едвард Шортт	23	0	9	0.0
468	Генрі Коплік	2	0	1	0.0
469	Генріх Квінке	17	0	3	0.0
470	Гентаміцин	291	2	17	9.0
471	Георг Гаффкі	1	0	1	0.0
472	Георг Фернан Ізідор Відаль	8	0	2	0.0
473	Георгіос Папаніколау	44	0	6	1.0
474	Гепатит А	1596	18	98	44.0
475	Гепатит B	2418	28	130	68.5
476	Гепатит C	2767	39	129	87.5
477	Гепатит D	383	4	42	10.5
478	Гепатит E	263	0	19	8.0
479	Гепатомегалія	790	5	45	26.0
480	Гепатоцит	355	1	23	11.0
481	Герасун Борис Абрамович	47	0	7	1.5
482	Герман Музер	0	0	0	0.0
483	Герпес простий	1801	25	89	54.0
484	Герпесвіруси	378	1	26	11.0
485	Герпесвірусні інфекції	983	12	57	29.0
486	Гестаційний цукровий діабет	187	1	12	4.5
487	Гефітиніб	14	0	3	0.0
488	Гикавка	1294	27	55	39.5
489	Гіаліноз	144	1	10	3.0
490	Гіалоїдна мембрана	14	0	2	0.0
491	Гібернома	94	0	11	2.0
492	Гігантоклітинний артеріїт	117	0	18	3.0
493	Гігієна	1339	6	95	38.5
494	Гідазепам	2625	27	138	82.0
495	Гідрокодон	65	0	5	2.0
496	Гідроксизин	129	0	10	3.0
497	Гідроксикарбамід	26	0	5	1.0
498	Гідроксиметилхіноксиліндіоксид	46	0	5	1.0
499	Гідроксихлорохін	49	0	9	1.0
500	Гідронефроз	1790	17	105	54.5
501	Гідроторакс	351	1	21	10.0
502	Гідрофобія (симптом)	99	0	18	2.0
503	Гідрохлоротіазид	307	1	52	8.0
504	Гідроцефалія	3734	45	455	105.0
505	Гійом Дюпюїтрен	15	0	3	1.0
506	Гіменолепідоз	407	5	35	10.5
507	Гінгівіт	1050	10	62	30.0
508	Гінеколог-ендокринолог	133	1	12	3.0
509	Гіперальдостеронізм	232	0	22	7.0
510	Гіперглікемічна кома	1242	14	90	31.5
511	Гіперглікемія	770	6	55	24.5
512	Гіперемія	740	7	38	22.5
513	Гіперестезія	220	0	16	7.0
514	Гіперкаліємія	611	6	37	18.0
515	Гіперкапнія	232	2	24	5.5
516	Гіперліпідемія	199	2	22	6.0
517	Гіперпаратиреоз	420	3	29	11.0
518	Гіперпролактинемія	335	1	21	10.5
519	Гіпертензивний криз	791	6	62	23.0
520	Гіпертиреоїдизм	525	2	40	14.0
521	Гіпноз	694	12	49	20.5
522	Гіповолемічний шок	873	3	68	22.0
523	Гіповолемія	484	1	42	14.0
524	Гіпоглікемічна кома	922	12	63	25.0
525	Гіпоглікемія	1253	12	116	38.0
526	Гіподинамія	3944	14	341	98.0
527	Гіпокаліємія	425	3	23	12.0
528	Гіпоксемія	295	0	25	8.0
529	Гіпоманія	778	13	41	23.0
530	Гіпопаратиреоїдизм	148	0	13	4.0
531	Гіпопіон	12	0	2	0.0
532	Гіпотермія	762	12	40	24.5
533	Гіпотиреоїдизм	2631	32	284	75.0
534	Гіпотонус	74	0	8	2.0
535	Гіпотрофія	379	2	33	9.0
536	Гіппократ	1114	9	102	29.0
537	Гірська хвороба	561	4	39	16.0
538	Гістеректомія	421	3	29	12.5
539	Гістопатологія	25	0	5	1.0
540	Гістоплазмоз	150	0	12	4.0
541	Глатирамеру ацетат	27	0	3	1.0
542	Глаукома	1481	22	82	44.0
543	Глибока язикова артерія	7	0	2	0.5
544	Глибоке пахвинне кільце	183	0	18	4.0
545	Глібенкламід	76	0	6	3.0
546	Глікемічний індекс	764	10	41	24.0
547	Гліклазид	25	0	4	1.0
548	Гліобластома	1178	14	180	29.5
549	Гліома	312	1	46	7.5
550	Гломерулонефрит	2937	20	186	76.5
551	Глузман Семен Фішельович	352	4	33	10.0
552	Глюкагон	603	7	38	19.0
553	Глюкагонома	19	0	4	0.0
554	Глюкозурія	131	0	9	5.0
555	Глюкокортикоїди	978	11	60	28.0
556	Гній (медицина)	522	6	45	16.0
557	Гноячок	161	1	13	5.0
558	Говард Тейлор Рікеттс	7	0	3	0.0
559	Гозерелін	121	0	13	4.0
560	Голімумаб	18	0	2	1.0
561	Голка хірургічна	177	1	16	5.0
562	Головна вена	51	0	6	1.0
563	Головне ядро трійчастого нерва	12	0	3	0.0
564	Головний біль	1054	16	54	32.0
565	Головний біль напруги	629	8	33	20.0
566	Головний військовий клінічний госпіталь (Україна)	978	9	50	31.0
567	Головний мозок людини	4973	60	274	149.5
568	Голосові зв'язки	739	5	40	23.5
569	Голубовська Ольга Анатоліївна	603	1	88	7.5
570	Гомілка	868	12	52	26.0
571	Гонгальський Володимир Володимирович	66	0	33	2.0
572	Гонгілонематоз	34	0	7	1.0
573	Гонорея	5434	80	279	167.0
574	Гончарук Євген Гнатович	56	0	7	1.0
575	Гормон росту 2	21	0	3	1.0
576	Городецький Марко Михайлович	13	0	2	1.0
577	Гортань	1070	11	57	36.5
578	Госпітальна пневмонія	197	0	14	5.0
579	Гостра респіраторна вірусна інфекція	5878	41	439	166.5
580	Гостра серцева недостатність	1333	7	92	40.5
581	Гостра судинна недостатність	921	3	81	21.0
582	Гострий апендицит	851	4	53	27.0
583	Гострий гастрит	820	11	48	24.5
584	Гострий лімфобластний лейкоз	1443	14	86	45.0
585	Гострий мієлобластний лейкоз	744	8	44	21.5
586	Гострий панкреатит	1648	25	89	48.5
587	Гострий розсіяний енцефаломієліт	396	0	30	11.5
588	Гострий середній отит	1266	20	58	39.5
589	Гострий тонзиліт	7584	142	335	224.5
590	Гострі лейкози	884	5	52	29.0
591	Гранісетрон	16	0	6	1.0
592	Гранульоматозний амебний енцефаліт	20	0	2	1.0
593	Грепафлоксацин	9	0	2	0.0
594	Грижа	1972	26	103	59.0
595	Гризеофульвін	42	0	5	2.0
596	Грип	8910	55	669	263.5
597	Грицюк Олександр Йосипович	16	0	2	1.0
598	Громадське здоров'я	612	3	64	16.0
599	Громашевська Любов Леонтіївна	7	0	3	0.0
600	Громашевський Лев Васильович	53	0	8	1.0
601	Грудинно-ключично-сосцеподібна артерія	4	0	2	0.0
602	Груднинно-ключично-соскоподібний м'яз	205	0	15	6.0
603	Гуго Шоттмюллер	2	0	1	0.0
604	Гума (патологія)	121	0	11	3.0
605	Гураль Анатолій Леонтійович	8	0	3	0.0
606	Густав Гімза	68	0	61	0.0
607	Ґергард Гансен	8	0	3	0.0
608	Ґрелін	132	0	13	4.0
609	Дабігатран	40	0	5	1.0
610	Дазатиніб	41	0	8	1.0
611	Дакарбазин	42	0	8	1.0
612	Даклатасвір	41	0	5	1.0
613	Даклізумаб	2	0	1	0.0
614	Далекозорість	1004	10	58	28.5
615	Дальтепарин	28	0	5	1.0
616	Данієль Алкідес Карріон	5	0	2	0.0
617	Данієль Елмер Сальмон	9	0	2	0.0
618	Дапсон	52	0	5	1.0
619	Даптоміцин	26	0	3	1.0
620	Дарунавір	7	0	2	0.0
621	ДВЗ-синдром	1160	8	86	39.0
622	Девід Брюс (мікробіолог)	14	0	4	0.0
623	Девід Веттер	79	0	6	2.0
624	Дегідратаційний шок	264	2	16	8.0
625	Дезлоратадин	142	0	9	4.5
626	Декаметоксин	614	8	41	17.0
627	Декваліній	72	0	6	2.0
628	Дексаметазон	3685	35	217	116.0
629	Дексібупрофен	102	0	9	2.0
630	Декскетопрофен	196	0	13	6.0
631	Декслансопразол	71	0	7	2.0
632	Декстрометорфан	252	1	18	6.0
633	Делавірдин	6	0	2	0.0
634	Делірій	1359	26	70	40.5
635	Дельта-клітина	34	0	5	1.0
636	Деменція	3424	48	159	105.5
637	Демієлінізуючі захворювання	446	0	24	15.0
638	Демодекоз	4246	73	182	135.0
639	Деносумаб	71	0	8	2.0
640	Деперсоналізація	704	11	39	22.0
641	Дерматит	2220	35	129	75.5
642	Дерматоз	502	5	34	15.0
643	Дерматологія	832	1	55	25.0
644	Дерматоміозит	765	7	53	20.5
645	Десвенлафаксин	44	0	7	2.0
646	Десмоїд	120	0	14	3.0
647	Десмопресин	78	0	7	2.0
648	Джгут	845	3	78	17.0
649	Джеймс К. Стайнер	8	0	2	0.0
650	Джироламо Фракасторо	52	0	11	1.0
651	Джованні Баттіста Грассі	5	0	5	0.0
652	Джозаміцин	96	0	8	3.0
653	Джозеф Лістер	76	0	7	2.5
654	Джон Вільям Вотсон Стефенс	32	0	10	0.5
655	Джон Сноу	63	0	9	1.0
656	Джонатан Гатчінсон	6	0	3	0.0
657	Дивертикуліт	426	2	40	13.0
658	Дигітоксин	96	0	9	2.0
659	Диданозин	8	0	2	0.0
660	Дизартрія	607	3	43	20.5
661	Дизентерія	1490	31	72	43.5
662	Дизопірамід	26	0	5	1.0
663	Дийодтирозин	8	0	2	0.0
664	Дилтіазем	67	0	8	2.0
665	Дименгідринат	119	0	18	3.0
666	Диметилтриптамін	583	5	30	18.0
667	Диметинден	106	0	7	3.0
668	Дипілідіоз	141	1	10	4.0
669	Дипіридамол	112	1	11	3.0
670	Диплопія	269	1	21	9.0
671	Дирофіляріоз	530	3	57	13.5
672	Дисекція шиї	42	0	6	1.0
673	Дислокація мозку	95	0	9	3.0
674	Дисморфофобія	478	5	30	14.0
675	Диспансеризація	798	2	82	21.0
676	Диспепсія	1607	20	87	49.0
677	Дисфагія	834	10	50	24.5
678	Дисфорія	441	6	28	12.0
679	Дифілоботріоз	382	2	31	10.0
680	Дифтерія	5931	80	499	182.0
681	Дифузний панбронхіоліт	60	0	8	2.0
682	Дифузний токсичний зоб	1108	8	72	35.0
683	Дихальна недостатність	1180	3	108	27.5
684	Дихання Біота	296	0	25	7.0
685	Дихання Куссмауля	490	3	33	14.5
686	Дихання Чейна — Стокса	511	1	38	15.5
687	Діабетична нефропатія	149	0	11	5.0
688	Діагностична тріада Стімсона	24	0	4	1.0
689	Діагностичний і статистичний посібник з психічних розладів	534	0	31	18.0
690	Діазепам	838	14	42	27.0
691	Діапедез	86	0	9	3.0
692	Діарея	2832	50	142	87.5
693	Діарея мандрівників	158	1	11	5.0
694	Діацереїн	36	0	4	1.0
695	Діентамебіаз	39	0	8	2.0
696	Дієта	6945	24	784	51.5
697	Дієти за Певзнером	201	0	18	5.0
698	Діурез	1032	17	70	30.5
699	Доброякісна гіперплазія передміхурової залози	1767	25	87	58.0
700	Доброякісна пухлина	1051	7	65	30.0
701	Доказова медицина	492	7	31	15.0
702	Доксазозин	93	1	7	2.0
703	Доксепін	124	0	12	3.0
704	Доксиламін	213	1	15	5.5
705	Доксициклін	606	7	70	16.0
706	Долонно-підошовний синдром	26	0	3	1.0
707	Долутегравір	84	0	11	2.0
708	Домінік-Жан Ларрей	10	0	2	0.0
709	Домперидон	219	0	16	7.0
710	Дональд Гендерсон	10	0	3	0.0
711	Допінг-тест	48	0	7	1.0
712	Доріпенем	15	0	3	0.5
713	Доступні ліки	73	0	25	1.0
714	Дофамін	2253	43	112	70.5
715	Дофетилід	17	0	3	1.0
716	Доцетаксел	113	0	11	3.0
717	Дракункульоз	236	0	21	6.0
718	Дробинський Ісаак Рудольфович	7	0	4	0.0
719	Дронедарон	26	0	3	1.0
720	Дротаверин	1010	17	50	33.0
721	Друга холерна пандемія	14	0	4	1.0
722	Дуга аорти	305	1	23	8.0
723	Дудченко Іван Степанович	5	0	1	0.0
724	Дулоксетин	98	1	8	3.0
725	Дутастерид	90	0	9	3.0
726	Дяченко Сергій Степанович	46	0	5	1.0
727	Ебастин	25	0	5	1.0
728	Ебола (вірус)	4421	14	454	49.5
729	Еверолімус	53	0	9	1.0
730	Едвард Дженнер	340	0	42	8.5
731	Едмонд Нокард	30	0	5	1.0
732	Езомепразол	131	1	12	4.0
733	Езофагіт	663	8	40	20.5
734	Ейфорія	1336	31	57	41.0
735	Екзема	3312	54	166	104.0
736	Екзофтальм	240	1	14	7.5
737	Еконазол	28	0	4	1.0
738	Ексеместан	30	0	4	1.0
739	Екстракорпоральна мембранна оксигенація	308	0	129	2.0
740	Екстрапірамідна система	703	6	44	19.5
741	Екстрастріарна кора	6	0	2	0.0
742	Екстрений медичний реагувальник	49	0	6	1.0
743	Екстрений медичний технік	94	0	10	2.0
744	Елвітегравір	5	0	2	0.0
745	Електрокардіографія	2915	13	215	74.5
746	Електротравма	614	0	44	17.0
747	Еліс Кетрін Еванс	14	0	3	0.0
748	Емануель Махек	1	0	1	0.0
749	Емболія	971	11	66	28.5
750	Еметин	22	0	4	0.0
751	Еміль Адольф фон Берінг	32	0	6	1.0
752	Еміль ван Ерменґем	6	0	1	0.0
753	Еміль Шарль Ашар	6	0	3	0.0
754	Емоційно нестабільний розлад особистості	812	13	58	24.0
755	Емтрицитабін	29	0	4	1.0
756	Еналаприл	335	2	24	11.0
757	Ендартеріїт	262	1	17	7.0
758	Ендемічний висипний тиф	274	1	25	7.0
759	Ендемічний поворотний тиф	65	0	5	2.0
760	Ендемія	324	2	22	9.5
761	Ендокардит	946	6	63	29.0
762	Ендокринна хірургія	44	0	5	1.0
763	Ендокринні залози	2349	14	143	73.0
764	Ендорфіни	1611	30	73	49.5
765	Еноксапарин	79	0	8	2.0
766	Еноксацин	9	0	3	0.0
767	Енріке да Роше Ліма	12	0	5	0.0
768	Ентекавір	29	0	3	1.0
769	Ентерит	888	9	60	26.0
770	Ентерична нервова система	94	0	9	3.0
771	Ентеробіоз	1414	12	78	41.0
772	Ентеровірусні інфекції	923	12	59	26.5
773	Ентерогастральний гальмівний рефлекс	2	0	1	0.0
774	Ентероколіт	834	12	42	26.5
775	Ентеросорбент	203	1	15	6.0
776	Енурез	717	7	45	22.0
777	Енфувіртид	6	0	2	0.0
778	Енцефаліт	2011	32	113	60.5
779	Енцефаліт долини Муррея	7	0	1	0.0
780	Енцефаліт Повассан	18	0	3	1.0
781	Енцефаліт Росіо	5	0	1	0.0
782	Енцефаліт Сент-Луїс	14	0	3	0.5
783	Енцефалопатія	2554	32	127	78.0
784	Еозинофілія	2966	37	153	89.5
785	Епідеміологія	947	4	80	24.5
786	Епідемічний висипний тиф	1564	12	99	39.5
787	Епідемічний паротит	2829	41	164	82.0
788	Епідемічний поворотний тиф	138	0	10	4.0
789	Епідемія	1726	7	143	41.0
790	Епікондиліт	672	8	47	21.0
791	Епірубіцин	19	0	3	1.0
792	Еплеренон	52	0	8	1.0
793	Епросартан	6	0	1	0.0
794	Ептифібатид	12	0	3	0.0
795	Ерадикація інфекційних хвороб	71	0	8	2.0
796	Ерготерапія	907	6	53	30.5
797	Ерготизм	178	0	19	3.5
798	Ердостеїн	68	0	7	2.0
799	Еризипелоїд	249	1	21	6.5
800	Еритроміцин	421	5	25	12.0
801	Еритропоетин	280	1	22	8.0
802	Ерліхіоз	54	0	10	1.0
803	Ерлотиніб	31	0	5	1.0
804	Ертапенем	26	0	2	1.0
805	Есенціале	666	6	50	17.0
806	Есмолол	18	0	4	0.0
807	Естрадіол	700	11	41	22.0
808	Естрамустин	5	0	1	0.0
809	Есциталопрам	330	2	20	11.0
810	Етамбутол	39	0	5	1.0
811	Етанерцепт	20	0	3	1.0
812	Етацизин	54	0	6	2.0
813	Етифоксин	34	0	4	1.0
814	Етіологія (медицина)	868	14	55	26.5
815	Етодолак	39	0	5	1.0
816	Етопозид	45	0	5	1.0
817	Еторикоксиб	112	0	12	4.0
818	Етравірин	3	0	1	0.0
819	Етторе Маркіафава	9	0	3	0.0
820	Еутиреоз	203	1	12	6.0
821	Ефавіренз	27	0	4	1.0
822	Ехінокандини	13	0	3	0.0
823	Ехінокок звичайний	459	5	30	13.0
824	Ехінококоз	1076	11	62	32.5
825	Ехокардіографія	411	1	47	11.5
826	Ешерихіоз	830	7	56	20.0
827	Європейська рада ресусцитації	35	0	5	1.0
828	Єрсиніоз кишковий	750	6	49	23.0
829	Єрсинія	191	1	20	4.5
830	Жан Александр Барре	7	0	3	0.0
831	Жан-Луї Петі	10	0	2	0.0
832	Жан-Луї Прево	2	0	1	0.0
833	Жданов Віктор Михайлович	22	0	4	1.0
834	Жовта гарячка	574	4	47	14.0
835	Жовтяниця (медицина)	1753	20	93	51.5
836	Жовчнокам'яна хвороба	1467	14	82	39.5
837	Жозеф-Фредерік-Бенуа Шарр'єр	6	0	2	0.0
838	Жорж Шарль Гієн	8	0	2	0.0
839	Жувальний м'яз	216	1	18	6.0
840	Заболотний Данило Кирилович	635	10	47	18.0
841	Забуті тропічні хвороби	220	1	18	6.0
842	Загальна клубова артерія	148	0	12	5.0
843	Загальна сонна артерія	815	10	49	23.5
844	Задишка	569	3	37	17.5
845	Задній сегмент ока	4	0	1	0.0
846	Задня вушна артерія	18	0	2	1.0
847	Задня мозкова артерія	100	0	9	3.0
848	Закидання голови-виведення підборіддя	29	0	8	1.0
849	Законодавство в екстреній медицині	118	0	10	3.5
850	Залеплон	39	0	6	1.0
851	Зальцитабін	11	0	2	1.0
852	Занамівір	225	0	28	6.0
853	Заочеревинний простір	269	1	32	7.0
854	Запалення	2287	30	135	64.5
855	Запор	1836	28	89	55.5
856	Зарицький Анатолій Минович	8	0	2	1.0
857	Застуда	1165	9	63	35.5
858	Західний енцефаломієліт коней	16	0	4	0.5
859	Зв'язка (анатомія)	331	2	24	9.5
860	Звивина	247	2	22	6.0
861	Зворотний гортанний нерв	114	0	18	4.0
862	Здорове харчування	2196	10	172	59.5
863	Зипразидон	22	0	4	0.0
864	Злоякісна анемія	488	1	51	10.5
865	Зміна поведінки (громадське здоров'я)	6	0	1	0.0
866	Знаменський Володимир Олексійович	33	0	5	1.0
867	Зневоднення організму	211	1	15	6.0
868	Зоб (хвороба)	1920	22	109	58.0
869	Зовнішній сітчастий шар	29	0	5	1.0
870	Зовнішня капсула	8	0	2	0.0
871	Зовнішня клубова артерія	87	0	8	2.0
872	Зовнішня сонна артерія	365	4	30	10.0
873	Зовнішня яремна вена	100	0	7	3.0
874	Золпідем	116	0	11	3.0
875	Зонд Сенґстакена — Блекмора	84	0	10	2.0
876	Зооноз	545	2	34	13.0
877	Зопіклон	156	0	21	5.0
878	Зоровий нерв	968	10	57	28.5
879	Зофеноприл	29	0	3	1.0
880	Зсідання крові	4949	20	373	118.0
881	Зуклопентиксол	16	0	3	0.0
882	Зюков Анатолій Матвійович	12	0	4	0.0
883	Івабрадин	68	0	6	2.0
884	Іванов Вадим Миколайович	19	0	5	0.0
885	Івар Сандстрьом	3	0	1	0.0
886	Ідарубіцин	11	0	4	0.0
887	Ідіопатичний фіброзуючий альвеоліт	326	1	22	11.0
888	Ізоконазол	14	0	5	0.5
889	Ізоксуприн	21	0	4	1.0
890	Ізопреналін	147	0	14	4.0
891	Ізосорбіду динітрат	91	0	10	2.0
892	Ізоспороз	27	0	4	0.0
893	Іматиніб	65	0	6	1.0
894	Іміпенем	69	0	7	1.0
895	Іміпрамін	57	0	5	2.0
896	Імунітет (медицина)	4679	31	304	129.5
897	Імуногістохімія	473	1	40	13.5
898	Інвагінація кишечника	343	1	30	8.0
899	Інгібітори 5-альфа-редуктази	65	0	7	2.0
900	Інгібітори АПФ	846	6	53	22.5
901	Інгібітори бета-лактамаз	59	0	5	2.0
902	Інгібітори протеази	153	1	19	4.0
903	Інгібітори рецепторів ангіотензину-ІІ	574	5	42	16.0
904	Інгібітори тирозинкінази	49	0	6	1.0
905	Індакатерол	20	0	3	1.0
906	Індапамід	120	0	10	3.0
907	Індинавір	52	0	13	0.5
908	Інкубаційний період	547	5	58	15.0
909	Інозин	239	0	16	7.0
910	Інозин пранобекс	526	4	41	15.0
911	Інститут ендокринології та обміну речовин імені В. П. Комісаренка НАМН України	212	2	16	6.0
912	Інститут медичної реабілітації дітей з ураженням центральної нервової системи імені Януша Корчака	58	0	6	1.5
913	Інститут очних хвороб і тканинної терапії імені В. П. Філатова НАМН України	424	0	138	9.0
914	Інститут тропічної медицини імені Бернгарда Нохта	4	0	1	0.0
915	Інструктор курсів невідкладної допомоги	10	0	2	0.5
916	Інсулін	2685	32	123	78.5
917	Інсулінова помпа	240	3	18	6.5
918	Інсулінома	51	0	7	1.5
919	Інсулінотерапія	94	1	8	3.0
920	Інтерстиційний нефрит	227	1	17	6.5
921	Інтраопераційне гістологічне експрес-дослідження	46	0	13	1.0
922	Інтубація	101	1	9	3.0
923	Інфекційна еритема	574	4	38	17.5
924	Інфекційний мононуклеоз	5520	53	303	171.0
925	Інфекційні захворювання	10086	38	710	273.5
926	Інфекційні хвороби з багатьма механізмами передачі	52	0	6	4.0
927	Інфекція	2093	15	127	57.0
928	Інфекція, яку спричинює вірус Епштейна — Барр	1122	9	83	33.0
929	Інфекція, яку спричинює герпесвірус людини 6-го типу	270	2	16	8.0
930	Інфекція, яку спричинює герпесвірус людини 7-го типу	72	0	6	2.0
931	Інфекція, яку спричинює герпесвірус людини 8-го типу	162	0	16	4.0
932	Інфліксімаб	37	0	4	1.0
933	Іпохондрія	1771	29	111	51.0
934	Іпратропію бромід	183	0	13	6.0
935	Ірбесартан	23	0	8	0.0
936	Іринотекан	49	0	6	2.0
937	Ірит	109	0	9	3.0
938	Ісрадипін	7	0	1	0.0
939	Ітоприд	37	0	3	1.0
940	Ітраконазол	152	0	16	5.0
941	Іфосфамід	18	0	5	0.0
942	Ішемічна хвороба серця	4446	34	258	109.5
943	Ішемічний інсульт	1536	16	71	50.5
944	Ішурія	679	9	56	20.0
945	Йододефіцит	351	1	22	10.5
946	Кабазитаксел	11	0	2	0.0
947	Каберголін	121	0	8	4.0
948	Календар щеплень	431	1	28	12.5
949	Каліфорнійський енцефаліт	15	0	3	0.0
950	Каліцивірусна інфекція	21	0	2	1.0
951	Кальцитонін	782	5	46	22.0
952	Кальцитріол	90	0	12	2.5
953	Кампілобактеріоз	197	1	16	5.0
954	Канакінумаб	16	0	3	1.0
955	Каналопатія	21	0	3	1.0
956	Канаміцин	37	0	4	1.0
957	Кандидоз	3326	54	158	100.5
958	Канцерогени	770	10	42	22.0
959	Капецитабін	90	0	9	3.0
960	Капреоміцин	4	0	1	0.0
961	Каптоприл	645	1	45	22.0
962	Карантин	954	0	104	21.5
963	Карбамазепін	700	6	51	17.0
964	Карбідопа	13	0	3	0.5
965	Карбоплатин	83	0	13	2.0
966	Карбоцистеїн	325	1	47	8.0
967	Карбункул (хвороба)	1548	18	161	41.0
968	Карведилол	98	0	8	3.0
969	Кардіалгія	186	1	16	5.0
970	Кардіоміопатія	2265	29	141	60.0
971	Кардіохірургія	189	0	19	5.0
972	Карипразин	28	0	3	1.0
973	Карл Вундерліх	7	0	2	0.0
974	Карл Йозеф Еберт	13	0	10	0.0
975	Карл фон Лібермейстер	2	0	1	0.0
976	Карл фон Рокітанські	76	0	10	3.0
977	Карлос Хуан Фінлей	1	0	1	0.0
978	Карлус Шагас	4	0	1	0.0
979	Кармустин	21	0	7	0.0
980	Каролінська університетська лікарня	7	0	2	0.0
981	Каротидний синус	96	0	12	3.0
982	Карфентаніл	78	0	7	2.0
983	Карциноїд	107	0	11	3.0
984	Карциноїдний синдром	143	0	10	4.0
985	Карцинома	4319	79	204	134.0
986	Каспофунгін	28	0	4	1.0
987	Катаракта	1164	14	63	35.5
988	Катастрофічний антифосфоліпідний синдром	37	0	4	1.0
989	Кафедра патологічної фізіології Національного медичного університету імені О. О. Богомольця	13	0	2	0.0
990	Кашель	1253	19	73	37.5
991	Кашлюк	5953	54	882	162.5
992	Кветіапін	200	0	14	5.5
993	Квінаприл	6	0	1	0.0
994	Келвін Леунг	1	0	1	0.0
995	Кератит	682	9	53	19.0
996	Кертіс Лестер Мендельсон	6	0	3	0.0
997	Кесонна хвороба	696	6	50	19.5
998	Кетоацидоз	373	1	29	11.0
999	Кетоконазол	320	2	22	9.5
1000	Кетопрофен	281	1	19	8.0
1001	Кеторолак	189	2	19	5.5
1002	Кетотифен	224	2	18	6.0
1003	Київська міська психіатрична лікарня	741	8	71	21.0
1004	Київське обласне психіатрично-наркологічне медоб'єднання	309	2	25	8.0
1005	Київський міський клінічний госпіталь ветеранів війни	178	0	15	5.0
1006	Кила Шморля	1290	15	66	41.0
1007	Кишенькова маска	19	0	3	0.5
1008	Кишечник	2573	51	118	83.0
1009	Кишкова непрохідність	2016	14	120	64.5
1010	Кільця Кайзера — Флайшера	77	0	8	2.0
1011	Кінезітерапія	856	6	48	26.5
1012	Кіоші Шига	5	0	2	0.0
1013	Кір	4939	54	289	144.5
1014	Кіркова речовина надниркової залози	320	1	29	7.5
1015	Кіста	2144	32	111	70.5
1016	Кіста зябрової дуги	16	0	3	0.5
1017	Кісточка (анатомія)	370	7	21	11.0
1018	Кітасато Сібасабуро	49	0	40	0.0
1019	Кіфоз	917	8	77	26.5
1020	Клавдій Гален	397	1	32	11.5
1021	Клавуланова кислота	192	1	11	6.0
1022	Кладрибін	22	0	4	1.0
1023	Кларитроміцин	398	2	29	10.5
1024	Класифікація кровотеч за Форестом	453	2	34	11.0
1025	Кластер захворювання	13	0	2	1.0
1026	Клемастин	49	0	4	2.0
1027	Кленбутерол	249	1	18	8.0
1028	Кліндаміцин	221	0	14	7.0
1029	Клініка (медичний заклад)	261	1	21	6.0
1030	Клінічна лікарня «Феофанія»	999	6	248	20.0
1031	Клінічна настанова	47	0	8	1.0
1032	Клінічний аналіз крові	1728	9	100	48.0
1033	Клінічний аналіз сечі	1753	1	113	44.0
1034	Кліщовий висипний тиф Північної Азії	34	0	8	1.0
1035	Кліщовий енцефаліт	900	8	61	26.5
1036	Кліщовий пароксизмальний рикетсіоз	24	0	4	1.0
1037	Клозапін	139	0	14	4.0
1038	Клоксацилін	44	0	5	1.5
1039	Кломіпрамін	69	0	7	2.0
1040	Клоназепам	247	1	23	6.0
1041	Клонорхоз	73	0	8	1.5
1042	Клонус	117	0	8	3.0
1043	Клотримазол	874	4	47	27.0
1044	Клофазимін	34	0	4	1.0
1045	Ключиця	664	11	33	20.5
1046	Клятва Гіппократа	1499	21	99	43.5
1047	Коагулограма	2610	17	142	74.0
1048	Коагулопатія	312	0	20	8.5
1049	Козько Володимир Миколайович	18	0	5	0.0
1050	Коксиби	69	0	6	2.0
1051	Колапс (медицина)	1757	8	117	47.0
1052	Колінний суглоб	1432	12	80	43.0
1053	Колінчастий вузол	15	0	3	0.5
1054	Колістин	123	0	7	4.0
1055	Коліт	1125	17	84	33.0
1056	Колоноскопія	1335	14	70	42.5
1057	Колорадська кліщова гарячка	34	0	7	1.0
1058	Колоректальний рак	946	14	46	30.0
1059	Кома (медицина)	2161	34	103	69.5
1060	Комісаренко Ігор Васильович	95	0	19	3.0
1061	Конваллятоксин	6	0	1	1.0
1062	Конверсія (психологія)	50	0	4	1.5
1063	Контагіозність	549	2	66	5.0
1064	Контактний механізм передачі інфекції	303	1	19	8.0
1065	Контрактура Дюпюїтрена	576	2	42	17.5
1066	Конча-Заспа (санаторій)	69	0	8	1.5
1067	Кора головного мозку	1492	13	84	43.5
1068	Корбініан Бродман	7	0	2	0.0
1069	Корглікон	264	1	17	7.0
1070	Коров'яча віспа	284	1	23	8.0
1071	Корона голівки члена	433	6	22	13.0
1072	Коронавірусна інфекція	11703	0	1735	20.5
1073	Коронарна недостатність	319	1	22	9.5
1074	Короста	5367	70	280	157.5
1075	Короткозорість	1951	26	102	55.0
1076	Кортизол	1843	28	79	61.0
1077	Кортизон	346	4	21	10.0
1078	Кортикальний гомункулус	82	0	6	3.0
1079	Корчак-Чепурківський Овксентій Васильович	67	0	11	2.0
1080	Косоокість	449	6	25	12.0
1081	Крайня капсула	9	0	2	0.0
1082	Крайня плоть	1392	21	61	46.0
1083	Краніофарингіома	75	0	10	2.0
1084	Краснуха	2727	27	152	84.0
1085	Крелін Юлій Зусманович	1	0	1	0.0
1086	Крим-Конго геморагічна гарячка	324	0	50	9.0
1087	Криптококоз	193	1	14	5.0
1088	Криптоспоридіоз	66	0	7	1.0
1089	Крістоф Вільгельм Гуфелянд	15	0	3	1.0
1090	Кров'яний тиск	1533	18	85	45.0
1091	Кронтовський Олексій Антонінович	2	0	1	0.0
1092	Кропив'янка (хвороба)	3819	75	169	122.5
1093	Круп	1243	20	69	35.5
1094	Ксантелазма	353	2	23	11.0
1095	Ксантома	283	1	16	9.5
1096	Ксипамід	11	0	2	0.0
1097	Ку-гарячка	221	0	23	5.0
1098	Кульшовий суглоб	1021	10	64	29.5
1099	Курортологія	59	0	7	2.0
1100	Куру (хвороба)	511	4	37	15.5
1101	Куряча сліпота (хвороба)	528	7	30	16.0
1102	Лабеталол	89	0	8	2.0
1103	Лагофтальм	87	0	12	2.0
1104	Лазарет	180	1	23	5.0
1105	Лакосамід	11	0	2	0.5
1106	Лакунарний інсульт	296	0	18	10.0
1107	Ламівудин	53	0	6	1.5
1108	Ламотригін	102	0	8	3.5
1109	Ланатозид C	29	0	3	1.0
1110	Лансопразол	73	0	6	2.0
1111	Ланцюг виживання	99	0	16	2.0
1112	Лапатиніб	27	0	4	1.0
1113	Лаппаконітину гідробромід	10	0	2	0.0
1114	Ларингіт	4295	67	198	137.5
1115	Ларингоспазм	545	5	28	15.0
1116	Латамоксеф	30	0	21	0.0
1117	Лауданум	104	1	7	3.0
1118	Лацидипін	13	0	3	0.0
1119	Левамізол	148	0	12	3.0
1120	Леветирацетам	86	0	10	2.0
1121	Леводопа	366	4	21	11.5
1122	Леводопа/карбідопа	14	0	3	1.0
1123	Левомепромазин	28	0	3	1.0
1124	Леворин	63	0	6	2.0
1125	Левотироксин	237	1	18	7.0
1126	Левофлоксацин	816	4	52	26.0
1127	Левоцетиризин	202	0	13	7.0
1128	Легенева гіпертензія	1155	7	89	34.5
1129	Легеневе серце	877	2	57	28.0
1130	Легіонельоз	491	4	31	15.0
1131	Ледіпасвір	34	0	6	1.0
1132	Лейкемічний провал	362	0	46	9.0
1133	Лейкоз	4455	60	248	124.5
1134	Лейкоцитарна формула	876	3	79	22.0
1135	Лейоміома	358	2	23	10.0
1136	Лейпрорелін	25	0	5	1.0
1137	Лейшманіози	567	6	36	18.0
1138	Лектини С-типу	5	0	1	0.0
1139	Ленограстим	6	0	2	0.0
1140	Лепрозорій	306	2	71	8.0
1141	Лептин	264	3	18	8.0
1142	Лептоспіроз	1746	20	122	48.0
1143	Лерканідипін	54	0	5	2.0
1144	Летаргічний енцефаліт	103	0	10	3.0
1145	Летрозол	88	1	7	3.0
1146	Лефлуномід	36	0	4	1.0
1147	Леш Федір Олександрович	5	0	1	0.0
1148	Лихоманка	43	0	7	1.0
1149	Лицева артерія	169	1	26	3.5
1150	Лицевий нерв	864	12	49	24.0
1151	Лікар	1037	8	65	29.0
1152	Лікар-ендокринолог	1828	14	99	60.5
1153	Лікарня	847	7	53	25.0
1154	Лікарня відновного лікування Міністерства внутрішніх справ України	387	1	25	11.5
1155	Лікарська рослина	978	2	75	25.0
1156	Лікарський збірник	23	0	5	1.0
1157	Лікарські засоби	2550	13	163	69.0
1158	Ліктьовий суглоб	256	0	21	7.0
1159	Лімфангіт	242	2	32	6.0
1160	Лімфатичні філяріїдози	43	0	8	1.0
1161	Лімфогранулематоз	1782	16	102	55.0
1162	Лімфома	1671	11	163	45.0
1163	Лімфома Беркітта	642	6	89	14.0
1164	Лімфома щитоподібної залози	40	0	5	1.5
1165	Лімфорея	44	0	7	1.0
1166	Лімфостаз	0	0	0	0.0
1167	Лімфоцитарний хоріоменінгіт	63	0	7	1.0
1168	Лімфоцитоз	847	8	70	23.5
1169	Ліндеман Володимир Карлович	14	0	4	1.0
1170	Лінезолід	174	0	14	5.0
1171	Лінкозаміди	86	0	8	3.0
1172	Лінкоміцин	1037	11	54	33.0
1173	Лістеріоз	245	1	21	6.0
1174	Літотрипсія	270	2	17	9.0
1175	Лоаоз	77	0	7	2.0
1176	Лобова частка (мозок)	741	11	42	22.5
1177	Лобово-скронева деменція	67	0	23	1.0
1178	Ловастатин	69	0	7	2.0
1179	Локсапін	10	0	2	0.0
1180	Ломефлоксацин	26	0	3	1.0
1181	Лопатка	332	2	30	10.0
1182	Лоперамід	747	7	37	21.5
1183	Лопінавір	68	0	14	1.0
1184	Лопінавір/Ритонавір	173	0	37	1.0
1185	Лоразепам	191	2	11	5.5
1186	Лорноксикам	89	0	9	2.0
1187	Луї Пастер	707	5	46	20.0
1188	Люмбальна пункція	1049	10	71	30.5
1189	Лямбліоз	1506	11	79	45.5
1190	М'язова атрофія	780	15	46	23.0
1191	М'який шанкр	378	3	23	11.5
1192	Магнітно-резонансна томографія	2781	40	135	88.5
1193	Майкл Елліс ДеБейкі	42	0	11	1.0
1194	Макроглобулінемія Вальденстрема	160	0	17	3.0
1195	Макроліди	734	6	49	19.5
1196	Малеїн	3	0	1	0.0
1197	Малогомілкова кістка	196	1	22	5.5
1198	Малярія	4672	34	256	149.0
1199	Мапротилін	19	0	4	0.0
1200	Маравірок	11	0	2	0.0
1201	Маревний паразитоз	130	0	9	4.0
1202	Марі Буавен	3	0	1	0.0
1203	Марк Фредерік Бойд	1	0	1	0.0
1204	Марсельська гарячка	49	0	7	2.0
1205	Масаж	1595	22	78	51.5
1206	Мастит	1200	11	61	39.5
1207	Мастоїдит	428	6	30	12.0
1208	Мастопатія	1307	22	65	41.0
1209	Меатотомія	29	0	3	2.0
1210	Мебеверин	111	1	12	3.0
1211	Мебендазол	188	0	15	5.5
1212	Мебікар	662	4	42	20.0
1213	Мегестрол	40	0	5	1.0
1214	Медазепам	29	0	4	1.0
1215	Медаль Менсона	2	0	1	0.0
1216	Медицина	2022	24	122	64.0
1217	Медицина подорожей та хвороб мандрівників	115	0	18	2.5
1218	Медична акустика	302	1	18	9.0
1219	Медична діагностика	714	4	61	19.5
1220	Медичне сортування	1124	1	103	23.0
1221	Медичне страхування	512	2	61	13.5
1222	Медичний факультет Київського імператорського університету Святого Володимира	65	0	7	2.0
1223	Медроксипрогестерон	41	0	6	1.0
1224	Медулярний рак щитоподібної залози	406	4	29	12.5
1225	Мексилетин	24	0	3	1.0
1226	Меланома	1741	21	108	50.0
1227	Мелатонін	2761	38	128	82.5
1228	Меліоїдоз	107	0	12	3.0
1229	Мелперон	36	0	5	1.0
1230	Мелфалан	15	0	2	0.5
1231	Мельдоній	715	12	40	21.5
1232	Менінгеальний синдром	263	2	21	6.0
1233	Менінгеальні симптоми	766	4	75	18.5
1234	Менінгізм	251	0	21	8.0
1235	Менінгіт	3932	53	261	111.0
1236	Менінгокок	363	2	41	8.5
1237	Менінгококова інфекція	1591	18	94	44.5
1238	Меніск (анатомія)	1774	26	93	57.0
1239	Менопауза	2215	38	112	65.5
1240	Менструальні розлади	4887	74	239	147.5
1241	Меркаптопурин	46	0	8	1.0
1242	Меропенем	54	0	6	2.0
1243	Месна	15	0	3	1.0
1244	Метаболізм лікарських засобів	337	3	24	10.0
1245	Метагонімоз	20	0	3	1.0
1246	Метаквалон	308	2	17	10.0
1247	Метапневмовірусна інфекція	40	0	5	1.0
1248	Метастаз	1137	14	74	31.0
1249	Метастронгільоз	21	0	3	1.0
1250	Метациклін	15	0	3	0.0
1251	Метилпреднізолон	253	2	22	7.0
1252	Метилфенідат	376	5	20	11.0
1253	Метицилін	73	0	6	2.0
1254	Метод Сельдінгера	225	1	20	5.5
1255	Метоклопрамід	964	7	60	28.0
1256	Метоксифлуран	24	0	4	1.0
1257	Метопролол	213	2	14	6.0
1258	Метотрексат	523	1	36	15.0
1259	Метформін	1089	12	60	33.0
1260	Мефедрон	2597	49	114	82.0
1261	Мефлохін	13	0	2	1.0
1262	Механізм передачі інфекції	1140	9	86	28.5
1263	Механотерапія	259	0	20	5.5
1264	Мечников Ілля Ілліч	1677	17	110	50.0
1265	Мигдалики	1918	24	111	53.5
1266	Миготіння передсердь	622	3	37	18.0
1267	Миготіння шлуночків	196	0	18	5.5
1268	Міансерин	94	1	7	3.0
1269	Мігрень	3746	46	162	121.0
1270	Мідазолам	86	0	9	2.5
1271	Мідекаміцин	24	0	5	1.0
1272	Мідріаз	458	6	23	14.0
1273	Мієліт	224	2	21	5.0
1274	Мієлодиспластичні синдроми	97	0	9	3.0
1275	Мієломна хвороба	1139	11	63	37.5
1276	Міжнародна класифікація функціонування, обмеження життєдіяльності та здоров’я (МКФ)	401	2	29	11.0
1277	Міжнародне агентство з дослідження раку	29	0	6	1.0
1278	Міжнародне нормалізоване відношення	1294	10	74	40.5
1279	Міжнародний класифікатор хвороб	2222	13	126	70.5
1280	Міжнародні медико-санітарні правила 2005 року	239	0	23	5.0
1281	Міжхребцева кила	3103	49	151	93.5
1282	Міжхребцевий диск	499	2	39	14.0
1283	Мікафунгін	12	0	3	0.0
1284	Міконазол	75	0	6	3.0
1285	Мікоплазмоз урогенітальний	628	6	42	18.0
1286	Мікофенолова кислота	29	0	5	1.0
1287	Мікроцефалія	369	4	23	11.5
1288	Мікседема	617	1	46	18.5
1289	Мілнаципран	33	0	5	1.0
1290	Мілько Василь Іванович	13	6	7	6.5
1291	Мінералокортикоїди	220	0	14	7.0
1292	Міноксидил	797	13	35	26.0
1293	Мінх Григорій Миколайович	26	0	5	1.0
1294	Мінцер Озар Петрович	42	0	5	2.0
1295	Міозит	1501	15	110	46.0
1296	Міома матки	1968	17	112	58.0
1297	Міопатія	638	6	37	18.5
1298	Міофасціальний больовий синдром	386	4	22	12.5
1299	Міртазапін	192	2	14	5.0
1300	Мітоксантрон	18	0	8	1.0
1301	Мітоміцин	14	0	5	0.0
1302	МКХ-10: Клас I. Деякі інфекційні та паразитарні хвороби (A)	580	3	42	19.5
1303	МКХ-10: Клас I. Деякі інфекційні та паразитарні хвороби (B)	865	2	61	32.0
1304	МКХ-10: Клас V. Розлади психіки та поведінки	3149	36	169	108.5
1305	МКХ-10: Клас VI. Хвороби нервової системи	2698	19	154	91.0
1306	МКХ-10: Клас VII. Хвороби ока та його придаткового апарату	1311	5	75	46.5
1307	МКХ-10: Клас VIII. Хвороби вуха та соскоподібного відростка	640	3	40	23.0
1308	МКХ-10: Клас XVI. Окремі стани, що виникають в перинатальному періоді	575	2	41	19.0
1309	МКХ-10: Клас XVII. Вроджені вади розвитку, деформації та хромосомні аномалії	1801	7	124	63.0
1310	Множинна ендокринна неоплазія	52	0	6	1.0
1311	Множинна ендокринна неоплазія тип 1	27	0	4	1.0
1312	Множинна ендокринна неоплазія тип 2А	19	0	5	0.0
1313	Множинна ендокринна неоплазія тип 2Б	15	0	2	0.5
1314	Мобільний армійський хірургічний шпиталь	9	0	2	0.0
1315	Модафініл	484	6	37	14.0
1316	Моексиприл	9	0	2	0.0
1317	Мозкова речовина надниркової залози	245	0	17	6.5
1318	Мозковий кровообіг	975	3	68	28.0
1319	Мозолисте тіло	574	0	55	16.0
1320	Моксифлоксацин	124	0	10	3.5
1321	Монобактами	60	0	7	2.0
1322	Монойодтирозин	1	0	1	0.0
1323	Моноклональні антитіла	323	1	20	10.0
1324	Монтелукаст	140	1	16	4.5
1325	Морацизин	10	0	3	0.0
1326	Морська хвороба	204	1	17	5.0
1327	Мосаприд	25	0	6	1.0
1328	Мочутковський Йосип Йосипович	12	0	3	0.0
1329	Моямоя	135	0	14	3.0
1330	Муковісцидоз	4998	83	230	164.5
1331	Мукормікоз	60	0	7	2.0
1332	Мупіроцин	58	0	8	1.0
1333	Мутизм	166	0	10	4.5
1334	Набряк	828	12	52	23.5
1335	Набряк Квінке	3074	47	164	91.5
1336	Набряк легень	1532	18	88	42.0
1337	Набуметон	63	0	6	2.0
1338	Набутий імунітет	585	0	54	18.0
1339	Надгортанник	462	1	40	11.0
1340	Надіфлоксацин	4	0	3	0.0
1341	Надлопаткова артерія	26	0	3	1.0
1342	Надлопаткова вена	3	0	1	0.0
1343	Надниркова залоза	2161	9	124	63.0
1344	Надолол	15	0	2	1.0
1345	Надп'яткова кістка	141	2	9	5.0
1346	Надп'ятково-гомілковий суглоб	459	5	23	15.0
1347	Надропарин	27	0	3	1.0
1348	Налбуфін	584	5	30	18.5
1349	Налідиксова кислота	30	0	2	1.0
1350	Налорфін	43	0	5	2.0
1351	Нанофієтоз	18	0	3	1.0
1352	Напроксен	336	1	19	9.5
1353	Наталізумаб	12	0	3	0.0
1354	Натаміцин	69	0	9	2.0
1355	Натан Едвін Брілл	5	0	2	0.0
1356	Натрію пікосульфат	70	0	10	2.0
1357	Натуральна віспа	3347	53	182	99.0
1358	Науково-практичний центр профілактичної та клінічної медицини Державного управління справами	148	0	10	4.0
1359	Нафтифін	55	0	7	2.0
1360	Національна асоціація екстрених медичних техніків	87	0	9	3.0
1361	Національний інститут раку (Україна)	268	1	23	8.0
1362	Національний музей медицини України	160	1	14	4.0
1363	Національний реєстр екстрених медичних техніків (США)	9	0	4	0.0
1364	Небіволол	177	1	14	5.0
1365	Невірапін	16	0	3	0.0
1366	Неврит	878	13	45	26.0
1367	Неврологічний розлад	97	3	11	7.0
1368	Неврома	45	0	4	1.5
1369	Негоджкінська лімфома	973	8	68	30.0
1370	Негоспітальна пневмонія	606	1	37	17.5
1371	Нежить	2584	23	195	61.5
1372	Нейробластома	236	2	17	7.0
1373	Нейродерміт	992	12	52	30.0
1374	Нейроендокринна пухлина	155	0	13	4.5
1375	Нейроінфекції	611	6	38	16.5
1376	Нейропатія	570	1	33	18.0
1377	Нейрофіброматоз	546	6	39	17.5
1378	Нейрофіброматоз І типу	244	1	20	6.0
1379	Нейрофіброматоз II типу	60	0	6	3.0
1380	Некробацильоз	42	0	6	1.0
1381	Некроз	1753	18	123	47.5
1382	Некротичний фасциїт	1	0	1	0.0
1383	Нелфінавір	14	0	3	0.0
1384	Немоноксацин	2	0	1	0.0
1385	Ненуклеозидні інгібітори зворотньої транскриптази	31	0	7	1.0
1386	Неоміцин	102	0	6	3.0
1387	Неостигмін	84	0	9	2.0
1388	Непарна щитоподібна артерія	48	0	7	1.0
1389	Нервова анорексія	786	12	46	23.0
1390	Нервова система	4815	50	285	145.0
1391	Нервовий вузол	304	0	26	8.0
1392	Нереверсивна маска	75	0	9	2.0
1393	Неспецифічний виразковий коліт	1590	20	92	48.5
1394	Несправжній суглоб	126	0	13	3.0
1395	Нетилміцин	14	0	2	1.0
1396	Нетупітант	14	3	11	7.0
1397	Нефопам	30	0	4	1.0
1398	Нефротичний синдром	702	5	50	20.0
1399	Нецукровий діабет	667	5	44	22.0
1400	Нещадименко Марко Петрович	6	0	2	0.0
1401	Нижня щитоподібна артерія	34	0	7	1.0
1402	Нижня щитоподібна вена	6	0	2	0.0
1403	Низько-диференційований рак щитоподібної залози	53	0	5	2.0
1404	Нізатидин	11	0	2	0.0
1405	Нікардипін	20	0	4	1.0
1406	Нікетамід	35	0	7	1.0
1407	Ніклас Сальгрен	1	0	1	0.0
1408	Нікольський Петро Васильович	2	0	1	0.0
1409	Нікорандил	25	0	4	1.0
1410	Ніктурія	274	0	17	8.0
1411	Нілотиніб	13	0	2	0.5
1412	Нільс Алвалл	16	0	12	0.0
1413	Німесулід	576	10	45	15.5
1414	Німодипін	33	0	5	1.0
1415	Німоразол	23	0	5	1.0
1416	Німотузумаб	6	0	2	0.0
1417	Ністагм	743	10	43	22.0
1418	Нітразепам	66	0	6	2.0
1419	Нітрендипін	13	0	2	0.0
1420	Нітроксолін	537	5	34	18.0
1421	Нітрофурани	346	2	27	10.5
1422	Нітрофурантоїн	162	1	10	5.0
1423	Ніфедипін	317	0	28	8.5
1424	Ніфурател	54	0	6	2.0
1425	Ніфуроксазид	568	6	35	16.5
1426	Нобелівська премія з фізіології або медицини	262	0	20	8.0
1427	Новоутворення ендокринних залоз	66	1	7	2.0
1428	Нога людини	910	13	42	27.5
1429	Ножиці атравматичні	20	0	3	1.0
1430	Нозологія	610	1	53	18.5
1431	Нокардіоз	81	0	8	2.0
1432	Нома	156	1	13	5.0
1433	Норовірусна інфекція	119	0	13	3.5
1434	Норфлоксацин	189	0	15	5.0
1435	Носова канюля	41	0	9	1.0
1436	Носова кровотеча	461	5	33	13.5
1437	Нудота	568	10	33	16.0
1438	Нуклеозидні інгібітори зворотньої транскриптази	78	0	20	2.0
1439	Нюховий горбок	18	0	3	1.0
1440	О'ньйонг'ньйонг	14	0	3	1.0
1441	Обідкова частка	40	0	4	1.0
1442	Обінутузумаб	12	0	4	0.0
1443	Обличчя великої панди (ознака)	8	0	2	0.0
1444	Образцов Василь Парменович	51	0	5	1.0
1445	Обрамлене застереження	10	0	4	0.0
1446	Огорожа (анатомія)	22	0	3	1.0
1447	Одеська обласна клінічна лікарня	39	0	5	1.0
1448	Ожиріння в Україні	60	0	7	2.0
1449	Окоруховий нерв	257	1	18	7.5
1450	Оксаліплатин	79	0	7	3.0
1451	Оксацилін	90	0	15	2.0
1452	Оксибутинін	59	0	6	2.0
1453	Оксиками	32	0	5	1.0
1454	Оксикодон	599	6	48	18.5
1455	Оксиконазол	6	0	1	0.0
1456	Окситоцин	1709	33	100	50.5
1457	Окскарбазепін	17	0	3	1.0
1458	Окспренолол	14	0	3	1.0
1459	Оланзапін	134	0	11	4.0
1460	Олеандоміцин	20	0	6	0.0
1461	Олігурія	314	2	18	10.0
1462	Олмесартан	56	0	9	1.0
1463	Олопатадин	10	0	2	0.0
1464	Омалізумаб	19	0	3	0.0
1465	Омепразол	1661	20	339	39.0
1466	Омнопон	121	0	13	4.0
1467	Омоконазол	5	0	2	0.0
1468	Ондансетрон	116	0	11	4.5
1469	Онейроїд	156	1	13	4.5
1470	Оніхофагія	79	0	12	2.0
1471	Онкологія	698	7	42	20.0
1472	Онкоцит	19	0	6	1.0
1473	Онхоцеркоз	87	0	10	2.0
1474	Операція Бенталла	39	0	5	1.0
1475	Операція Крайля	98	0	6	3.0
1476	Оперізуючий герпес	10536	232	419	332.0
1477	Опікова хвороба	369	0	32	9.0
1478	Опіковий шок	325	0	37	9.0
1479	Опісторхоз	946	7	59	28.0
1480	Опортуністична інфекція	249	0	23	7.5
1481	Орієнтовний перелік основних лікарських засобів, розроблений ВООЗ	108	0	7	3.0
1482	Орнідазол	313	0	19	10.0
1483	Орнітоз	385	1	34	8.0
1484	Орхіт	446	3	29	14.0
1485	Орципреналін	41	0	4	1.0
1486	Остеопороз	1716	11	108	53.0
1487	Остеосинтез	199	0	16	6.0
1488	Острівцева кора	110	0	23	3.0
1489	Осьовий хребець	201	1	12	6.0
1490	Отопластика	197	1	53	5.0
1491	Отруєння	1157	14	72	32.5
1492	Отруєння грибами	142	0	13	3.0
1493	Отруєння етиловим спиртом	178	2	12	5.0
1494	Отто Обермаєр	0	0	0	0.0
1495	Офатумумаб	6	0	1	0.0
1496	Офлоксацин	318	2	22	9.0
1497	Офтальмологія	848	5	52	25.0
1498	Офтальмоплегія	85	0	8	2.0
1499	Очеревина	519	6	43	14.5
1500	Очерки гнойной хирургии	16	0	2	1.0
1501	Очна артерія	80	0	8	2.0
1502	Очна ямка	335	2	37	9.5
1503	П'єр Фідель Бретонно	4	0	1	0.0
1504	П'єр-Шарль Александр Луї	1	0	1	0.0
1505	П'ята холерна пандемія	11	0	4	0.0
1506	П'яткова кістка	91	0	7	3.0
1507	Падалка Борис Якович	19	0	5	0.0
1508	Паклітаксел	134	0	12	4.0
1509	Паліперидон	28	0	5	1.0
1510	Палоносетрон	24	1	6	1.5
1511	Панарицій	893	14	70	23.5
1512	Пандемія	3707	13	493	36.5
1513	Пандемія грипу H1N1 (2009)	1240	1	164	8.0
1514	Пандемія хвороби, яку спричинює вірус Зіка	90	0	10	2.0
1515	Панкреатична нейроендокринна пухлина	15	0	2	0.0
1516	Пантопразол	379	2	26	11.5
1517	Панцитопенія	341	1	33	8.5
1518	Папілома	1873	34	83	57.5
1519	Папілярний рак щитоподібної залози	654	7	52	18.0
1520	Парааміносаліцилова кислота	21	0	5	1.0
1521	Парагангліома	63	0	6	2.0
1522	Парагонімоз	78	0	9	2.0
1523	Парагрип	898	9	59	26.0
1524	Паразитарна інвазія	730	1	57	20.0
1525	Паразитарні хвороби	317	0	26	8.0
1526	Параліч	624	10	42	20.0
1527	Парамедик	464	5	30	14.0
1528	Паранеопластичний синдром	191	0	15	5.0
1529	Парапроктит	2382	41	133	71.0
1530	Паратгормон	1058	5	62	32.5
1531	Паратиреоїдектомія	31	0	5	1.0
1532	Паратифи	329	1	23	9.0
1533	Паратонзилярний абсцес	1559	25	86	47.0
1534	Паращитоподібна залоза	615	4	37	18.5
1535	Парвовірус В19	362	2	33	10.0
1536	Парекоксиб	20	0	7	0.0
1537	Парентеральне введення	1257	9	71	40.0
1538	Пароксетин	237	2	16	7.0
1539	Пароксизм	360	4	19	12.0
1540	Пароксизмальна тахікардія	1336	10	84	43.5
1541	Паромоміцин	14	0	3	0.0
1542	Паротит	502	2	33	15.0
1543	Парфанович Софія	31	0	3	1.0
1544	Патісіран	3	0	1	0.0
1545	Патогенез	801	5	52	19.0
1546	Патогенез бічного аміотрофічного склерозу	7	0	3	0.0
1547	Патогномонічний симптом	184	1	13	6.0
1548	Патологічна анатомія	740	5	48	23.0
1549	Патрік Менсон (паразитолог)	11	0	2	0.0
1550	Пауль Лангерганс	14	0	3	0.0
1551	Пахвинна зв'язка	203	1	32	4.0
1552	Пахвинний канал	625	3	49	17.0
1553	Пахвова артерія	94	0	8	2.0
1554	Пахвова вена	35	0	5	1.0
1555	Пахова гранульома	215	1	13	7.0
1556	Пегільований інтерферон альфа-2а	79	0	12	2.0
1557	Пегільований інтерферон альфа-2b	37	0	4	1.0
1558	Пегфілграстим	16	0	4	0.0
1559	Педикульоз	2263	30	137	71.5
1560	Пелещук Анатолій Петрович	64	0	17	1.0
1561	Пембролізумаб	106	0	8	3.0
1562	Пеметрексед	78	0	15	2.0
1563	Пенетрація (медицина)	319	2	29	9.5
1564	Пеніцилін	2421	43	122	72.5
1565	Пентазоцин	30	0	7	1.0
1566	Пентамідин	37	0	5	1.0
1567	Пентобарбітал	200	1	10	6.0
1568	Пентоксифілін	277	1	21	8.0
1569	Пенцикловір	21	0	4	1.0
1570	Пептична виразка	1449	17	72	43.5
1571	Первинний амебний менінгоенцефаліт	45	0	5	1.0
1572	Передменструальний синдром	3233	53	139	102.5
1573	Передня мозкова артерія	90	1	9	2.0
1574	Передня яремна вена	55	0	5	2.0
1575	Передсердний натрійуретичний фактор	157	1	13	4.0
1576	Передчасна еякуляція	1351	25	59	42.0
1577	Переливання крові	3250	16	193	91.0
1578	Перелік інфекційних хвороб людини	2984	15	222	99.0
1579	Перелік курсів екстреної медичної допомоги	16	0	5	0.0
1580	Перелік паразитарних хвороб людини	552	0	50	17.0
1581	Переломи кісток	3241	31	217	88.0
1582	Перикардит	870	9	65	21.0
1583	Перитоніт	2565	48	171	76.0
1584	Періодонтоз	603	9	38	19.0
1585	Перкусія	358	0	38	10.0
1586	Пероральний прийом лікарських засобів	1971	32	102	61.0
1587	Перстнещитоподібна артерія	2	0	1	0.0
1588	Пертузумаб	20	0	3	1.0
1589	Перша холерна пандемія	184	0	29	2.0
1590	Петер Крауснекер	2	0	1	0.0
1591	Петехія	439	4	24	13.5
1592	Пефлоксацин	32	0	4	1.0
1593	Печериста пазуха	103	0	11	3.0
1594	Печінка	3824	50	236	105.0
1595	Печінкова недостатність	750	7	53	21.5
1596	Печія	1337	25	66	42.0
1597	Пирогов Микола Іванович	1596	18	93	44.5
1598	Півкулі головного мозку	1217	10	83	38.0
1599	Під'язикова артерія	10	0	3	1.0
1600	Підвисоцький Володимир Валеріанович	90	0	16	2.0
1601	Підвішуюча зв'язка щитоподібної залози	5	0	1	0.0
1602	Підключична артерія	362	3	27	11.0
1603	Підключична вена	73	0	7	2.0
1604	Підотимод	12	0	3	0.5
1605	Підпід'язикова артерія	3	0	2	0.0
1606	Підшкірна ін'єкція	1031	10	70	30.5
1607	Підшкірний мансонельоз	48	0	8	1.0
1608	Підшкірні філяріїдози	45	0	5	1.0
1609	Пієлонефрит	3843	29	215	112.0
1610	Пілокарпін	73	0	10	2.0
1611	Пімозид	21	0	3	1.0
1612	Піндолол	19	0	3	1.0
1613	Пінеалобластома	9	0	4	0.0
1614	Пінеалома	11	0	2	0.0
1615	Пінта (хвороба)	90	0	8	2.5
1616	Піодермія	1480	24	78	45.0
1617	Піпемідова кислота	24	0	4	0.0
1618	Піперазин	137	2	10	4.0
1619	Піперацилін	39	0	6	1.0
1620	Піразинамід	23	0	3	1.0
1621	Пірамідна система	687	7	55	18.0
1622	Пірантел	279	0	18	9.0
1623	Пірензепін	36	1	12	2.0
1624	Пірибедил	9	0	2	0.0
1625	Піридостигмін	17	0	3	0.0
1626	Піріметамін	26	0	3	1.0
1627	Піріметамін/сульфадоксин	8	0	2	0.0
1628	Пірліндол	14	0	2	1.0
1629	Піроксикам	77	0	11	2.0
1630	Пітавастатин	11	0	2	0.0
1631	Пітуіцитома	17	0	5	1.0
1632	Плазмодій	749	8	39	23.0
1633	Платифілін	320	1	17	11.0
1634	Плеврит	2660	42	153	70.5
1635	Плевромутилін	12	0	3	0.0
1636	Плечеголовна вена	55	0	7	2.0
1637	Плечоголовний стовбур	67	0	9	2.0
1638	Пліометрика	58	0	5	2.0
1639	Плоска бородавка	144	0	13	4.0
1640	Плоскоклітинна карцинома щитоподібної залози	30	0	5	1.0
1641	Пляма (висип)	234	2	18	6.0
1642	Плямиста гарячка Скелястих Гір	55	0	6	2.0
1643	Пневмоконіоз	380	0	32	10.0
1644	Пневмоторакс	2173	17	139	63.0
1645	Пневмоцистна пневмонія	294	1	24	8.0
1646	Побічна дія (медицина)	4895	51	230	148.5
1647	Поверхнева скронева артерія	87	0	11	3.0
1648	Повільні інфекції	68	0	6	2.0
1649	Повітряно-крапельний механізм передачі інфекції	779	4	62	18.0
1650	Поворотний тиф	216	1	17	6.0
1651	Подагра	7607	118	336	228.0
1652	Позаконазол	17	0	3	1.0
1653	ПоКіФоРо ІнРиКоЗ	23	0	6	1.0
1654	Поле Бродмана 4	24	0	3	1.0
1655	Поле Бродмана 5	7	0	1	0.0
1656	Поле Бродмана 6	9	0	4	0.0
1657	Поле Бродмана 7	13	0	3	1.0
1658	Поле Бродмана 8	3	0	1	0.0
1659	Поле Бродмана 9	6	0	1	0.0
1660	Поле Бродмана 10	17	0	2	1.0
1661	Поле Бродмана 11	3	0	2	0.0
1662	Поле Бродмана 12	3	0	2	0.0
1663	Поле Бродмана 13	2	0	1	0.0
1664	Поле Бродмана 14	3	0	1	0.0
1665	Поле Бродмана 15	2	0	1	0.0
1666	Поле Бродмана 16	1	0	1	0.0
1667	Поле Бродмана 20	4	0	1	0.0
1668	Поле Бродмана 21	5	0	1	0.0
1669	Поле Бродмана 22	9	0	1	0.0
1670	Поле Бродмана 23	1	0	1	0.0
1671	Поле Бродмана 24	3	0	1	0.0
1672	Поле Бродмана 25	12	0	2	0.0
1673	Поле Бродмана 26	1	0	1	0.0
1674	Поле Бродмана 27	6	0	2	0.0
1675	Поле Бродмана 28	4	0	1	0.0
1676	Поле Бродмана 29	1	0	1	0.0
1677	Поле Бродмана 30	0	0	0	0.0
1678	Поле Бродмана 31	1	0	1	0.0
1679	Поле Бродмана 32	6	0	2	0.0
1680	Поле Бродмана 33	3	0	1	0.0
1681	Поле Бродмана 34	3	0	1	0.0
1682	Поле Бродмана 35	5	0	1	0.0
1683	Поле Бродмана 36	4	0	1	0.0
1684	Поле Бродмана 37	2	0	1	0.0
1685	Поле Бродмана 38	15	0	3	0.5
1686	Поле Бродмана 39	6	0	2	0.0
1687	Поле Бродмана 40	21	0	4	1.0
1688	Поле Бродмана 43	10	0	5	0.0
1689	Поле Бродмана 44	10	0	4	0.0
1690	Поле Бродмана 45	18	0	3	1.0
1691	Поле Бродмана 46	10	0	2	0.0
1692	Поле Бродмана 47	5	0	2	0.0
1693	Поле Бродмана 48	3	0	1	0.0
1694	Поле Бродмана 49	1	0	1	0.0
1695	Поле Бродмана 52	3	0	1	0.0
1696	Поліартрит	965	8	55	30.5
1697	Полідипсія	154	1	10	4.5
1698	Полієнові антибіотики	60	0	7	1.0
1699	Полікістоз нирок	610	4	35	16.5
1700	Поліклініка № 1 Державного управління справами	180	1	13	6.0
1701	Поліневрит	348	4	20	11.0
1702	Поліноз	540	2	47	14.0
1703	Поліомієліт	4152	39	238	106.5
1704	Політравма	1222	12	76	39.5
1705	Поліфагія (симптом)	81	0	6	2.0
1706	Поля Бродмана	179	0	15	5.5
1707	Поля Бродмана 17, 18, 19. Зорова кора.	60	0	6	2.0
1708	Поля Бродмана 41 і 42	8	0	1	1.0
1709	Поперечна артерія шиї	46	0	4	2.0
1710	Постцентральна звивина	77	0	9	2.0
1711	Потилична артерія	41	0	6	1.0
1712	Потилична частка	495	2	31	13.5
1713	Потрійний-А синдром	45	0	4	2.0
1714	Поясна кора	49	0	9	1.0
1715	Правастатин	26	0	4	0.5
1716	Правець	4590	38	426	126.0
1717	Правило Лібермейстера	45	0	6	2.0
1718	Правцева діагностична тріада	33	0	9	1.0
1719	Празиквантел	161	1	14	5.0
1720	Празозин	111	0	8	3.0
1721	Праміпексол	25	0	3	1.0
1722	Прамірацетам	62	0	6	2.0
1723	Прасугрель	39	0	6	1.0
1724	Прегабалін	887	6	49	30.5
1725	Преднізолон	1338	11	75	43.0
1726	Примак Федір Якович	7	0	4	0.0
1727	Пріонові хвороби	1275	6	97	32.5
1728	Проба Шелестюка	139	1	15	3.0
1729	Прогестерон	2101	29	110	71.0
1730	Прогормон	22	0	4	1.0
1731	Прогресивний параліч	50	0	4	2.0
1732	Продромальний період	137	1	12	3.5
1733	Прозектор	38	0	4	1.0
1734	Проказа	3221	61	249	91.5
1735	Прокаїн	437	4	23	14.0
1736	Прокаїнамід	44	0	4	2.0
1737	Проктит	830	17	44	25.0
1738	Пролактин	1798	15	91	56.5
1739	Пролактинома	264	2	24	7.0
1740	Променева терапія	1742	8	152	41.0
1741	Променева хвороба	2671	13	698	46.5
1742	Променево-зап'ястковий суглоб	264	0	20	7.0
1743	Прометазин	128	0	10	3.0
1744	Пропафенон	57	0	6	1.5
1745	Пропілтіоурацил	18	0	3	1.0
1746	Пропранолол	301	1	20	8.0
1747	Пророксан	21	0	3	1.0
1748	Простагландини	654	9	43	19.0
1749	Простатит	5278	108	215	167.0
1750	Протиглисні засоби	103	0	16	3.0
1751	Протипаркінсонічні препарати	113	0	13	3.0
1752	Протіонамід	7	0	2	0.0
1753	Протозойні хвороби	364	1	25	10.5
1754	Протопопов Віктор Павлович	41	0	5	1.0
1755	Протрузія міжхребцевого диска	919	6	56	28.5
1756	Професійні хвороби	366	1	35	11.0
1757	Прохлорперазин	28	0	5	1.0
1758	Псевдобульбарний синдром	474	7	30	13.5
1759	Псевдоефедрин	444	2	28	14.0
1760	Псевдотуберкульоз	447	3	42	11.0
1761	Психіатр	342	4	22	10.0
1762	Псоріаз	4966	92	233	150.0
1763	Пташиний грип	3136	6	364	29.5
1764	Пульпіт	1111	12	64	32.0
1765	Пульпозне ядро	40	0	6	1.0
1766	Пульс	5501	52	391	147.0
1767	Пульсометрія	93	0	9	2.0
1768	Пухир	233	1	15	6.0
1769	Пухлина головного мозку	1442	19	73	43.0
1770	Пухлинний маркер	269	1	19	7.0
1771	Рабдоміоліз	282	2	16	8.5
1772	Рабепразол	61	0	7	2.0
1773	Разагілін	16	0	4	0.0
1774	Рак легені	3431	39	196	98.0
1775	Рак молочної залози	1734	23	91	53.0
1776	Рак паращитоподібної залози	55	0	5	2.0
1777	Рак підшлункової залози	823	13	47	26.0
1778	Рак стравоходу	552	6	32	17.5
1779	Рак шийки матки	924	12	52	28.5
1780	Рак шкіри	2060	38	96	64.0
1781	Рак щитоподібної залози	867	11	73	23.5
1782	Раково-ембріональний антиген	188	0	16	5.0
1783	Ралтегравір	5	0	2	0.0
1784	Рана	1134	6	90	27.0
1785	Рандомізоване контрольоване дослідження	128	1	9	4.0
1786	Ранолазин	68	0	14	2.0
1787	Рауль Бенсауд	4	0	2	0.0
1788	Рафаель Бланшар	3	0	1	0.0
1789	Рахіт	2523	21	159	76.0
1790	Реактивний артрит	1005	10	145	26.5
1791	Реакція Асколі	81	0	7	3.0
1792	Реакція пасивної гемаглютинації	175	0	19	5.0
1793	Реанімація (медицина)	1369	14	94	41.5
1794	Ребаміпід	79	0	7	2.0
1795	Реберношийний стовбур	24	0	4	1.0
1796	Ревматизм	5508	73	295	146.5
1797	Ревматологія	731	8	39	21.5
1798	Рейкі	337	3	22	10.0
1799	Рене Лаенек	26	0	3	1.0
1800	Ренін	348	2	20	11.0
1801	Реноваскулярна гіпертензія	227	0	16	7.0
1802	Реовіруси	115	0	13	3.0
1803	Реовірусна інфекція	34	0	5	1.0
1804	Респіраторний мікоплазмоз	185	0	18	5.0
1805	Респіраторно-синцитіальна інфекція	350	2	26	10.0
1806	Рестриктивна кардіоміопатія	29	0	4	1.0
1807	Ретапамулін	6	0	2	0.0
1808	Реформа швидкої (екстреної) медичної допомоги в Україні з 2016 року	192	0	13	5.5
1809	Рецидив (медицина)	575	9	28	18.0
1810	Рибавірин	274	0	43	4.0
1811	Ривароксабан	165	2	10	5.0
1812	Ригідність потиличних м'язів	374	4	25	10.5
1813	Рикетсіози	285	1	23	8.0
1814	Римантадин	976	3	122	17.5
1815	Риновірусна інфекція	346	2	35	11.0
1816	Рисперидон	193	1	13	6.0
1817	Ритонавір	59	0	13	1.0
1818	Ритуксимаб	139	0	17	4.0
1819	Рифабутин	9	0	4	0.0
1820	Рифаксимін	82	0	5	3.0
1821	Рифаміцин	21	0	2	1.0
1822	Рифапентин	11	0	4	0.0
1823	Рідкісна хвороба	288	2	45	7.0
1824	Рілпівірин	6	0	1	0.0
1825	Роберт Кох	317	0	19	9.0
1826	Роберт Ноулз	34	0	6	3.0
1827	Роботизована хірургія	69	0	6	2.0
1828	Рогівка	652	2	51	17.5
1829	Родимка	695	13	32	21.0
1830	Розлад особистості	473	8	25	14.5
1831	Розширена підтримка життя	90	0	12	2.0
1832	Роксатидин	14	0	3	0.0
1833	Рокситроміцин	73	0	7	2.0
1834	Рольфінг	22	0	4	1.0
1835	Романовський Дмитро Леонідович	11	0	2	0.0
1836	Ропінірол	16	0	2	1.0
1837	Ротавірусна інфекція	2838	38	164	83.5
1838	Ротиготин	17	0	2	1.0
1839	Рофекоксиб	39	0	6	1.0
1840	Рубець (медицина)	503	4	29	16.0
1841	Ручківський Сергій Никифорович	14	0	5	0.0
1842	С-клітина	36	0	3	1.0
1843	Савченко Іван Григорович	29	0	4	1.0
1844	Саймон Флекснер	5	0	2	0.0
1845	Саквінавір	37	0	14	0.5
1846	Сальбутамол	552	4	51	15.0
1847	Сальгренська Університетська Лікарня	6	0	3	0.0
1848	Сальметерол	101	0	9	3.0
1849	Сальмонельоз	3706	46	250	107.0
1850	Санація (медицина)	534	4	36	16.5
1851	Сап	257	1	21	7.5
1852	Сапроноз	182	0	25	4.0
1853	Саркоїдоз	1133	8	71	33.5
1854	Саркома	1632	23	82	50.0
1855	Саркома Капоші	666	9	55	18.5
1856	Саркома Юїнга	751	4	77	17.5
1857	Саркоцистоз	29	0	6	1.0
1858	Свен Івар Сельдінгер	22	0	2	1.0
1859	Світлобоязнь	74	0	6	2.0
1860	Себастьяно Рівольта	2	0	1	0.0
1861	Севофлуран	76	0	7	2.0
1862	Сезонний афективний розлад	161	1	11	4.0
1863	Секнідазол	131	1	16	3.0
1864	Секретин	112	1	7	3.0
1865	Селегілін	32	0	4	1.0
1866	Сепсис	3786	50	192	115.5
1867	Септичний шок	685	3	65	17.5
1868	Середньомозкове ядро трійчастого нерва	17	0	5	1.0
1869	Середня мозкова артерія	159	1	13	5.0
1870	Середня щитоподібна вена	1	0	1	0.0
1871	Серозні мансонельози	5	0	2	0.0
1872	Серозні філяріїдози	7	0	2	0.0
1873	Серотонін	3419	68	407	91.5
1874	Сертаконазол	32	0	4	1.0
1875	Сертиндол	14	0	3	0.0
1876	Сертралін	299	1	18	9.0
1877	Серце людини	8900	51	658	229.5
1878	Серцева недостатність	4473	57	255	129.0
1879	Серцево-судинні захворювання	5039	11	424	112.0
1880	Сехіфенадин	15	0	2	0.5
1881	Сечокам'яна хвороба	2177	20	132	61.5
1882	Сибірка	2218	14	151	63.5
1883	Силікоз	565	9	33	16.0
1884	Силодозин	50	0	5	1.0
1885	Симпатикотонія	87	0	8	2.0
1886	Симптом	851	6	48	29.0
1887	Симптом Аарона	16	0	3	1.0
1888	Симптом Абаді	1	0	1	0.0
1889	Симптом Бабінскі	327	3	24	9.5
1890	Симптом блідого носогубного трикутника	134	0	9	4.0
1891	Симптом випорожнень по типу «рисового відвару»	45	0	5	1.0
1892	Симптом Вінтерботтома	9	0	2	0.0
1893	Симптом Гієна	19	0	3	1.0
1894	Симптом Годельє	412	2	24	12.0
1895	Симптом двобічного збільшення потиличних лімфатичних вузлів	131	1	10	3.5
1896	Симптом Добровольської-Ніколадоні	10	0	3	0.0
1897	Симптом каптура	33	0	4	1.0
1898	Симптом каптура (психіатрія)	51	0	5	2.0
1899	Симптом Керніга	208	0	16	6.0
1900	Симптом Кіарі	39	0	6	1.0
1901	Симптом Копліка	446	1	25	13.0
1902	Симптом Курвуазьє	415	1	47	10.0
1903	Симптом Левіна	9	0	2	0.0
1904	Симптом Лессажа	102	0	11	2.5
1905	Симптом малинового желе	223	1	15	6.5
1906	Симптом малинового язика	343	1	23	10.0
1907	Симптом Мюссе	190	0	16	5.0
1908	Симптом Нікольського	447	1	36	13.0
1909	Симптом Падалки	72	0	10	2.0
1910	Симптом Пастернацького	554	3	34	18.0
1911	Симптом Пастіа	70	0	7	2.0
1912	Симптом Піка	25	0	5	1.0
1913	Симптом Романьї	6	0	2	0.0
1914	Симптом рукавичок і шкарпеток	53	0	8	1.5
1915	Симптом Стімсона	6	0	1	0.0
1916	Симптом Стокса	30	0	4	1.0
1917	Симптом триніжка	64	0	11	1.0
1918	Симптом Фаже	20	0	3	1.0
1919	Симптом Феррарі	8	0	2	0.0
1920	Симптом Флатау	22	0	3	1.0
1921	Симптом Форчгеймера	9	0	1	1.0
1922	Симптом Щоткіна-Блюмберга	526	3	32	15.0
1923	Симптоми Брудзинського	264	1	23	7.0
1924	Симптоми Тауссіга	2	0	1	0.0
1925	Синдактилія	305	2	17	9.0
1926	Синдром	734	8	43	21.5
1927	Синдром Аазе — Сміта	40	0	5	1.0
1928	Синдром Аарскога	49	0	6	1.0
1929	Синдром Абдалла — Девіса — Фарража	19	0	2	1.0
1930	Синдром Авелліса	19	0	3	1.0
1931	Синдром Адамса — Олівера	69	0	6	2.0
1932	Синдром Аді	94	0	10	2.0
1933	Синдром Аді — Крітчлі	11	0	2	1.0
1934	Синдром Аєрзи	53	0	9	1.5
1935	Синдром Акерманів	13	0	2	1.0
1936	Синдром Алажілля	100	0	9	3.0
1937	Синдром Аллана — Герндона — Дадлі	13	0	2	1.0
1938	Синдром Аллена — Гайнса	9	0	3	1.0
1939	Синдром Аллена — Мастерса	51	0	4	2.0
1940	Синдром Алстрема	57	0	8	2.0
1941	Синдром Альвареса	20	0	3	1.0
1942	Синдром Альпорта	122	0	17	3.0
1943	Синдром Андерманна	28	0	4	1.0
1944	Синдром Андерсен	38	0	9	1.0
1945	Синдром Антлі — Бікслера	34	0	4	1.0
1946	Синдром Аперта	55	0	8	2.0
1947	Синдром Аракава I	10	0	2	1.0
1948	Синдром Аракава II	6	0	2	0.0
1949	Синдром Аспергера	5456	110	369	152.5
1950	Синдром Ачора — Сміта	3	0	1	0.0
1951	Синдром Ашара	31	0	6	1.0
1952	Синдром Ашара — Тьєра	20	0	2	1.0
1953	Синдром Ашера	44	0	4	1.5
1954	Синдром Ашермана	177	0	13	5.0
1955	Синдром Бадда — Кіарі	334	1	53	7.5
1956	Синдром Бехчета	285	2	25	8.0
1957	Синдром Бруннера	59	0	5	1.0
1958	Синдром Вегенера	245	1	15	7.5
1959	Синдром відміни	1275	24	65	38.0
1960	Синдром Вільямса	824	4	75	17.0
1961	Синдром Вольфа — Паркінсона — Вайта	713	6	45	21.0
1962	Синдром Вотергауза — Фредеріксена	78	1	13	4.0
1963	Синдром Герстмана — Штройслера — Шейнкера	86	0	11	3.0
1964	Синдром Гієна — Барре	2253	9	329	56.0
1965	Синдром гіпоплазії лівих відділів серця	121	1	11	3.0
1966	Синдром Горнера	761	9	42	23.0
1967	Синдром Гудпасчера	96	0	9	2.0
1968	Синдром Дабіна — Джонсона	89	0	9	2.0
1969	Синдром де Тоні — Дебре — Фанконі	129	0	16	3.0
1970	Синдром Денді — Вокера	149	0	14	4.5
1971	Синдром Джанотті — Крості	67	0	12	2.0
1972	Синдром Доріана Грея	74	0	8	2.0
1973	Синдром Дресслера	309	0	23	9.5
1974	Синдром Едвардса	1009	9	68	29.5
1975	Синдром Ейкарді	64	0	9	2.0
1976	Синдром Елліса — ван Кревельда	125	1	9	4.0
1977	Синдром Жильбера	1528	7	92	44.5
1978	Синдром зап'ястного каналу	1075	10	60	34.0
1979	Синдром Золлінгера — Еллісона	415	5	26	13.0
1980	Синдром Кавасакі	465	3	37	11.0
1981	Синдром Кейтеля	12	0	2	0.0
1982	Синдром китайського ресторану	43	0	5	1.0
1983	Синдром Корсакова	351	3	24	10.0
1984	Синдром космічної адаптації	36	0	7	1.0
1985	Синдром Котара	327	3	22	9.5
1986	Синдром котячого крику	855	7	66	22.5
1987	Синдром Криглера — Найяра	124	0	10	4.0
1988	Синдром Лаєлла	1013	9	83	30.0
1989	Синдром Лауна — Ґанонґа — Левайна	242	0	19	7.0
1990	Синдром Лея	26	0	4	1.0
1991	Синдром Маккюна — Олбрайта	230	1	20	6.5
1992	Синдром Марфана	1467	19	85	45.0
1993	Синдром Морганьї — Адамса — Стокса	395	2	24	13.0
1994	Синдром Морріса	249	1	21	6.0
1995	Синдром Неємія Ашерсона	13	0	2	1.0
1996	Синдром Неймеген	44	0	6	1.0
1997	Синдром Патау	1248	14	91	34.0
1998	Синдром Пейтца — Єгерса	71	0	7	2.0
1999	Синдром передчасного збудження шлуночків	49	0	6	1.5
2000	Синдром подразненого кишечника	1626	20	101	49.5
2001	Синдром порушення активності та уваги	1283	23	76	38.0
2002	Синдром раптової дитячої смерті	178	0	17	6.0
2003	Синдром Ретта	1119	2	566	11.0
2004	Синдром Рея	749	8	59	22.0
2005	Синдром Ротора	89	0	10	2.5
2006	Синдром Сваєра	91	0	16	2.0
2007	Синдром системної запальної відповіді	201	1	22	5.0
2008	Синдром слабкості синусового вузла	374	3	22	10.5
2009	Синдром Стендаля	443	4	69	10.5
2010	Синдром Стівенса — Джонсона	946	4	48	30.0
2011	Синдром струшеної дитини	550	4	84	13.5
2012	Синдром Такаясу	280	1	24	8.0
2013	Синдром Тернера	1237	12	77	34.5
2014	Синдром тривалої гарячки невідомого походження	148	0	12	4.5
2015	Синдром Ундіни	48	0	5	1.0
2016	Синдром хронічної втоми	946	11	57	28.5
2017	Синдром Шегрена	671	6	41	19.0
2018	Синостоз	125	0	10	4.0
2019	Синхондроз	90	0	10	3.0
2020	Сироваткова хвороба	238	1	19	6.0
2021	Сиролімус	55	0	7	1.0
2022	Система винагород	89	0	9	3.0
2023	Система груп крові AB0	793	8	47	23.0
2024	Системна склеродермія	1390	9	117	37.0
2025	Системний бартонельоз	52	0	12	1.0
2026	Системний червоний вовчак	3546	42	245	104.5
2027	Сифіліс	8354	141	423	237.5
2028	Сім'яний канатик	356	2	22	11.0
2029	Сім'яні залози	1066	13	52	32.0
2030	Сінгамоз	21	0	4	1.0
2031	Сіра речовина	1526	6	102	37.0
2032	Сіріл Гарнем	6	0	5	0.0
2033	Сітківка	866	11	51	25.5
2034	Сказ	3780	50	258	115.0
2035	Скальпована рана	320	0	135	6.0
2036	Скарлатина	7111	83	476	212.0
2037	Сколіоз	1664	11	109	47.0
2038	Скронева кістка	489	6	28	15.0
2039	Скронева частка	475	2	35	15.0
2040	Скроневий м'яз	64	0	9	2.0
2041	Слоновість	247	1	18	7.0
2042	Смугасте тіло	193	1	19	6.0
2043	СНІД	9857	84	625	271.5
2044	Содоку	63	0	13	1.0
2045	Сокол Олександра Семенівна	12	0	3	0.0
2046	Соліфенацин	18	0	3	1.0
2047	Соматосенсорна система	60	0	6	2.0
2048	Соматостатин	234	1	21	6.0
2049	Соматостатинома	15	0	3	1.0
2050	Соматотропний гормон	977	10	59	30.0
2051	Сонна хвороба	705	6	49	20.5
2052	Сорафеніб	43	0	10	1.0
2053	Соталол	26	0	6	1.0
2054	Софосбувір	187	0	14	6.5
2055	Сочевицеподібне ядро	36	0	5	1.0
2056	Спадкові захворювання	1308	8	101	36.0
2057	Спалах інфекційної хвороби	120	0	13	4.0
2058	Спалах коронавірусу 2019-nCoV	156	156	156	156.0
2059	Спарганоз	37	0	3	1.0
2060	Спарфлоксацин	10	0	1	1.0
2061	Спектиноміцин	16	0	4	0.0
2062	Спинномозкова рідина	1224	13	93	35.0
2063	Спинномозкове ядро трійчастого нерва	13	0	2	1.0
2064	Список лауреатів Нобелівської премії з фізіології або медицини	514	5	31	14.0
2065	Список спадкових хвороб	832	5	76	20.0
2066	Спінальна анестезія	860	8	41	25.5
2067	Спіраміцин	65	0	6	2.0
2068	Спіраприл	9	0	3	0.0
2069	Спленомегалія	363	2	38	11.0
2070	Справжня поліцитемія	1479	4	93	46.5
2071	Стабілізатор мастоцитів	34	0	5	1.0
2072	Ставудин	4	0	2	0.0
2073	Станіслав фон Провасек	10	0	4	0.0
2074	Статини	925	4	70	25.5
2075	Стафілокок	5163	79	269	163.0
2076	Стафілокок золотистий	1734	23	104	50.5
2077	Стафілококова інфекція	3109	51	160	94.5
2078	Стеноз	535	4	58	16.0
2079	Стеноз мітрального клапана	461	2	33	12.0
2080	Стефанський В'ячеслав Карлович	8	0	3	0.0
2081	Стравохід	1532	20	79	43.5
2082	Стрептобацильоз	22	0	5	1.0
2083	Стрептококовий фарингіт	1716	23	87	53.0
2084	Стригучий лишай	328	3	22	9.0
2085	Стрічка Брозлоу для екстреної педіатричної допомоги	7	0	2	0.0
2086	Стронгілоїдоз	344	3	23	11.0
2087	Строфантин	167	0	16	5.0
2088	Стьожак	332	2	19	11.5
2089	Субарахноїдальний крововилив	858	10	57	24.0
2090	Субдуральна гематома	723	11	41	22.5
2091	Субталамічне ядро	24	0	5	0.0
2092	Суглоб	2263	20	154	67.5
2093	Сулодексид	88	1	9	2.0
2094	Сульбактам	164	0	10	5.0
2095	Сульпірид	497	3	36	15.5
2096	Сульфадиметоксин	129	0	10	4.0
2097	Сульфадимідин	17	0	2	0.5
2098	Сульфадіазин	28	0	4	1.0
2099	Сульфадоксин	25	0	3	1.0
2100	Сульфаметоксазол	51	0	6	1.0
2101	Сульфаметоксазол/триметоприм	328	1	19	9.5
2102	Сульфаметрол	4	0	1	0.0
2103	Сульфаніламід	398	0	25	12.5
2104	Сульфацетамід	53	0	6	2.0
2105	Сунітиніб	39	0	4	1.0
2106	Суперечка щодо насичених жирів	8	0	3	0.0
2107	СХ614	1	0	1	0.0
2108	Східний енцефаломієліт коней	48	0	5	1.0
2109	Сьома холерна пандемія	77	0	10	2.0
2110	Т-клітинна терапія лейкозу	20	0	4	1.0
2111	Таблетки, що розпадаються в ротовій порожнині	90	0	6	3.0
2112	Таксани	25	0	4	1.0
2113	Таласемія	790	5	55	21.5
2114	Талінолол	14	0	2	1.0
2115	Тамоксифен	291	1	24	8.0
2116	Тамсулозин	144	0	12	4.5
2117	Тегасерод	27	0	6	1.0
2118	Тегафур	13	0	2	0.0
2119	Тедизолід	20	0	3	1.0
2120	Теїксобактин	20	0	3	1.0
2121	Тейкопланін	36	0	7	1.0
2122	Телапревір	3	0	1	0.0
2123	Телбівудин	7	0	3	0.0
2124	Телемедицина	241	1	16	6.0
2125	Телітроміцин	5	0	2	0.0
2126	Телмісартан	56	0	6	2.0
2127	Темозоломід	21	0	2	1.0
2128	Тендовагініт	529	3	50	15.0
2129	Теніази	78	0	8	1.5
2130	Теніаринхоз	272	3	22	8.0
2131	Теніоз	416	4	30	12.5
2132	Теноксикам	33	0	4	1.0
2133	Тенонітрозол	9	0	2	0.0
2134	Тенофовір	136	0	9	4.0
2135	Тенофовір/Емтрицитабін	64	0	20	1.0
2136	Теобальд Сміт	9	0	3	0.0
2137	Тепловий удар	556	0	54	15.5
2138	Теразозин	39	0	5	1.0
2139	Тератома	470	1	34	13.5
2140	Тербінафін	122	0	9	3.0
2141	Тербуталін	23	0	6	1.0
2142	Теризидон	1	0	1	0.0
2143	Термінальний нерв	21	0	3	1.0
2144	Терфенадин	36	0	7	1.0
2145	Тестостерон	2048	37	95	63.0
2146	Тетраплегія	194	1	19	5.5
2147	Тизанідин	74	0	11	2.0
2148	Тикагрелор	89	1	10	2.0
2149	Тикарцилін	21	0	3	1.0
2150	Тиклопідин	16	0	2	1.0
2151	Тимолол	30	0	4	1.0
2152	Тинзапарин	13	0	2	0.0
2153	Тинідазол	120	0	7	3.0
2154	Типранавір	8	0	3	0.0
2155	Тиреоглобулін	545	2	36	15.0
2156	Тиреоїдектомія	332	2	24	9.5
2157	Тиреоїдит Хашимото	1607	12	85	46.0
2158	Тиреопероксидаза	194	1	14	6.0
2159	Тиреотропний гормон	2519	14	145	74.5
2160	Тироксин	1007	9	68	26.0
2161	Тиротрицин	315	1	21	10.0
2162	Тиф	1440	20	318	36.0
2163	Тіамазол	85	0	6	3.0
2164	Тіамфенікол	23	0	3	1.0
2165	Тіанептин	37	0	4	1.0
2166	Тіаприд	6	0	2	0.0
2167	Тігециклін	26	0	4	1.0
2168	Тім'яна частка	543	4	33	16.0
2169	Тіогуанін	21	0	8	0.0
2170	Тіопентал натрію	382	3	33	11.0
2171	Тіоридазин	65	0	9	2.0
2172	Тіотриазолін	545	2	32	20.0
2173	Тіотропію бромід	119	0	17	3.0
2174	Тітов Михайло Борисович	18	0	5	1.0
2175	Тобраміцин	84	1	7	2.0
2176	Токсичний багатовузловий зоб	246	1	15	8.0
2177	Токсокароз	1629	11	95	53.0
2178	Токсоплазмоз	3183	45	180	88.0
2179	Толперизон	57	0	7	1.0
2180	Толтеродин	19	0	3	0.0
2181	Томас Сиденгам	9	0	2	0.0
2182	Томас Спенсер Кобболд	47	0	13	3.0
2183	Тонкоголкова аспіраційна пункційна біопсія	155	1	12	4.0
2184	Топотекан	10	0	2	0.0
2185	Тореміфен	25	0	4	1.0
2186	Тоцилізумаб	24	0	5	0.0
2187	Трандолаприл	10	0	3	0.0
2188	Трансмісивний механізм передачі інфекції	530	3	35	15.0
2189	Трансплантат	60	0	7	2.0
2190	Трансплантація	995	6	62	28.0
2191	Трансплантація печінки	215	1	16	6.5
2192	Трансплантологія	141	1	31	3.0
2193	Трапецієподібний м'яз	362	4	23	10.5
2194	Трастузумаб	132	0	14	4.0
2195	Трахеїт	1558	21	87	46.0
2196	Трахома	248	1	21	7.0
2197	Трематодози	71	0	8	2.0
2198	Третиноїн	73	0	7	2.0
2199	Третій шлуночок	190	1	19	6.0
2200	Третя пандемія чуми	451	2	45	10.0
2201	Третя холерна пандемія	7	0	3	0.0
2202	Триамцинолон	108	0	9	3.0
2203	Тригексифенідил	105	0	8	3.0
2204	Трийодтиронін	267	1	19	8.5
2205	Трикутник Пирогова	168	1	14	5.0
2206	Тримебутин	68	0	6	2.5
2207	Тримеперидин	126	0	11	3.0
2208	Триметазидин	188	0	14	5.5
2209	Триметоприм	88	0	9	2.0
2210	Трипаносомози	95	0	9	3.0
2211	Трипторелін	19	0	3	1.0
2212	Трифлузал	11	0	3	0.0
2213	Трифлуоперазин	80	0	9	2.5
2214	Трихінельоз	642	8	36	19.0
2215	Трихомоноз	3324	42	165	93.5
2216	Трихоцефальоз	391	2	40	12.0
2217	Трициклічні антидепресанти	432	7	28	13.0
2218	Тріада Гатчінсона	139	0	12	4.0
2219	Трійчастий вузол	37	0	7	1.0
2220	Трійчастий нерв	1743	29	95	56.0
2221	Тровафлоксацин	19	0	4	1.0
2222	Тромбоемболія легеневої артерії	2842	32	178	78.5
2223	Тромбоз	1146	17	63	35.5
2224	Тромбоз глибоких вен	708	8	40	21.0
2225	Тромбофлебіт	1313	6	93	38.0
2226	Тромбоцитопенія	1277	10	68	42.0
2227	Тропісетрон	22	0	8	1.0
2228	Тропічна медицина	22	0	2	1.0
2229	Тропічні хвороби	67	0	6	2.0
2230	Троподифен	6	0	2	0.0
2231	Тропонін	528	1	38	16.0
2232	Туберкульоз	11285	82	740	340.5
2233	Туберозний склероз	125	0	13	3.5
2234	Туляремія	1045	8	73	26.0
2235	Тулярин	7	0	2	0.0
2236	Тяжкий гострий респіраторний синдром	5056	5	612	24.0
2237	Увеїт	403	0	25	12.5
2238	Ударний об'єм	119	0	11	3.0
2239	Українська військово-медична академія	303	2	20	8.0
2240	Українська спілка психотерапевтів	42	0	4	1.0
2241	Український лепрозорій	152	1	11	4.5
2242	Ундециленова кислота	20	0	3	1.0
2243	Урапідил	37	0	5	1.0
2244	Уремія	553	4	37	16.0
2245	Уропепсин	3	0	2	0.0
2246	Устекінумаб	9	0	2	0.0
2247	Фабомотизол	72	0	7	2.0
2248	Фавіпіравір	22	0	4	1.0
2249	Фамотидин	120	0	12	3.0
2250	Фамцикловір	30	0	4	1.0
2251	Фарбування гематоксиліном-еозином	147	0	17	4.0
2252	Фарбування за ван Гізоном	25	0	5	1.0
2253	Фарбування за Романовським—Гімзою	294	2	24	8.0
2254	Фарбування за Цілем — Нільсеном	254	1	22	6.0
2255	Фарингіт	5246	62	283	154.5
2256	Фармацевтика	168	0	14	4.5
2257	Фармація	273	1	18	8.5
2258	Фасціолопсидоз	22	0	3	1.0
2259	Фасціольоз	515	3	34	15.0
2260	Фасція (анатомія)	636	6	51	18.0
2261	Фатальне сімейне безсоння	456	4	30	11.5
2262	Фекально-оральний механізм	860	4	88	18.0
2263	Фексофенадин	78	0	8	2.0
2264	Фелодипін	53	0	9	1.0
2265	Фенетилін	210	0	70	3.0
2266	Фенілбутазон	43	0	6	1.0
2267	Фенілкетонурія	1779	22	114	49.0
2268	Феніндіон	9	0	2	0.5
2269	Фенітоїн	82	0	9	2.0
2270	Феноксиметилпеніцилін	41	0	5	1.0
2271	Фенотерол	93	0	17	2.0
2272	Фенспірид	79	1	5	3.0
2273	Фентиконазол	19	0	2	1.0
2274	Фентоламін	192	0	15	5.0
2275	Феохромоцитома	518	4	32	15.0
2276	Фердинанд фон Гебра	6	0	3	0.0
2277	Фердинанд Штехер	5	0	1	0.0
2278	Фібриляція	349	3	24	11.0
2279	Фіброгастродуоденоскопія	239	1	15	7.0
2280	Фіброзне кільце	81	0	8	2.0
2281	Філатов Володимир Петрович	381	2	30	10.5
2282	Філграстим	38	0	5	1.0
2283	Філіппо Пачіні	18	0	11	0.0
2284	Філяріїдози	161	1	16	4.0
2285	Фінастерид	155	0	11	5.0
2286	Фінголімод	199	0	62	2.5
2287	Флегмона	1131	13	71	32.0
2288	Флекаїнід	42	0	5	1.0
2289	Флувастатин	42	0	16	1.0
2290	Флувоксамін	86	0	11	2.0
2291	Флударабін	8	0	2	0.0
2292	Флуконазол	1011	13	58	27.5
2293	Флуоксетин	758	12	46	22.0
2294	Флупіртин	9	0	1	0.0
2295	Флурбіпрофен	106	0	9	3.0
2296	Флутамід	82	0	8	2.0
2297	Флуфеназин	34	0	4	1.0
2298	Флуцитозин	16	0	3	0.0
2299	Флюоресцентна гібридизація in situ	90	0	18	2.0
2300	Флюпентиксол	59	0	7	2.0
2301	Фозиноприл	26	0	3	1.0
2302	Фолікулярна клітина	116	0	8	3.5
2303	Фолікулярний рак щитоподібної залози	134	0	10	3.0
2304	Фондапаринукс	18	0	4	0.0
2305	Формотерол	51	0	5	2.0
2306	Фосампренавір	4	0	2	0.0
2307	Фоскарнет	47	0	6	1.0
2308	Фосфазид	3	0	1	0.0
2309	Фосфоміцин	244	2	18	6.5
2310	Фотемустин	6	0	2	0.0
2311	Фрамбезія	168	1	12	4.5
2312	Фраміцетин	52	0	5	1.0
2313	Франц Бабель де Фронсберґ	13	0	7	0.5
2314	Франц де Пауля Нойгаузер	2	0	1	0.0
2315	Фрідріх Гаас	21	0	2	1.0
2316	Фрідріх Фюллеборн	4	0	1	0.0
2317	Фріц Шаудін	4	0	1	0.0
2318	Фталилсульфатіазол	57	0	5	2.0
2319	Фтивазид	30	0	4	1.0
2320	Фторлак	15	0	3	1.0
2321	Фторхінолони	599	4	38	18.0
2322	Фузафунгін	48	0	6	1.0
2323	Фузидова кислота	48	0	5	1.0
2324	Фузоспірохетозний фарингіт	195	0	14	6.0
2325	Фульвестрант	22	0	4	1.0
2326	Фуразидин	107	0	9	3.0
2327	Фуразолідон	191	0	16	5.0
2328	Фурункульоз	3352	73	148	102.5
2329	Хантавірусний легеневий синдром	32	0	3	1.0
2330	Харчові отруєння	1218	5	93	33.0
2331	Хасімото Хакару	5	0	1	0.0
2332	Хвороба «рука-нога-рот»	323	2	22	10.0
2333	Хвороба Альцгеймера	6097	101	430	171.0
2334	Хвороба Андерсен	19	0	5	0.0
2335	Хвороба Боуена	207	1	18	6.0
2336	Хвороба Верльгофа	1044	8	74	30.0
2337	Хвороба Вільсона	891	7	52	27.0
2338	Хвороба Вільяма Александера	86	1	6	3.0
2339	Хвороба Гантінгтона	906	14	52	25.0
2340	Хвороба Гюнтера	89	0	12	2.0
2341	Хвороба Іценка — Кушинга	681	5	46	20.0
2342	Хвороба К'ясанурського лісу	25	0	7	1.0
2343	Хвороба Канавана	108	0	11	3.0
2344	Хвороба Каслмена	65	0	11	4.5
2345	Хвороба котячих подряпин	909	11	50	27.0
2346	Хвороба Кройцфельда — Якоба	506	5	32	15.0
2347	Хвороба Лайма	16578	51	4254	191.5
2348	Хвороба Менкеса	50	0	6	2.0
2349	Хвороба Паркінсона	6521	105	529	181.5
2350	Хвороба Пейроні	193	0	13	6.0
2351	Хвороба Пертеса	501	3	37	14.5
2352	Хвороба Пламмера	0	0	0	0.0
2353	Хвороба Рандю — Ослера	212	1	25	6.0
2354	Хвороба Рейно	2167	29	120	71.0
2355	Хвороба Росаі — Дорфман	13	0	3	1.0
2356	Хвороба Тея — Сакса	468	6	33	14.5
2357	Хвороба Фарбера	28	0	5	1.0
2358	Хвороба Шагаса	273	2	22	7.5
2359	Хвороба Шамберга	127	0	10	3.0
2360	Хвороба, яку спричинює багатокамерний ехінокок	19	7	12	9.5
2361	Хвороба, яку спричинює вірус Ебола	3027	15	294	41.0
2362	Хвороба, яку спричинює вірус Зіка	256	0	32	7.0
2363	Хвороба, яку спричинює вірус Марбург	196	0	20	4.0
2364	Хвороба, яку спричинює вірус Ніпах	37	0	5	1.0
2365	Хвороба, яку спричинює вірус Хендра	35	0	5	1.0
2366	Хвороби, що передаються статевим шляхом	5040	41	320	174.0
2367	Хвостате ядро	74	0	10	2.0
2368	Хидей Ногучі	8	0	2	0.0
2369	Хілоторакс	114	0	10	3.5
2370	Хілурія	66	0	7	2.0
2371	Хінідин	77	0	10	2.0
2372	Хінолони	148	0	11	4.0
2373	Хірургічна операція	1016	10	65	29.5
2374	Хірургія	571	6	30	16.5
2375	Хіфенадин	30	0	4	1.0
2376	Хламідійна лімфогранульома	431	5	29	14.0
2377	Хламідіоз	6180	50	504	190.0
2378	Хлорамбуцил	20	0	3	0.5
2379	Хлорамфенікол	400	3	28	10.5
2380	Хлордіазепоксид	37	0	3	1.0
2381	Хлоропірамін	101	0	10	2.5
2382	Хлорохін	53	0	5	1.5
2383	Хлорфенамін	199	1	13	6.0
2384	Хлорхінальдол	17	0	3	0.5
2385	Холангіт	495	3	37	16.5
2386	Холера	3065	22	177	97.5
2387	Холерний вібріон	342	1	38	9.5
2388	Холестатичний синдром	672	7	37	19.0
2389	Холецистектомія	301	1	22	9.5
2390	Хоменко Григорій Гнатович	26	0	4	1.0
2391	Хондрит (хвороба)	18	0	4	1.0
2392	Хоріонічний гонадотропін	1699	14	92	55.0
2393	Хоріосклероз	87	0	7	2.0
2394	Хржонщевський Никанор Адамович	89	0	23	2.0
2395	Хромафінні клітини	23	0	2	1.0
2396	Хромомікоз	51	0	6	1.0
2397	Хронічна ниркова недостатність	700	4	53	19.0
2398	Хронічний гастрит	586	4	36	18.0
2399	Хронічний гепатит	419	0	29	13.0
2400	Хронічний лімфолейкоз	404	1	30	11.5
2401	Хронічний мієлоцитарний лейкоз	165	0	15	4.5
2402	Хронічний панкреатит	1001	15	54	30.0
2403	Цві Ларон	9	0	4	0.0
2404	Целекоксиб	233	1	18	6.0
2405	Целіакія	1048	8	88	32.5
2406	Центральний госпіталь Міністерства внутрішніх справ України	514	5	32	17.0
2407	Центральний госпіталь Служби безпеки України	424	1	25	13.5
2408	Центральний клінічний госпіталь Державної прикордонної служби України	346	2	27	9.5
2409	Ценуроз	33	0	4	1.0
2410	Церивастатин	15	0	5	0.0
2411	Цетиризин	249	3	14	8.0
2412	Цетуксимаб	25	0	4	1.0
2413	Цефадроксил	48	0	6	1.0
2414	Цефазолін	141	0	11	5.0
2415	Цефаклор	32	0	3	1.0
2416	Цефалексин	132	0	15	3.5
2417	Цефалоспорини	786	8	49	21.0
2418	Цефалотин	16	0	4	0.0
2419	Цефамандол	11	0	4	0.0
2420	Цефепім	116	0	9	4.0
2421	Цефіксим	297	4	19	8.5
2422	Цефоперазон	82	1	11	2.0
2423	Цефотаксим	267	0	18	8.0
2424	Цефпірамід	11	0	2	1.0
2425	Цефпіром	38	0	6	1.0
2426	Цефподоксим	280	1	20	8.5
2427	Цефпрозил	25	0	4	1.0
2428	Цефрадин	15	0	3	0.0
2429	Цефтазидим	49	0	5	2.0
2430	Цефтаролін	53	0	7	2.0
2431	Цефтібутен	16	0	4	0.0
2432	Цефтізоксим	10	0	2	0.0
2433	Цефтобіпрол	49	0	6	1.5
2434	Цефтріаксон	1461	20	77	50.0
2435	Цефуроксим	283	2	25	8.5
2436	Цеце	451	4	28	14.0
2437	Цидофовір	19	0	3	0.0
2438	Цизаприд	82	0	33	2.0
2439	Циклосерин	32	0	5	1.0
2440	Циклоспорин	143	0	18	4.0
2441	Циклоспороз	17	0	2	1.0
2442	Циклофосфамід	96	0	9	3.0
2443	Цилазаприл	8	0	1	0.0
2444	Цилостазол	59	0	5	2.0
2445	Циметидин	87	0	8	2.0
2446	Цинаризин	275	2	24	7.5
2447	Ципрогептадин	63	0	6	2.0
2448	Ципротерон	68	0	6	2.0
2449	Ципрофлоксацин	1059	9	67	31.5
2450	Цироз печінки	2187	31	117	64.5
2451	Цисплатин	89	0	13	2.5
2452	Цистит	3412	40	164	105.0
2453	Цистицеркоз	509	7	35	15.0
2454	Циталопрам	104	0	9	3.0
2455	Цитарабін	36	0	13	1.0
2456	Цитиколін	206	0	13	6.0
2457	Цитомегаловірус	1816	19	95	55.5
2458	Цитомегаловірусна інфекція	1503	18	78	45.0
2459	Ціп'як бичачий	1588	16	140	41.5
2460	Ціп'як свинячий	841	11	61	22.0
2461	Ціп'як собачий	116	0	8	3.0
2462	Цукровий діабет	8407	117	512	252.0
2463	Цукровий діабет тип 1	743	7	63	20.0
2464	Цукровий діабет тип 2	3342	59	177	98.5
2465	Цуцугамуші	57	0	8	1.0
2466	Чарльз Донован	0	0	0	0.0
2467	Червоне ядро	93	0	9	3.0
2468	Черевний тиф	2378	26	152	68.5
2469	Черепні нерви	2261	19	142	60.0
2470	Черепно-мозкова травма	1914	16	132	48.5
2471	Чернов Василь Єгорович	13	0	3	1.0
2472	Четверта холерна пандемія	8	0	5	0.0
2473	Четвертий шлуночок	160	1	19	4.0
2474	Чікунгунья	82	0	7	2.0
2475	Чоловіча статева система	6978	110	281	213.5
2476	Чорна речовина	141	0	11	3.0
2477	Чорна смерть	5315	33	537	97.5
2478	Чорна Тамара Трохимівна	10	0	1	1.0
2479	Чума	15124	102	1116	400.0
2480	Чума Юстиніана	783	4	100	16.0
2481	Чумна паличка	319	3	23	8.0
2482	Шагома	11	0	5	0.0
2483	Шарлотта Кліверлі-Бісман	52	0	20	1.0
2484	Шарль Манту	18	0	4	1.0
2485	Шевчук Віктор Григорович	26	0	4	1.0
2486	Шигела Бойда	5	0	1	0.0
2487	Шигела Зонне	100	0	10	3.0
2488	Шигела Флекснера	30	0	5	1.0
2489	Шигельоз	1029	12	72	33.0
2490	Шизофренія	10111	225	407	320.0
2491	Шийний відділ хребта	1104	8	68	34.0
2492	Шина (медицина)	315	0	30	9.0
2493	Шистосомози	223	2	20	6.0
2494	Шия	548	3	35	15.5
2495	Шкала Франкеля	106	0	22	2.0
2496	Шкурба Андрій Вікторович	44	0	8	1.0
2497	Шлунково-кишкова кровотеча	1685	15	111	48.5
2498	Шлунок	3094	32	158	92.0
2499	Шок (медицина)	2448	10	174	68.0
2500	Шоста холерна пандемія	14	0	2	1.0
2501	Шпательний тест	14	0	3	1.0
2502	Шпиталь	261	1	30	6.0
2503	Щербак Юрій Миколайович	389	3	32	11.0
2504	Щитоподібна залоза	4739	62	222	130.5
2505	Щитоподібний хрящ	137	0	15	3.5
2506	Щитошийний стовбур	32	0	3	1.0
2507	Щока	95	0	8	3.0
2508	Юкстагломерулярний апарат	166	1	15	5.0
2509	Юстинус Кернер	4	0	3	0.0
2510	Яворовський Олександр Петрович	22	0	2	1.0
2511	Ядро Едінгера-Вестфаля	20	0	3	1.0
2512	Ядро лицевого нерва	38	0	6	1.0
2513	Ядро одинокого шляху	32	0	5	1.0
2514	Ядро окорухового нерва	21	0	6	1.0
2515	Язикова артерія	50	0	6	1.5
2516	Язикова вена	14	0	2	1.0
2517	Яйцеклітина	5435	24	477	153.5
2518	Ящур	644	7	64	17.5
2519	Aedes albopictus	21	0	7	0.0
2520	Anoplura	104	0	7	3.0
2521	ATC код A	33	0	7	1.0
2522	ATC код B	11	0	2	0.0
2523	ATC код C	23	0	5	1.0
2524	ATC код G	15	0	4	0.0
2525	ATC код H	6	0	1	0.0
2526	ATC код J	11	0	2	0.0
2527	ATC код L	15	0	3	0.0
2528	ATC код N	26	0	11	0.5
2529	ATC код P	11	0	4	0.0
2530	ATC код S	7	0	1	0.0
2531	BMJ	46	0	6	1.0
2532	BRCA1	79	0	7	2.5
2533	Chlamydophila psittaci	41	0	5	1.0
2534	Clostridium botulinum	238	2	18	6.5
2535	D-димер	758	4	48	23.0
2536	Déviation conjuguée	20	0	3	1.0
2537	Echinococcus multilocularis	13	4	9	6.5
2538	Francisella tularensis	58	0	7	1.0
2539	G-клітина	25	0	4	1.0
2540	H5N1	351	0	40	5.0
2541	Helicobacter pylori	2254	31	107	68.5
2542	HeRAMS	10	0	3	0.0
2543	International Trauma Life Support	27	0	5	1.0
2544	Medscape	52	0	8	1.0
2545	Mycobacterium ulcerans	12	0	3	0.0
2546	OMIM	109	0	21	3.0
2547	Plasmodium falciparum	76	0	9	2.0
2548	Plasmodium knowlesi	32	0	4	1.0
2549	Plasmodium malariae	180	0	15	5.0
2550	Plasmodium ovale	48	0	6	1.0
2551	Plasmodium vivax	83	0	7	2.0
2552	PubMed	293	1	15	9.5
2553	SAMPLE	90	0	12	2.0
2554	Shigella dysenteriae	26	0	3	1.0
2555	Tc-99m-MIBI	16	0	2	1.0
2556	Terminologia Anatomica	21	0	3	1.0
2557	The Lancet	55	0	8	1.0
2558	Torch-інфекції	3041	32	154	100.5
2559	UniProt	21	0	3	0.0
2560	Whonamedit?	6	0	2	0.0
2561	Yersinia enterocolitica	123	0	11	3.0
2562	Yersinia pseudotuberculosis	50	0	10	1.0
2563	ZMapp	6	0	2	0.0
